100
38721 18065
12325 2966
28018 3804
1433 36607
38759 17054
9568 21701
21543 28979
35952 35399
694 42132
32678 26520
23708 70
30994 3518
14556 8000
43325 29669
4620 5075
20344 19672
33752 19210
34448 11609
23001 10293
18610 24786
13594 38524
15807 16562
14190 40022
38648 34500
6323 34526
11565 25239
13922 5793
50851 570
35915 14289
33007 47581
1857 36779
5261 15408
6875 3899
28864 6352
3169 38000
38478 39575
9290 18329
10990 20368
33475 44377
18880 18177
25448 37491
3323 11288
34358 5335
45277 13695
8514 18200
1967 22600
26027 30807
8636 12206
22645 14816
4183 23123
18279 36779
29019 9938
18620 36815
32026 34380
28681 31131
3939 6140
16628 28907
8596 20519
22295 39037
45865 17146
17820 48842
26346 5519
37503 27008
2785 3213
25256 5462
32734 4489
11485 10138
1486 14257
24329 20626
7712 8544
13808 8149
1710 18514
34848 2271
14437 34804
5060 12500
1746 11724
24457 15330
17702 22633
31583 27281
30825 14660
50146 8241
31511 4794
18429 7625
3095 19314
26002 36167
33300 18420
17242 50810
40600 29728
31356 22063
6023 34031
25382 26347
12826 7387
19062 25613
17594 28541
20521 12057
12119 9189
21159 6039
32158 12668
18628 29625
19169 12828
