100
99 1920
196 29725
474 31408
511 28518
589 21450
750 14843
767 9529
933 24965
948 10965
1140 12881
1159 7319
1177 10764
1336 12500
1395 28663
1723 35672
1789 26956
1833 16236
1855 18929
1911 4925
2126 13962
2159 11925
2311 5031
2402 10966
2660 5325
3062 13574
3169 4271
3236 22115
3244 10931
3380 4914
3484 11118
3619 23851
3623 34978
3675 6400
3708 22339
3736 14419
3920 5051
4019 18692
4142 31411
4161 11585
4361 11051
4598 19071
4600 9082
4678 6484
4813 12327
4849 16665
4870 9894
5183 13273
5225 5395
5633 20379
5697 25853
5723 22444
5877 15163
6075 15624
6170 21976
6260 26576
6303 8262
6486 23884
6524 9614
6703 16493
7295 11298
7564 14712
7582 17168
7635 28543
7689 9468
7886 12918
8008 22337
8283 18007
8560 15592
8631 10455
8834 23734
9115 30603
12015 15308
12253 30797
12419 19146
12574 23626
12578 20333
12732 12823
12812 26032
12994 26396
13129 17803
13154 20579
14341 17962
14523 26685
15003 24714
15280 29454
16783 26917
17113 30331
17303 18604
17358 30229
17791 22108
19125 25632
19280 22124
19790 22506
20260 32989
20917 25580
23341 23998
23492 23736
24589 27053
24953 25042
27347 30927
