100
12856 15569
17001 10960
3348 2474
1171 4480
1801 1817
23653 22546
8437 317
3101 4972
2921 394
4950 1808
10443 16882
4944 454
9335 15604
5940 8382
766 5835
23226 21408
14455 12669
22558 22281
11857 9815
1828 7768
19978 20481
2001 4918
20460 20035
2962 6570
3596 3718
7767 1765
14001 17225
6268 1319
9280 12815
22034 21280
3019 6773
16340 11052
24925 22389
13439 14876
5062 2079
14015 15099
16093 16888
11101 10697
7916 3549
3774 1164
16784 9822
18652 18038
14769 17199
12454 13845
5692 3861
9728 17543
4479 6580
13609 17511
15209 15339
13868 15761
4123 3897
12263 13967
24037 21507
10540 16962
9940 12559
1587 7849
562 7893
10731 12511
16901 12036
9725 11709
8180 1217
3664 8464
6752 3198
10562 10187
14067 17366
9692 15490
5761 3277
5633 415
9601 16852
13688 8971
8418 2747
15197 16884
17129 9704
16873 14600
9917 14982
1536 3959
15359 14346
8685 5854
5214 66
12385 12942
6872 5637
17080 10045
2983 586
20841 23475
8001 5742
17254 17568
10135 13346
2254 61
1907 5847
8018 6727
2954 6751
5795 7502
9669 15820
9888 17421
4169 5609
10126 11860
11971 9142
22940 21608
13703 17047
3762 785
