100
11338 33209
24214 8566
23143 18232
18188 11428
36674 25479
9852 26281
8425 8056
9938 27271
7659 16507
34087 2316
34905 32685
9036 1335
22407 12311
16982 14704
21439 4475
26360 13369
10616 9075
6219 26593
9958 3186
21417 27556
9264 13557
34590 13564
29523 16776
2192 19180
27597 5717
20283 6241
28303 18030
13522 22643
14094 749
29733 12841
37282 34327
36053 29226
6842 23641
35714 2202
2009 17180
6507 25172
9422 23082
621 7056
15557 6608
14684 25032
14448 15232
8248 29132
14043 30127
8609 26629
32259 13152
20460 21623
28982 18545
23236 12940
19686 12464
24927 34524
8671 26688
27487 33360
9352 31481
32993 15071
34869 22910
3360 24247
35583 18099
21770 27886
36619 20618
28581 12428
26414 15615
22738 20962
3125 13758
14736 1926
22342 20973
28736 28308
19945 21803
17263 9026
25080 20813
28006 24594
26678 26552
31541 36477
20330 36511
31506 17919
29570 36531
19542 23289
32423 10555
2880 404
8417 15721
33668 37566
19292 17651
5441 34809
5661 13307
9340 32323
18539 26947
12145 28792
21105 36832
18995 9898
837 26419
31932 31019
6018 18969
24594 32915
1732 21366
29080 31517
32084 1903
12085 30915
8849 34584
23934 2703
31063 21422
5280 26814
