100
258 19034
303 22787
351 8080
443 22489
511 3231
535 2285
608 4810
769 1334
988 6841
1157 3707
1172 15855
1377 6088
1424 21781
1477 20715
1660 19723
1725 16126
1812 4499
1906 21245
1940 5062
2235 3796
2266 19468
2596 15397
2602 22094
2885 11100
3040 20597
3064 16113
3184 14876
3206 16040
3251 19415
3273 23936
3280 21433
3296 25886
3627 11005
3976 21749
4088 21147
4152 20742
4342 7366
4370 20051
4485 13404
4514 14224
4552 20788
4668 24567
4772 14468
6084 13261
6396 13108
6442 13943
6503 19627
7008 22671
7873 24253
8024 15881
8100 21326
8162 16558
8646 21455
8697 19774
9044 19889
9077 15734
9090 19304
9492 13347
9915 12647
10399 15729
10581 10607
10645 22148
10690 25631
10962 15006
10990 12617
11286 22605
11369 19633
11770 25976
11974 15533
12058 21205
12106 23848
12382 18185
12589 18078
12633 18142
13063 15977
13276 14407
13352 23077
14092 20962
14319 15915
14630 20145
15258 19887
15300 19274
15626 20908
15875 18439
16477 21465
16774 20521
16804 25213
17228 22795
17728 20396
17884 18253
19095 26445
19296 21374
19357 24360
19525 25240
19537 20155
20356 26195
20575 25953
21454 25146
22071 23374
24810 26005
