100
12956 11747
5230 4780
4978 16585
137 9205
4179 16256
10180 13801
17220 11075
16301 13905
9008 11905
2303 18791
7080 686
19320 19005
2222 5138
18883 5693
1652 4578
10602 14736
17478 12234
867 4069
15343 13449
6090 18098
20734 13515
15988 10993
5128 11850
16625 8724
56 6389
12414 20819
2295 961
287 13995
15202 1771
8819 14157
17052 11092
19777 9258
18888 21979
15717 6124
14950 19942
18776 21785
554 10757
6138 2855
10470 7675
5648 753
19526 17195
8684 523
831 7957
4487 10793
20379 22627
7669 19874
11585 3703
12272 4195
20702 18072
14790 9781
12123 8738
8726 8821
11078 19202
9633 17861
21344 21104
18616 2
9848 1309
12470 2953
3698 17178
4296 6573
1439 7341
4269 19599
21489 19861
4023 16796
16205 132
16031 14529
14114 5109
4990 8399
7032 3567
13368 13160
5795 17711
8278 1404
5175 5489
20466 2260
5362 1756
8134 16810
42 17878
21645 226
2476 10093
14273 19904
12149 13739
10354 21788
15940 1618
2533 1057
8556 5327
7105 11278
15097 13927
3665 14818
18329 7575
18622 9914
13484 9796
959 5099
243 3444
504 7234
20671 14360
15438 4071
12319 17134
5451 6326
20323 14803
4153 8582
