100
211 12225
459 11593
479 939
673 35825
980 32674
1208 20009
1591 19406
1621 28155
1850 26859
2118 3409
2124 31023
2458 23031
2582 21160
2619 12954
2662 6800
3190 27422
3273 8368
3338 16741
3494 12805
3604 26268
3762 29701
3835 21773
4703 15564
4945 13872
6018 12718
6073 26859
6366 17470
6395 32861
6611 27493
6641 28488
6890 22625
7487 9291
7548 27180
7719 29723
7740 33686
7914 33422
7961 12749
8270 25778
8543 24464
8564 29889
8876 14190
8908 30182
9245 35402
9346 20779
9668 15307
9805 17005
10108 23369
10202 17592
10371 35330
10870 12730
10927 13026
11142 29069
11178 22984
11316 22717
11638 33379
11782 26767
12506 20585
12529 22128
12577 36254
13718 18643
13843 23318
13878 25332
13911 21638
14283 16022
14293 17675
14433 31873
14440 27432
14494 14961
15148 30658
15157 15266
15765 30976
16276 20194
16614 29042
16942 23100
17235 36469
17606 33539
18401 32959
18644 33579
18669 36312
19360 26802
19426 32632
19799 34162
20674 29931
20795 36376
20870 22331
21040 23015
21372 25155
21382 36004
21429 28715
21573 28148
22355 32190
22539 25658
22960 26129
24887 25827
25059 32709
25314 26655
27040 32240
27047 30855
29361 34859
33439 36418
