100
17 3626
25 5591
27 907
246 3256
295 6000
365 7189
375 7774
399 4006
461 1034
503 1117
522 4036
529 10003
551 619
558 4003
625 4344
737 1654
791 1434
815 4110
864 3340
876 5616
900 5619
919 9557
961 8529
971 4383
974 5419
1145 5076
1164 6653
1167 4081
1206 8066
1332 6145
1361 8786
1372 5865
1372 9027
1395 4061
1419 4948
1421 5209
1522 7117
1629 4510
1640 7589
1735 5204
1736 6932
1824 3772
1826 7052
1929 7719
1944 2172
1949 7412
2165 6843
2381 3845
2435 6109
2449 5664
2559 6075
2657 4639
2689 3930
2783 6728
2787 3784
2866 5582
2874 3210
2926 4357
3122 8199
3317 5518
3449 5886
3555 8066
3558 4896
3574 9245
3593 10526
3768 4225
3809 5003
3871 5268
3911 6124
3963 7614
4054 6806
4290 7990
4344 8022
4357 5443
4724 6201
4931 8277
4935 5122
5069 7113
5113 9365
5215 6636
5241 6551
5361 8610
5611 8529
5727 6804
5886 6944
5915 6948
5928 6866
6319 7079
6411 10177
6463 6784
6463 7068
6756 6958
6878 8393
6989 8076
7040 7156
7174 10184
7768 7901
7898 8601
8444 8469
8599 8929
