100
28202 4665
104069 100737
21658 7087
6371 24619
50463 27863
7598 51955
25538 23703
91000 100955
28203 62798
70457 89944
59512 43584
80220 37459
57029 47257
91323 78102
93733 25717
9054 58581
11432 98877
112994 91451
10315 64190
25080 85075
56698 51073
48362 2890
53305 77535
48966 73247
32511 103787
24417 112560
26427 24089
48553 78511
31922 2743
65423 27804
5812 51117
88934 34796
64480 63883
22905 56926
44676 37187
14470 61976
112887 11339
113915 78826
37766 56336
49669 103239
87271 10712
78815 112514
19940 79714
60642 102929
55973 43715
12179 17112
43220 86912
17804 51145
108428 38221
64888 59340
48848 93426
93175 926
27762 61758
14117 42029
30067 97241
28725 28383
79910 8818
49463 27019
29881 26422
59971 11651
51764 9244
26369 40991
31915 34247
53818 93472
86223 49072
31322 104357
73507 48855
32059 76757
10327 3331
44252 22070
23838 40879
32634 66750
20817 8026
33415 98350
54612 76996
32465 31141
35118 40091
16019 58289
35392 77032
56407 57331
83134 15187
8755 34748
40049 27958
37439 28010
49888 4779
29844 85721
77410 37524
56416 32940
66777 36181
1367 4618
11529 94520
93491 111316
47564 84242
68812 54880
40336 85491
63854 85833
82212 104608
37163 90993
64183 59066
44221 84841
