100
124 1627
348 23470
932 4079
1055 47503
1313 19386
1466 10176
1522 6120
1717 43736
1748 16802
1868 18168
1876 36764
2119 22194
2378 12500
2593 14985
2798 7284
2855 2872
2870 40550
2965 41503
3267 18262
3339 41688
3410 5991
3512 7477
3619 36132
3743 29873
3818 34778
4166 35188
4985 23318
5175 19938
5336 35132
5652 6250
5697 22200
6168 10149
6410 22173
6676 46160
6842 48196
7299 50862
7300 16833
7516 44838
7810 46154
7944 31087
8463 40490
8722 21919
9097 42509
9451 49869
11056 21087
11383 36880
11751 15034
12032 22553
12063 40550
12537 47265
12567 18329
13046 24966
13436 18666
13667 16422
13760 39438
14348 15773
14687 42199
14978 30592
15065 49416
15210 42030
15950 19791
16404 25814
16862 46446
17390 45198
17573 35992
17838 45916
19304 48040
19400 31020
19571 41014
19819 26014
20250 43496
20367 29374
20634 28286
20795 37545
21135 32240
21267 25931
22250 30581
24720 29325
25718 26646
26618 27858
27036 48078
27334 35618
27924 35139
28163 28928
28179 29210
28647 32236
28658 40488
28887 49982
31135 39924
31426 38443
31548 31802
32329 38399
32428 40451
32713 44713
32741 34082
35170 44097
35626 48773
37063 48521
38760 50208
44501 50473
