100
12 4882
17 642
294 4131
421 984
453 3312
503 1526
548 4145
603 5088
616 7879
654 3041
703 2438
817 7052
821 1514
919 7702
934 1016
943 1720
943 2770
981 9159
1001 6186
1003 1475
1029 2763
1038 5547
1108 3641
1167 2760
1168 7739
1179 4980
1215 6826
1268 8513
1269 8560
1334 5361
1349 8056
1380 7710
1529 4086
1652 1657
1738 6761
1885 3697
1924 4115
1952 3421
1966 2963
2027 7337
2030 7700
2241 3021
2247 2338
2271 3449
2335 5967
2442 7481
2473 4417
2578 6199
2936 3282
2970 8037
2998 5837
3000 4146
3030 9639
3049 6747
3261 3348
3304 3613
3316 4186
3316 4566
3455 3694
3523 4536
3545 3737
3559 5084
3613 4204
3632 6083
3745 4028
3787 7876
3794 4593
3993 6217
4019 6710
4053 7709
4081 7917
4123 5760
4379 6607
4410 6647
4879 6069
4888 9042
5252 7110
5363 7672
5367 9212
5373 7915
5958 7462
6002 6608
6028 7513
6028 9785
6030 8437
6031 6764
6056 9006
6132 7526
6608 7337
6609 8594
6707 8005
6807 7740
7041 7872
7326 7901
7430 9202
7509 7915
8394 9158
8455 8525
9158 9712
9317 9452
