100
1 10266
515 6027
541 6916
550 10326
554 8439
617 5107
669 10610
705 8454
707 9093
708 5351
714 752
725 1985
729 6968
758 4932
762 5852
764 5954
782 3369
812 813
1489 7359
1492 6043
1541 3172
1577 4321
1581 6449
1583 4670
1609 3162
1612 3107
1690 5206
2095 10252
2660 2776
2793 2802
2805 8521
2874 4108
3011 10288
3012 7516
3014 5879
3015 11135
3025 5941
3028 8475
3096 4290
3175 6027
3224 4301
3227 10214
3344 3404
3377 10262
3404 9883
3674 5288
3675 3889
3685 6663
3700 8451
3758 3761
3850 6968
3894 9096
4108 11323
4113 5080
4151 10296
4312 9878
4322 7372
4356 5210
4357 5470
4360 9107
4521 4641
4528 10641
4887 5635
5053 5060
5119 9407
5131 10640
5142 10208
5329 10309
5340 6915
5350 11130
5507 10546
5511 10225
5561 9119
5573 7363
5705 10694
5715 8440
5738 7753
5921 7849
5946 7846
5979 9985
5980 10299
6042 10523
6127 11327
6138 9977
6275 6969
6293 6674
6447 9409
6671 11189
6679 10207
6969 10607
7380 7936
7694 7699
7759 10215
7874 8489
7881 10068
8455 10281
9166 9172
9949 10516
10269 11303
10279 10299
