100
330 331
1062 3590
1100 3366
1101 2892
1105 3581
1157 3189
1193 3739
1200 3203
1228 3994
1231 1339
1277 3568
1320 3828
1339 3493
1346 1996
1352 1702
1400 3173
1484 3641
1499 3940
1541 1943
1640 3631
1667 1943
1704 2056
1964 3753
2026 3915
2070 2862
2079 2087
2794 3684
2848 2849
2894 3529
3278 3641
3281 3476
3307 3949
3767 3773
3820 4000
4325 5579
4467 5132
4559 5012
4568 4778
4632 5904
4676 5381
4745 6175
4749 6203
4776 5336
4801 6157
4833 4919
4955 6477
5171 5298
5197 5822
5289 6127
5361 5376
5451 5744
5509 6207
5594 6216
5642 6455
5808 6342
6440 6453
6548 11101
10308 13854
10336 12988
10474 13500
10587 13049
10633 11725
10662 10782
10681 11433
10734 12638
10826 12998
10916 12894
10921 12054
10965 12746
11199 12544
11202 13971
11505 13636
11594 13786
11667 12129
11716 12944
11839 15409
12005 12238
12069 13392
12145 13124
12184 12320
12205 12714
12231 12321
12234 12675
12471 13587
12704 12994
12775 12826
12809 13339
12812 13285
12969 13836
13089 13996
13098 13932
13180 13245
13356 13733
13365 13368
13457 13872
13495 15211
13517 14683
13594 13717
13891 15387
14680 15706
