100
16 7335
50 708
51 6571
65 5104
169 994
176 3080
177 203
179 3425
185 4400
316 4733
359 7401
502 6845
544 5775
574 3772
581 851
686 4001
687 4672
688 7724
793 6994
801 2009
814 2429
864 3404
932 1668
960 5126
1041 8132
1078 5309
1132 2821
1137 5605
1166 7795
1188 8286
1200 3912
1278 3785
1280 7649
1281 7701
1390 2416
1492 6864
1495 1714
1495 3971
1585 7688
1594 5151
1605 6873
1626 7317
1652 6176
1742 3255
1764 4460
1811 3127
1830 7583
1920 2452
1935 3127
1955 3806
2054 7436
2060 6620
2063 3977
2097 3823
2161 2501
2193 2381
2309 6676
2309 8028
2328 6503
2338 2475
2397 3443
2435 2645
2503 4379
2508 4435
2508 5176
2541 3914
2550 4043
2746 6246
2765 6184
2789 6504
2822 4912
2988 4988
3075 6299
3449 5614
3453 6524
3496 6711
3506 7128
3516 4078
3520 6707
3522 4070
3544 3744
3717 4862
3924 4653
4234 6974
4295 4566
4314 8224
4342 4460
4422 6109
4511 5539
4534 5658
4605 6307
4750 7056
4799 5835
5114 7381
5238 6023
5582 6788
5886 6545
5952 7380
6286 7484
6707 7565
