5000
54921 0.396
5341 0.678
24878 0.898
24249 0.317
17862 0.257
46548 0.227
40091 0.003
1990 0.730
8260 0.037
12442 0.870
3697 0.929
43625 0.162
57524 0.137
51421 0.368
46158 0.512
46946 0.234
29257 0.400
29268 0.897
52067 0.604
47167 0.025
17074 0.540
13142 0.113
36769 0.621
47655 0.376
30671 0.746
37040 0.631
40214 0.451
57068 0.695
12299 0.448
7633 0.117
28328 0.991
47217 0.291
16491 0.771
36212 0.463
49842 0.744
28298 0.286
44810 0.646
46754 0.849
45432 0.232
33258 0.236
44923 0.610
45698 0.439
49380 0.465
45855 0.252
49924 0.143
52369 0.886
8278 0.407
53212 0.419
23985 0.428
2569 0.245
11722 0.759
36370 0.948
27983 0.556
43730 0.974
12695 0.001
48543 0.157
13844 0.093
46135 0.104
55284 0.525
46973 0.518
8793 0.195
40529 0.491
33576 0.706
55480 0.696
36571 0.164
12206 0.596
8026 0.411
48853 0.950
18872 0.076
51279 0.760
42313 0.962
45350 0.614
1784 0.592
30626 0.523
57807 0.361
45151 0.944
48288 0.242
24074 0.649
44238 0.068
16534 0.942
34765 0.197
38982 0.018
47449 0.798
22762 0.171
42518 0.622
53661 0.749
47934 0.699
28616 0.730
54465 0.247
26301 0.165
34251 0.419
788 0.121
55435 0.174
23084 0.612
7428 0.425
52470 0.415
21687 0.077
24705 0.023
49827 0.511
46122 0.905
43051 0.401
35929 0.480
37216 0.457
37931 0.172
38762 0.760
25406 0.026
9051 0.875
31729 0.058
29199 0.035
28689 0.419
45166 0.583
31888 0.635
15755 0.390
33464 0.867
47113 0.955
43030 0.294
43029 0.817
4870 0.838
26951 0.485
54028 0.905
42607 0.117
4644 0.621
1761 0.569
23121 0.718
120 0.213
49830 0.442
50723 0.808
32951 0.320
6689 0.468
11815 0.471
35428 0.707
28434 0.953
52118 0.850
29814 0.860
33705 0.621
48911 0.674
52962 0.097
49384 0.341
14197 0.868
54071 0.805
53579 0.629
13144 0.738
36506 0.957
12579 0.386
30106 0.067
22131 0.905
29469 0.741
16394 0.817
13986 0.685
42467 0.382
206 0.808
48471 0.179
1048 0.187
19533 0.484
36407 0.581
15469 0.833
39250 0.623
23999 0.247
6051 0.268
48130 0.475
48147 0.306
5929 0.385
28959 0.356
17894 0.261
14307 0.274
10521 0.515
24408 0.755
42207 0.709
475 0.673
6146 0.732
23307 0.247
27167 0.484
11588 0.942
50031 0.583
31481 0.574
23843 0.516
18549 0.751
9642 0.045
12603 0.764
7681 0.824
32924 0.404
54948 0.586
39578 0.352
7782 0.644
10521 0.246
47868 0.675
21308 0.706
15884 0.369
38610 0.440
15887 0.963
52703 0.503
23298 0.512
44620 0.333
43170 0.249
51392 0.707
41225 0.329
49119 0.627
32818 0.911
11389 0.070
9302 0.807
8998 0.159
52481 0.423
54181 0.460
48850 0.420
21826 0.384
30603 0.964
35595 0.249
4988 0.915
58172 0.093
5905 0.893
15199 0.681
1909 0.763
36078 0.677
58042 0.860
12136 0.473
5876 0.909
41036 0.246
13384 0.009
41858 0.843
41975 0.425
48406 0.700
28607 0.834
2071 0.559
27856 0.413
13497 0.069
5168 0.276
51597 0.086
33432 0.182
11364 0.147
55649 0.557
43426 0.646
31021 0.628
53514 0.248
36789 0.412
10426 0.977
19641 0.746
50198 0.992
36081 0.756
39214 0.861
4415 0.565
22779 0.894
1767 0.966
17127 0.661
39275 0.188
42022 0.900
50946 0.529
23076 0.852
45036 0.477
12691 0.549
3225 0.109
56156 0.852
21676 0.336
18377 0.395
45411 0.835
15482 0.407
36116 0.892
24336 0.156
52344 0.686
14011 0.233
24887 0.548
8668 0.580
42043 0.165
41148 0.617
54292 0.300
22862 0.945
782 0.035
2350 0.307
12100 0.950
24937 0.313
9082 0.889
38666 0.291
10882 0.130
4273 0.636
12977 0.994
30820 0.887
18342 0.082
37649 0.190
23477 0.133
9302 0.486
22788 0.306
48647 0.250
51634 0.816
47127 0.879
9716 0.503
56324 0.550
28322 0.328
39033 0.737
28048 0.876
23876 0.893
9696 0.212
8107 0.840
39816 0.315
55131 0.843
22457 0.653
55456 0.434
48421 0.017
55774 0.313
26153 0.085
24006 0.654
41580 0.530
36028 0.839
39111 0.235
8842 0.954
2033 0.435
43656 0.521
31538 0.565
47634 0.091
40294 0.895
15135 0.170
46324 0.422
10109 0.873
56864 0.257
56827 0.858
39183 0.792
40226 0.885
31878 0.387
20763 0.825
36075 0.748
25922 0.056
33356 0.772
40980 0.393
5642 0.457
34143 0.521
16646 0.395
53381 0.363
14437 0.651
20894 0.262
9089 0.779
22569 0.669
48050 0.918
15417 0.157
9936 0.441
33141 0.845
16399 0.976
55726 0.424
24827 0.820
19225 0.002
10883 0.954
49333 0.364
32716 0.020
30356 0.746
56066 0.228
47832 0.592
24377 0.326
5630 0.671
1062 0.650
54110 0.549
9591 0.693
23250 0.879
51021 0.654
27687 0.729
8195 0.203
42263 0.529
48719 0.590
9454 0.598
13729 0.372
27831 0.065
49024 0.252
3464 0.716
2068 0.102
34151 0.105
51126 0.410
56235 0.288
2557 0.466
4919 0.297
54379 0.955
39952 0.476
38458 0.121
3750 0.380
18950 0.351
5365 0.082
16891 0.408
1669 0.547
26882 0.757
53214 0.108
11071 0.576
44078 0.799
6775 0.583
40914 0.159
47040 0.144
38230 0.701
49928 0.924
32895 0.406
2168 0.756
11755 0.111
10470 0.616
52572 0.193
28356 0.107
50965 0.442
53194 0.970
48259 0.071
4871 0.834
22156 0.241
7858 0.072
51922 0.192
32658 0.231
53402 0.643
14830 0.704
230 0.095
9648 0.242
48918 0.834
43422 0.037
37697 0.726
56838 0.589
23784 0.617
25598 0.093
44977 0.104
52463 0.538
26866 0.157
49609 0.670
14314 0.504
23809 0.837
9022 0.424
56997 0.999
43282 0.181
40836 0.800
45176 0.528
16760 0.984
16514 0.542
10276 0.919
47881 0.082
32386 0.159
19419 0.019
21135 0.091
20856 0.779
46948 0.514
23334 0.667
53570 0.854
37870 0.355
11030 0.211
17930 0.925
3557 0.319
28038 0.691
41290 0.500
10727 0.055
36913 0.045
10682 0.323
48082 0.708
669 0.060
46060 0.469
22663 0.980
25733 0.106
32506 0.293
39438 0.820
49693 0.116
32329 0.053
35023 0.437
28621 0.423
36436 0.403
27801 0.168
28885 0.879
1912 0.338
47229 0.570
893 0.402
1122 0.919
37462 0.985
6216 0.245
15934 0.189
10882 0.276
44120 0.417
25353 0.885
1061 0.509
29737 0.247
15267 0.876
39689 0.397
36655 0.847
32624 0.196
20372 0.217
31061 0.281
44173 0.219
30150 0.044
15738 0.879
26143 0.313
44036 0.711
16400 0.289
56268 0.258
30990 0.710
49208 0.399
7553 0.696
17978 0.306
54620 0.017
39411 0.908
33349 0.314
31318 0.861
6098 0.182
23809 0.119
55677 0.716
42384 0.363
29083 0.450
51828 0.413
53191 0.971
46991 0.550
15807 0.229
4952 0.874
42307 0.280
23502 0.892
55974 0.687
27400 0.078
46491 0.774
47516 0.270
28770 0.497
26395 0.890
42807 0.872
52357 0.453
38690 0.406
48936 0.551
44754 0.486
51114 0.722
2032 0.794
53689 0.569
10174 0.680
45692 0.296
5829 0.728
31770 0.063
52699 0.966
13118 0.715
52336 0.585
3135 0.777
57651 0.865
54026 0.273
29266 0.303
18372 0.848
11603 0.723
18638 0.817
31417 0.457
36863 0.011
34822 0.557
37824 0.696
46031 0.527
17418 0.155
742 0.991
36482 0.966
44349 0.474
11306 0.302
39511 0.831
44012 0.446
53563 0.940
43625 0.143
53845 0.764
38835 0.832
57791 0.452
671 0.353
29215 0.303
628 0.601
31963 0.356
13461 0.108
24346 0.020
56426 0.801
3587 0.256
50806 0.720
4491 0.204
1359 0.199
6057 0.745
55242 0.932
16329 0.266
44381 0.495
40534 0.657
25591 0.141
22430 0.106
53481 0.282
37810 0.364
41248 0.384
24317 0.553
10980 0.618
40658 0.565
25033 0.301
7776 0.558
19153 0.544
51877 0.461
37683 0.239
36931 0.217
9382 0.538
4919 0.220
14604 0.994
6552 0.691
11291 0.932
22086 0.934
47252 0.789
40515 0.425
27332 0.337
33866 0.003
27010 0.279
32520 0.520
52857 0.932
22037 0.912
43284 0.725
10619 0.455
5333 0.054
28315 0.720
1007 0.176
3564 0.483
30202 0.304
32963 0.150
34001 0.652
23345 0.571
28341 0.861
17748 0.254
54000 0.077
57273 0.912
120 0.239
45465 0.631
35562 0.200
25258 0.572
9634 0.475
52894 0.971
50048 0.708
5448 0.434
30104 0.925
34036 0.317
6415 0.294
8975 0.383
39315 0.326
20491 0.904
10959 0.371
34114 0.848
38111 0.740
26309 0.243
40677 0.661
55826 0.699
30055 0.128
52817 0.660
39841 0.199
49040 0.713
16664 0.546
25238 0.560
40307 0.326
4911 0.554
50129 0.235
2364 0.981
52185 0.984
33855 0.263
29496 0.063
55972 0.335
57070 0.320
25971 0.543
21727 0.839
25545 0.269
53480 0.068
15983 0.825
37698 0.729
25517 0.775
10007 0.812
7510 0.871
18836 0.593
20341 0.433
47660 0.043
52757 0.481
974 0.190
23122 0.531
2085 0.694
15036 0.867
52278 0.906
36364 0.758
48960 0.637
54054 0.848
5269 0.298
21518 0.111
10618 0.411
34138 0.623
39018 0.056
11801 0.746
23236 0.300
56108 0.519
32513 0.657
26751 0.090
30025 0.163
39338 0.637
8618 0.980
52079 0.634
50216 0.674
44524 0.933
36093 0.238
52745 0.731
51604 0.683
44048 0.454
49490 0.362
15069 0.612
53500 0.774
41531 0.219
16596 0.508
6658 0.477
47840 0.773
30000 0.004
38963 0.868
42231 0.245
12220 0.712
11910 0.915
12327 0.396
33428 0.369
7178 0.854
12785 0.821
36056 0.868
30921 0.080
13044 0.834
46338 0.404
26625 0.375
15124 0.344
26974 0.063
41584 0.202
17353 0.659
44628 0.956
27175 0.761
55719 0.934
41566 0.155
12620 0.900
20332 0.143
52467 0.748
51774 0.616
8552 0.853
20236 0.715
25179 0.017
382 0.956
8839 0.460
45561 0.939
47226 0.618
33900 0.991
36523 0.468
51616 0.982
44399 0.474
44775 0.661
27066 0.224
11825 0.480
54571 0.489
55554 0.971
19541 0.920
21466 0.367
42300 0.272
1877 0.025
52681 0.503
52347 0.658
19772 0.821
7723 0.670
4580 0.466
45922 0.755
6280 0.287
25243 0.747
42091 0.250
29865 0.061
23295 0.853
8512 0.575
24681 0.366
27241 0.926
41619 0.836
51249 0.000
17730 0.218
103 0.762
4625 0.950
5915 0.463
17138 0.758
17149 0.769
24171 0.454
838 0.877
12810 0.634
35073 0.947
50997 0.363
43653 0.178
33451 0.892
5067 0.035
54098 0.374
53824 0.245
19886 0.182
33150 0.038
12164 0.541
57737 0.883
35782 0.059
22236 0.353
37137 0.890
35258 0.049
6696 0.808
50698 0.195
41133 0.095
13894 0.297
49239 0.153
41810 0.040
45606 0.911
21530 0.967
25782 0.098
26891 0.113
14437 0.826
4065 0.537
16368 0.004
7338 0.053
33833 0.769
44521 0.756
1476 0.934
33193 0.796
39069 0.512
8102 0.644
6129 0.118
8396 0.629
15875 0.059
34076 0.769
47102 0.306
37295 0.563
49509 0.474
1591 0.069
14823 0.735
49512 0.779
24798 0.995
35077 0.652
28730 0.173
56740 0.514
49759 0.989
37556 0.915
30146 0.544
9059 0.676
32716 0.065
50913 0.528
15675 0.703
38269 0.766
29223 0.461
56515 0.238
9709 0.133
24339 0.854
5833 0.498
21899 0.133
35699 0.202
1742 0.663
50323 0.371
21128 0.292
30769 0.570
22955 0.518
25715 0.768
17237 0.294
14452 0.173
37474 0.802
21788 0.178
44538 0.891
6120 0.881
7297 0.137
2157 0.888
23366 0.131
37487 0.568
256 0.527
2875 0.435
48005 0.001
516 0.259
38455 0.511
39576 0.504
56534 0.200
32556 0.054
3377 0.058
15284 0.307
48240 0.725
13071 0.132
38017 0.718
32575 0.931
57465 0.589
14734 0.720
47388 0.846
5575 0.331
21487 0.034
13879 0.950
46609 0.839
34470 0.300
58134 0.671
51946 0.284
16977 0.538
23627 0.585
23012 0.368
43838 0.635
51243 0.131
27612 0.870
24144 0.943
46489 0.904
10287 0.069
48653 0.568
49336 0.130
607 0.490
18643 0.252
35574 0.278
23800 0.435
48893 0.109
31116 0.304
24591 0.804
24657 0.072
37148 0.744
54199 0.774
3463 0.199
8804 0.986
40417 0.009
48903 0.217
13621 0.288
8073 0.072
34775 0.337
7355 0.298
37271 0.789
58015 0.182
48328 0.045
39205 0.109
29559 0.121
47874 0.224
51565 0.649
1162 0.026
54563 0.231
16789 0.410
35020 0.464
12566 0.671
39966 0.377
31184 0.248
24561 0.952
36546 0.859
25625 0.365
28234 0.051
14617 0.187
53754 0.694
34119 0.466
31492 0.678
13301 0.053
28120 0.905
56268 0.828
22537 0.006
16620 0.162
27942 0.506
19287 0.043
41156 0.899
28924 0.362
49941 0.189
20408 0.227
29002 0.805
46984 0.076
17366 0.001
37500 0.747
32056 0.333
34532 0.762
16860 0.385
48569 0.739
13844 0.746
14811 0.791
2483 0.264
24411 0.871
10481 0.006
55121 0.455
55522 0.453
30105 0.730
16309 0.646
55129 0.471
23445 0.831
28642 0.681
20285 0.200
36268 0.106
36655 0.512
14998 0.761
38145 0.339
40044 0.764
27463 0.816
22872 0.707
14735 0.311
7891 0.591
6206 0.260
6443 0.445
11106 0.062
45869 0.721
37972 0.713
39094 0.279
20982 0.256
29104 0.006
23312 0.424
39400 0.767
31872 0.480
42620 0.151
2028 0.267
2560 0.874
53296 0.130
57592 0.585
44042 0.150
19096 0.496
808 0.461
35677 0.111
18818 0.306
38629 0.915
50498 0.452
30073 0.137
44888 0.966
9458 0.099
8178 0.886
39182 0.533
24281 0.291
22149 0.511
29903 0.729
12850 0.505
30506 0.362
584 0.633
4727 0.104
16310 0.268
13309 0.912
8784 0.636
5373 0.163
28274 0.485
39323 0.382
54349 0.871
35249 0.358
2526 0.596
8852 0.128
51767 0.394
44476 0.755
47999 0.087
5175 0.547
14398 0.344
57116 0.023
57619 0.355
24098 0.649
18641 0.281
49646 0.059
21934 0.547
55051 0.897
4092 0.617
57418 0.779
42632 0.301
9523 0.819
39058 0.579
54004 0.051
33118 0.746
37359 0.648
2397 0.502
4888 0.612
35571 0.239
9143 0.621
39319 0.400
15725 0.611
3765 0.980
23769 0.481
37414 0.357
48987 0.955
31592 0.472
9426 0.267
40440 0.420
8114 0.675
26949 0.107
9455 0.856
34346 0.234
45269 0.044
12472 0.051
55982 0.707
351 0.115
47653 0.755
19426 0.647
26574 0.212
48102 0.222
22236 0.248
9074 0.806
3659 0.336
43919 0.857
4576 0.181
35266 0.845
37423 0.257
49542 0.740
14031 0.882
53724 0.455
7810 0.091
21774 0.460
36319 0.235
36231 0.814
2979 0.184
1688 0.592
2123 0.756
1546 0.374
53032 0.909
1752 0.569
47893 0.251
21032 0.223
15526 0.503
45001 0.896
47516 0.163
34560 0.656
52105 0.708
11876 0.801
3294 0.403
1712 0.227
43825 0.660
45681 0.587
5180 0.574
23222 0.261
41895 0.952
30869 0.720
48467 0.043
49254 0.524
21397 0.589
43958 0.855
38765 0.488
28283 0.190
22614 0.680
57126 0.432
47256 0.513
41737 0.375
48815 0.214
8010 0.711
42402 0.509
46038 0.911
57919 0.634
47279 0.327
2622 0.900
26864 0.562
24675 0.435
12864 0.480
47502 0.731
55505 0.602
26308 0.225
3652 0.327
40950 0.493
41388 0.065
32946 0.159
993 0.483
38713 0.148
53390 0.231
57975 0.236
46686 0.599
7461 0.159
13540 0.743
49732 0.100
18668 0.155
54455 0.522
11164 0.073
9560 0.207
31068 0.973
18830 0.554
10041 0.667
2633 0.420
16061 0.118
47765 0.292
46470 0.639
19634 0.833
10754 0.294
2829 0.841
42305 0.962
6385 0.946
21211 0.331
43961 0.316
216 0.061
10577 0.285
30015 0.509
46476 0.946
40065 0.922
1643 0.849
42705 0.384
24134 0.345
51727 0.015
45782 0.637
2293 0.841
28558 0.616
11145 0.860
5073 0.208
41691 0.407
11419 0.335
7617 0.077
14306 0.696
18396 0.803
22488 0.385
50339 0.394
34281 0.224
7439 0.751
11372 0.074
5224 0.181
31198 0.105
56037 0.619
30257 0.493
16107 0.338
31173 0.857
31659 0.253
48614 0.156
36359 0.146
34560 0.492
56081 0.471
57214 0.985
43700 0.168
29980 0.085
3027 0.166
28546 0.961
19460 0.490
36057 0.679
8296 0.153
39839 0.012
25817 0.562
45545 0.060
25807 0.442
3430 0.315
29186 0.327
21423 0.032
18373 0.990
52627 0.717
56465 0.009
53676 0.975
3950 0.890
34330 0.861
50451 0.840
518 0.048
34316 0.641
3459 0.115
1132 0.800
57488 0.945
12977 0.292
44839 0.146
27921 0.851
20452 0.307
4588 0.474
46049 0.034
32994 0.443
37334 0.264
24295 0.529
31088 0.167
26121 0.055
43504 0.331
4308 0.980
2271 0.561
21984 0.373
44147 0.879
44944 0.902
54884 0.580
24406 0.008
21631 0.527
55661 0.388
31916 0.971
15942 0.206
22357 0.803
5561 0.780
56151 0.005
6457 0.242
49396 0.114
41045 0.636
10240 0.114
56298 0.936
24452 0.808
14288 0.658
44062 0.532
23922 0.655
33661 0.644
2467 0.472
11429 0.338
129 0.157
41092 0.265
20545 0.498
18186 0.994
48070 0.487
24570 0.097
9487 0.691
6083 0.425
12262 0.039
15690 0.522
26387 0.039
39645 0.319
38665 0.035
27159 0.030
28455 0.278
515 0.433
56987 0.300
36014 0.852
44757 0.227
12941 0.689
9832 0.352
30875 0.193
13355 0.086
17165 0.342
18996 0.133
1040 0.570
57962 0.790
5644 0.742
42146 0.214
45515 0.632
13596 0.744
1385 0.086
49654 0.268
16248 0.222
5541 0.226
9039 0.804
45959 0.287
18889 0.206
46292 0.387
36132 0.685
57410 0.925
211 0.373
39961 0.927
22856 0.433
14123 0.088
13817 0.574
23329 0.033
17224 0.733
42840 0.209
4124 0.232
20343 0.584
47238 0.813
53619 0.611
44694 0.640
10992 0.304
38593 0.760
47232 0.843
49938 0.879
37714 0.316
7915 0.911
27748 0.143
7793 0.790
24562 0.394
8890 0.978
34504 0.120
50780 0.702
20429 0.419
20066 0.491
43649 0.136
31819 0.023
11410 0.020
35714 0.871
17701 0.538
22117 0.324
34147 0.758
53382 0.119
24628 0.850
6523 0.401
45317 0.783
12146 0.558
17329 0.898
47123 0.114
18326 0.248
34075 0.940
724 0.200
42642 0.964
21603 0.324
56462 0.942
4744 0.335
46079 0.674
32982 0.694
45263 0.417
30252 0.630
20827 0.349
30198 0.804
33730 0.869
32591 0.553
14116 0.886
27735 0.404
50418 0.878
16494 0.445
917 0.127
33144 0.217
33916 0.290
46274 0.699
33641 0.472
2892 0.728
29845 0.438
32006 0.591
20647 0.230
50110 0.517
22171 0.162
36421 0.215
9522 0.812
7777 0.225
30942 0.077
14036 0.806
19578 0.087
40897 0.404
5350 0.058
32459 0.084
42296 0.544
48783 0.589
46404 0.933
24834 0.919
56780 0.231
46015 0.258
19128 0.105
1218 0.805
34064 0.896
28151 0.755
12545 0.166
32710 0.664
49879 0.492
9481 0.512
31792 0.916
7014 0.580
50181 0.897
679 0.707
54350 0.604
19297 0.548
8177 0.614
14297 0.890
4427 0.740
26810 0.906
47284 0.359
45514 0.477
57226 0.086
21928 0.112
5367 0.666
13989 0.900
7666 0.775
40529 0.947
32074 0.097
22500 0.467
33749 0.564
16604 0.541
57996 0.459
53843 0.627
16999 0.208
53307 0.226
53805 0.240
29327 0.327
15946 0.661
51585 0.198
34510 0.819
2857 0.316
4811 0.363
50961 0.720
36769 0.492
39936 0.924
27965 0.666
56690 0.052
19356 0.714
33712 0.018
13331 0.887
44856 0.495
9767 0.474
34961 0.978
35463 0.640
52807 0.692
35180 0.835
29494 0.133
53252 0.470
13110 0.844
18140 0.443
21605 0.886
24559 0.108
35405 0.414
23154 0.952
53063 0.505
57283 0.702
26315 0.605
39010 0.333
2532 0.431
19484 0.170
17872 0.813
25771 0.205
55041 0.938
31190 0.649
16254 0.622
10552 0.037
16440 0.030
47627 0.924
34091 0.105
28222 0.860
42725 0.715
9760 0.677
30880 0.901
5470 0.112
39819 0.356
42919 0.364
34701 0.621
47269 0.105
39250 0.548
37163 0.526
23448 0.586
20507 0.034
10284 0.371
9390 0.490
39711 0.603
24829 0.868
54853 0.538
33737 0.700
44403 0.352
28974 0.312
52272 0.819
3187 0.751
46291 0.516
45619 0.778
32144 0.233
40276 0.951
8711 0.701
51823 0.802
17824 0.796
23375 0.827
36352 0.400
30153 0.731
28847 0.866
35047 0.915
32603 0.180
24953 0.916
56468 0.185
31586 0.655
51050 0.368
29122 0.352
51189 0.104
44454 0.872
37049 0.145
7526 0.490
14232 0.082
27119 0.516
47088 0.068
36052 0.594
3575 0.637
25758 0.644
1733 0.307
22912 0.308
7392 0.850
50261 0.807
35751 0.507
19319 0.610
47411 0.298
52589 0.266
52388 0.751
13359 0.756
12546 0.445
4229 0.660
23580 0.069
27988 0.216
11399 0.736
466 0.027
9672 0.932
29091 0.421
56375 0.015
39749 0.213
53579 0.858
22691 0.546
34208 0.249
51948 0.188
3802 0.181
52234 0.104
43310 0.973
22968 0.004
39514 0.903
56885 0.173
45429 0.253
47145 0.181
4778 0.436
16702 0.425
40470 0.399
49691 0.518
38873 0.387
3335 0.448
36852 0.367
25454 0.571
1313 0.009
55038 0.405
11198 0.068
51588 0.914
57636 0.662
7816 0.496
32635 0.783
24654 0.625
13600 0.209
13393 0.801
55041 0.826
37577 0.865
25697 0.456
45929 0.479
4243 0.690
38552 0.749
24456 0.964
1298 0.588
22408 0.751
33275 0.130
7308 0.852
14006 0.851
9406 0.662
25152 0.372
44148 0.847
51240 0.140
20417 0.580
49551 0.491
45398 0.370
3312 0.879
14251 0.386
24731 0.649
43101 0.943
50983 0.354
56992 0.568
10795 0.122
29053 0.209
42584 0.997
52631 0.572
6149 0.850
28599 0.462
12263 0.915
13619 0.655
8977 0.176
9557 0.324
24959 0.179
35133 0.825
19444 0.568
25045 0.861
5138 0.677
28022 0.395
31633 0.524
24111 0.109
25140 0.932
1617 0.779
10867 0.964
37471 0.521
33696 0.636
9153 0.658
25502 0.186
20949 0.535
27310 0.139
27805 0.515
7159 0.458
2151 0.024
14375 0.392
43786 0.878
41049 0.480
41314 0.628
56759 0.580
37907 0.216
52852 0.926
21654 0.287
9043 0.478
4262 0.735
57184 0.442
50416 0.679
54701 0.694
34788 0.725
38681 0.423
54438 0.438
10210 0.165
26176 0.556
56843 0.943
26190 0.912
53636 0.829
47645 0.344
5124 0.070
55175 0.962
44931 0.574
8349 0.425
50931 0.018
44442 0.916
29852 0.534
23385 0.987
38975 0.087
2088 0.705
50474 0.114
35759 0.769
13041 0.022
8634 0.078
49976 0.197
52315 0.497
18275 0.867
15870 0.295
36587 0.773
43411 0.591
11756 0.277
54532 0.705
10552 0.770
51849 0.132
10438 0.627
3957 0.660
26089 0.839
5198 0.266
34408 0.734
18028 0.880
55451 0.103
47489 0.894
55756 0.826
682 0.362
13076 0.894
27344 0.993
2916 0.640
15635 0.017
31125 0.959
55698 0.580
45848 0.435
41844 0.087
39091 0.552
4355 0.251
18782 0.630
4350 0.427
16410 0.037
32032 0.949
45408 0.381
12549 0.549
33358 0.426
41622 0.487
12071 0.635
2763 0.102
42659 0.255
12523 0.037
22315 0.269
26882 0.765
24260 0.467
43161 0.269
6146 0.877
17906 0.232
20076 0.537
1423 0.129
37460 0.883
31156 0.252
53839 0.502
45921 0.166
38136 0.508
16488 0.499
8922 0.939
30660 0.928
15728 0.482
35725 0.963
51045 0.909
38713 0.358
45275 0.083
33677 0.925
17426 0.063
17024 0.879
11657 0.542
6029 0.971
24187 0.527
26773 0.062
23036 0.407
46051 0.643
51826 0.239
31316 0.223
10900 0.727
23591 0.233
36295 0.812
39811 0.594
1190 0.211
49168 0.886
45440 0.030
547 0.582
40429 0.462
35747 0.813
9292 0.873
138 0.624
20205 0.226
40240 0.610
14455 0.395
55601 0.540
35698 0.380
51371 0.035
54188 0.989
37027 0.956
32801 0.033
9624 0.002
55410 0.403
45919 0.361
11721 0.594
19322 0.550
43010 0.297
5977 0.497
20788 0.901
29667 0.299
55779 0.620
51675 0.147
1443 0.001
54350 0.852
47465 0.431
37660 0.096
27846 0.705
53817 0.649
8862 0.993
32861 0.607
24426 0.579
57181 0.059
51274 0.221
20533 0.490
34424 0.496
8128 0.983
30183 0.820
50163 0.406
49040 0.181
49166 0.584
36227 0.453
6717 0.719
53471 0.583
35881 0.490
21081 0.002
52379 0.982
29703 0.990
13994 0.528
44018 0.381
7277 0.792
51373 0.641
56178 0.661
10014 0.079
5444 0.698
22717 0.656
21754 0.935
38819 0.347
31842 0.152
13921 0.265
17936 0.378
37229 0.918
42447 0.377
41927 0.267
34468 0.272
16586 0.703
10347 0.357
46654 0.217
39738 0.665
57831 0.713
35634 0.167
16267 0.655
20501 0.776
41424 0.615
22719 0.582
16740 0.736
6194 0.609
32156 0.508
22711 0.970
20334 0.222
55139 0.769
52964 0.394
50087 0.639
33634 0.696
36301 0.968
3597 0.044
12675 0.008
10233 0.705
25609 0.378
27751 0.607
54143 0.014
61 0.388
6778 0.405
31222 0.257
52034 0.953
24320 0.047
25475 0.198
24511 0.684
8697 0.080
56007 0.607
35172 0.257
34685 0.115
30688 0.659
51150 0.871
6129 0.696
34315 0.385
43785 0.581
3125 0.822
13290 0.429
2691 0.538
13988 0.374
9139 0.524
7608 0.308
44897 0.515
57048 0.047
54016 0.662
17626 0.695
43770 0.454
39936 0.836
16812 0.078
6092 0.756
54756 0.046
43616 0.648
29946 0.950
56944 0.908
30521 0.729
18884 0.225
24803 0.696
49897 0.215
24267 0.612
34263 0.292
50535 0.264
35716 0.290
13566 0.403
49546 0.379
14494 0.310
3985 0.403
33416 0.138
42052 0.692
42865 0.939
3599 0.817
3776 0.424
10180 0.022
29646 0.282
22367 0.536
14490 0.131
29397 0.728
51682 0.699
40368 0.685
42823 0.519
4452 0.517
37359 0.922
22108 0.676
41425 0.482
54505 0.780
21614 0.570
26051 0.839
13005 0.141
54646 0.344
27440 0.521
40286 0.736
53682 0.255
5717 0.972
17601 0.767
21911 0.830
54949 0.216
14126 0.545
7719 0.200
2362 0.300
34603 0.085
32264 0.477
6183 0.936
51383 0.850
47713 0.854
46160 0.656
52217 0.330
15866 0.550
26348 0.626
19320 0.364
12021 0.087
5635 0.527
28779 0.456
34990 0.421
2112 0.245
19306 0.393
55377 0.132
41217 0.358
35650 0.246
5585 0.953
16465 0.664
34508 0.076
29865 0.050
4133 0.436
43500 0.245
37946 0.526
32028 0.572
19085 0.191
48206 0.167
32430 0.934
8690 0.332
12685 0.000
48370 0.637
34340 0.077
18890 0.218
35951 0.627
39490 0.415
48200 0.542
52420 0.102
539 0.592
4120 0.682
18978 0.476
17698 0.871
43471 0.278
28043 0.187
35738 0.243
14581 0.807
2801 0.132
55270 0.650
49269 0.069
20146 0.638
3855 0.712
6368 0.605
45346 0.178
36242 0.112
44910 0.768
44866 0.903
40010 0.375
51361 0.701
5751 0.209
2376 0.213
52642 0.931
45164 0.152
8076 0.586
48788 0.282
2190 0.250
12888 0.002
27566 0.980
9937 0.705
50518 0.668
21252 0.894
45363 0.663
55649 0.182
39615 0.191
4642 0.232
26655 0.172
21483 0.885
44578 0.181
21100 0.427
35302 0.525
5456 0.019
1280 0.749
37986 0.997
18617 0.261
22545 0.252
49398 0.229
14896 0.890
24306 0.025
29498 0.424
6758 0.954
18103 0.931
31276 0.651
26468 0.062
6684 0.707
47327 0.382
4346 0.822
30554 0.385
16093 0.944
39622 0.765
35480 0.887
36600 0.556
16154 0.110
9253 0.349
6584 0.617
10736 0.693
15463 0.299
32075 0.641
7004 0.487
22242 0.579
34721 0.864
9105 0.365
2120 0.037
40834 0.360
55483 0.313
15161 0.883
42748 0.190
804 0.859
38748 0.566
25943 0.850
18174 0.402
4903 0.544
15875 0.571
50499 0.789
44481 0.953
53076 0.550
41581 0.715
8385 0.124
56216 0.718
28653 0.641
34345 0.773
45065 0.478
1978 0.718
21831 0.931
25990 0.719
33323 0.228
56463 0.986
28776 0.261
55636 0.083
53009 0.748
9284 0.979
21029 0.741
52508 0.716
12807 0.234
13810 0.620
29474 0.913
47091 0.322
4281 0.116
20168 0.978
31144 0.920
56144 0.897
57169 0.881
37352 0.111
43389 0.823
12640 0.163
50988 0.020
44708 0.991
32552 0.790
14928 0.131
17604 0.328
45728 0.713
30988 0.217
32595 0.013
13574 0.125
16471 0.408
34319 0.982
52157 0.498
14627 0.449
10562 0.758
24781 0.606
28067 0.094
24250 0.056
29638 0.063
8345 0.101
10831 0.191
13875 0.883
50539 0.728
39580 0.385
7404 0.215
53688 0.532
3292 0.968
56253 0.294
40989 0.710
15945 0.917
2081 0.329
40041 0.446
38199 0.301
40210 0.294
11668 0.258
45596 0.849
23300 0.300
56383 0.157
39384 0.961
21174 0.033
25437 0.845
27414 0.282
27504 0.560
2911 0.683
26906 0.236
5935 0.515
21036 0.784
9024 0.514
25562 0.912
7862 0.296
19020 0.330
17459 0.052
23962 0.893
43765 0.941
52263 0.250
29734 0.182
3436 0.336
2588 0.857
18274 0.596
30247 0.369
11465 0.665
46599 0.664
43970 0.150
45670 0.345
53217 0.479
51312 0.778
17432 0.126
54513 0.988
25607 0.966
11038 0.357
18655 0.831
12831 0.411
49077 0.809
639 0.030
544 0.186
13898 0.495
31062 0.189
3090 0.716
25722 0.877
15702 0.704
11825 0.086
56969 0.287
56908 0.874
6539 0.165
6345 0.126
48741 0.476
19676 0.327
45676 0.723
27791 0.095
51308 0.642
56766 0.856
50300 0.009
54744 0.966
26558 0.746
56 0.386
44309 0.173
37349 0.245
42223 0.925
31884 0.005
14332 0.955
8271 0.531
9324 0.168
24928 0.961
32561 0.115
8208 0.960
50245 0.489
30309 0.637
58186 0.880
51890 0.012
46475 0.795
51627 0.805
31518 0.736
11348 0.577
19286 0.759
52642 0.452
52304 0.288
53762 0.676
24356 0.151
16864 0.280
38647 0.646
20808 0.786
48159 0.558
25021 0.812
22148 0.412
20098 0.992
34333 0.768
46017 0.718
53908 0.783
48552 0.758
35930 0.452
907 0.832
7051 0.520
2303 0.736
43097 0.961
18004 0.437
27324 0.301
31025 0.232
30506 0.878
55139 0.253
28392 0.721
12666 0.429
16327 0.486
247 0.460
57192 0.314
35083 0.699
58200 0.658
34104 0.296
31720 0.761
57601 0.115
38768 0.017
52874 0.505
11483 0.073
35498 0.022
38237 0.393
53800 0.565
506 0.426
29865 0.178
30331 0.638
31794 0.815
14173 0.574
36765 0.058
8086 0.647
33609 0.840
1414 0.099
56091 0.222
51417 0.230
8422 0.693
16577 0.120
12465 0.193
26974 0.749
7391 0.722
2567 0.932
19218 0.878
35198 0.757
53033 0.122
39194 0.351
43400 0.963
56397 0.635
16013 0.221
22139 0.613
52703 0.352
57161 0.513
20715 0.647
34314 0.928
11063 0.556
39979 0.933
4342 0.397
21693 0.767
41464 0.112
8451 0.784
29344 0.005
6916 0.360
31053 0.843
5821 0.262
24903 0.724
55288 0.673
42969 0.241
9359 0.033
53633 0.421
40600 0.620
16187 0.310
24789 0.596
26532 0.124
53692 0.561
20512 0.899
51553 0.315
3441 0.987
11208 0.055
28919 0.071
12015 0.202
21617 0.809
10513 0.036
29056 0.499
5703 0.706
18731 0.065
8805 0.666
1470 0.906
16614 0.934
16125 0.304
13312 0.724
50424 0.629
10305 0.673
51750 0.922
597 0.209
29611 0.883
44731 0.988
50706 0.992
10830 0.362
29388 0.367
8375 0.779
34542 0.330
30758 0.403
32515 0.962
20420 0.554
53103 0.783
10267 0.179
13727 0.809
42963 0.010
30459 0.541
16230 0.106
50282 0.017
44524 0.117
25587 0.987
23137 0.744
14987 0.259
9481 0.590
22298 0.014
7826 0.501
9334 0.297
49103 0.724
58057 0.508
22593 0.629
18059 0.943
10857 0.323
1150 0.742
6330 0.767
3970 0.762
25149 0.013
30946 0.550
53704 0.380
679 0.423
627 0.690
5305 0.138
23483 0.685
47935 0.557
1501 0.749
38933 0.741
10936 0.733
51691 0.654
10794 0.769
30602 0.868
54456 0.877
53553 0.215
23547 0.559
35263 0.438
12565 0.810
37332 0.971
12587 0.458
47769 0.981
27342 0.626
16284 0.703
3067 0.016
16797 0.087
27732 0.863
12541 0.699
30438 0.649
30157 0.496
24186 0.619
14043 0.043
50743 0.787
23549 0.721
3449 0.928
5463 0.674
47755 0.490
18811 0.499
33271 0.528
41226 0.468
21596 0.533
19518 0.416
56069 0.934
1024 0.193
47235 0.992
17019 0.219
15376 0.805
19925 0.144
23350 0.410
24359 0.289
41957 0.675
55016 0.099
56118 0.961
52654 0.556
48163 0.286
57055 0.240
46937 0.953
16370 0.040
2201 0.439
31997 0.445
49525 0.470
7033 0.143
13497 0.030
47182 0.214
5534 0.283
7185 0.703
31568 0.153
36627 0.506
57279 0.893
2243 0.329
20435 0.862
15816 0.323
27949 0.116
44475 0.406
2567 0.447
30273 0.435
35839 0.570
36141 0.326
24923 0.118
18036 0.518
6905 0.649
12857 0.440
1633 0.472
31330 0.004
52338 0.389
46221 0.484
17436 0.831
28911 0.912
37325 0.140
9200 0.653
56056 0.020
33005 0.162
32075 0.557
41454 0.199
20514 0.515
26306 0.833
47989 0.144
20482 0.004
31393 0.206
32840 0.937
14527 0.900
19027 0.428
45295 0.651
14706 0.704
28033 0.248
7607 0.308
19717 0.213
26171 0.568
43717 0.029
12608 0.778
10946 0.452
29357 0.339
20765 0.439
53657 0.218
29788 0.681
44503 0.658
12646 0.491
33341 0.273
42442 0.421
34279 0.042
48034 0.099
3486 0.193
1296 0.046
51641 0.742
34297 0.023
10032 0.897
5622 0.472
46571 0.997
39795 0.184
49668 0.688
457 0.248
47384 0.612
35793 0.637
9797 0.303
56589 0.173
38559 0.045
50249 0.698
55311 0.555
4540 0.780
14188 0.049
44312 0.750
57786 0.918
45409 0.811
51808 0.886
25840 0.725
11810 0.611
25650 0.783
48001 0.375
37766 0.911
14962 0.276
28578 0.906
7877 0.112
29945 0.402
23938 0.606
50987 0.975
49364 0.260
8451 0.701
14490 0.252
23710 0.842
37057 0.650
38706 0.643
41732 0.285
44809 0.670
8819 0.484
54998 0.042
48896 0.176
35353 0.509
19363 0.159
39140 0.162
51225 0.612
35039 0.212
34755 0.067
20372 0.338
38651 0.822
10482 0.408
22970 0.843
24670 0.220
29273 0.366
21585 0.303
39264 0.502
57060 0.251
51937 0.667
21595 0.044
14809 0.933
35730 0.775
18092 0.112
53023 0.203
48850 0.498
51843 0.838
37345 0.807
28024 0.558
33592 0.623
24449 0.612
56794 0.437
12500 0.118
27912 0.361
16895 0.908
2246 0.200
32044 0.544
44196 0.170
48814 0.009
40225 0.993
16430 0.139
44185 0.979
54368 0.118
4149 0.252
1156 0.588
7803 0.301
36669 0.940
2341 0.904
1334 0.918
56720 0.301
43918 0.867
30449 0.543
54720 0.252
10095 0.277
37096 0.914
57189 0.311
53836 0.227
42303 0.019
52387 0.407
1447 0.010
39096 0.304
13562 0.625
15873 0.631
52836 0.586
23023 0.296
7473 0.781
23355 0.175
19821 0.080
55969 0.648
22418 0.558
8779 0.142
11634 0.397
48790 0.197
46196 0.419
29878 0.038
27141 0.541
50568 0.865
52981 0.400
18315 0.544
38280 0.062
3445 0.995
30154 0.880
40647 0.265
37766 0.859
48312 0.271
48573 0.275
53073 0.095
57365 0.455
20758 0.409
8995 0.282
20822 0.849
2657 0.613
44642 0.587
11270 0.543
22116 0.518
41117 0.014
2652 0.514
3041 0.982
57190 0.415
9948 0.759
13297 0.934
46271 0.601
15575 0.281
57467 0.265
6845 0.078
995 0.752
5691 0.158
6211 0.948
21354 0.089
53521 0.731
630 0.194
5061 0.975
46876 0.022
52293 0.721
44383 0.138
5000 0.308
32837 0.320
9343 0.544
34715 0.776
29536 0.187
58003 0.227
57303 0.996
14649 0.452
7545 0.090
43529 0.868
39605 0.942
49744 0.764
25597 0.152
44787 0.607
38131 0.037
380 0.419
40959 0.010
29828 0.879
30584 0.273
3193 0.653
11909 0.340
42186 0.173
53944 0.485
24722 0.538
769 0.008
40115 0.570
11292 0.202
28007 0.849
40484 0.969
16855 0.640
7438 0.102
9822 0.656
57927 0.344
16411 0.435
36355 0.622
44523 0.142
51143 0.588
48571 0.304
51725 0.382
11230 0.078
23817 0.014
23080 0.688
42510 0.685
32926 0.293
36373 0.791
44855 0.604
32243 0.950
33790 0.093
47588 0.699
6510 0.448
5798 0.094
55696 0.562
16640 0.199
18660 0.876
42932 0.878
56309 0.431
23969 0.116
39297 0.193
44410 0.333
34912 0.219
36201 0.775
4147 0.795
12860 0.200
3598 0.362
31286 0.052
33371 0.878
12780 0.963
7863 0.648
57373 0.721
9492 0.491
10871 0.506
22278 0.413
50681 0.674
23463 0.345
50707 0.212
20147 0.016
41883 0.928
33801 0.866
50428 0.973
44214 0.101
17651 0.612
12243 0.258
32197 0.048
56674 0.538
56108 0.314
5507 0.085
40420 0.829
58072 0.568
17008 0.223
37320 0.841
23914 0.622
37794 0.834
35490 0.225
7286 0.662
56538 0.973
41313 0.806
5936 0.045
22598 0.390
50519 0.547
41143 0.628
14702 0.826
7148 0.485
48251 0.841
43655 0.045
36154 0.593
49863 0.992
3567 0.630
28643 0.862
42197 0.929
34116 0.208
9994 0.726
47381 0.806
23574 0.490
40663 0.898
56338 0.566
34173 0.113
29578 0.066
48781 0.990
31503 0.537
35544 0.420
55921 0.726
38706 0.281
28421 0.513
25159 0.627
45709 0.224
14082 0.810
4620 0.432
13765 0.800
23359 0.264
19913 0.691
16041 0.311
28135 0.092
27721 0.405
48495 0.782
48690 0.444
54410 0.920
39486 0.494
55698 0.295
340 0.262
36752 0.198
457 0.040
20452 0.289
47384 0.778
35888 0.507
19400 0.457
25967 0.129
35961 0.474
57135 0.804
56597 0.662
22335 0.539
38244 0.553
40285 0.321
41055 0.965
42977 0.129
37587 0.099
57703 0.817
3737 0.672
31246 0.287
17127 0.395
15989 0.571
16081 0.464
28227 0.729
35521 0.068
23572 0.210
20033 0.541
25605 0.493
56683 0.637
47919 0.770
4444 0.312
31306 0.262
41804 0.755
29214 0.555
55189 0.146
18079 0.656
15690 0.403
23920 0.213
16455 0.492
25980 0.771
3067 0.739
44270 0.752
38635 0.056
39232 0.995
2005 0.754
9620 0.239
37974 0.136
504 0.543
1666 0.581
48733 0.231
35926 0.638
38088 0.501
31737 0.085
53335 0.219
21686 0.394
11997 0.189
55821 0.705
32720 0.132
27140 0.390
31692 0.428
22732 0.826
8248 0.005
31428 0.847
25952 0.735
33815 0.545
14894 0.718
51016 0.008
26247 0.307
31027 0.387
27864 0.466
16606 0.384
32737 0.514
56695 0.394
15790 0.303
27467 0.443
39923 0.711
3708 0.155
38144 0.258
35923 0.089
13307 0.375
42315 0.467
50751 0.594
8105 0.062
480 0.392
1976 0.260
3790 0.875
1217 0.998
44442 0.394
11914 0.545
1151 0.093
43251 0.101
14520 0.886
34306 0.457
1791 0.234
5082 0.276
47537 0.533
7019 0.874
1707 0.300
35941 0.693
34626 0.086
21841 0.382
42677 0.635
472 0.624
31130 0.223
49463 0.332
53692 0.654
6149 0.948
14090 0.803
21687 0.158
54028 0.803
40392 0.993
18575 0.004
19332 0.010
16383 0.203
16995 0.608
45048 0.342
24915 0.651
38464 0.394
50079 0.637
480 0.870
26516 0.966
10797 0.627
3145 0.794
32305 0.304
11933 0.180
43110 0.378
38596 0.459
23922 0.423
11137 0.333
13464 0.253
44669 0.328
4586 0.125
7885 0.518
339 0.505
16276 0.829
27293 0.328
10121 0.026
1862 0.275
1649 0.729
12468 0.851
45911 0.120
55710 0.497
29940 0.147
15803 0.833
10967 0.294
47379 0.159
14911 0.767
36249 0.958
52388 0.686
20020 0.476
38232 0.685
30616 0.678
14982 0.897
39106 0.221
23981 0.414
26267 0.871
18405 0.023
28954 0.796
15370 0.218
20694 0.146
43423 0.910
5206 0.668
53061 0.946
44746 0.230
38796 0.323
15235 0.428
29513 0.222
55984 0.601
45046 0.189
23134 0.205
37632 0.806
50217 0.585
40602 0.228
32736 0.487
13478 0.840
38316 0.702
24186 0.212
31083 0.360
370 0.552
20490 0.810
6640 0.278
20708 0.521
33473 0.208
25479 0.139
39163 0.461
55428 0.334
18089 0.266
24641 0.065
45941 0.305
26048 0.039
6763 0.340
37271 0.633
6295 0.655
28523 0.197
34118 0.388
5324 0.668
13610 0.607
37922 0.409
22342 0.804
37119 0.239
52369 0.082
41882 0.661
11169 0.650
47692 0.998
12001 0.675
12876 0.186
50191 0.507
3257 0.694
7917 0.823
23020 0.682
11183 0.523
31614 0.634
25935 0.673
16261 0.572
29452 0.054
45036 0.278
3901 0.592
18909 0.906
46029 0.405
30128 0.069
742 0.684
44598 0.933
41097 0.921
46926 0.857
13647 0.577
10328 0.629
16720 0.480
22890 0.030
35151 0.707
27267 0.242
39637 0.342
42957 0.775
10455 0.159
3129 0.767
21652 0.162
16660 0.730
49447 0.298
25180 0.560
52239 0.842
3222 0.093
9150 0.584
39648 0.043
3732 0.022
4384 0.435
4142 0.212
8736 0.926
2812 0.815
10871 0.398
18904 0.749
49883 0.605
1911 0.125
27240 0.440
14204 0.443
54812 0.641
30908 0.489
30904 0.280
9624 0.523
17211 0.013
8759 0.230
45195 0.314
28990 0.981
18849 0.662
37934 0.802
18769 0.284
45776 0.710
56321 0.478
8111 0.923
58043 0.340
57486 0.507
26946 0.977
54647 0.879
34143 0.106
46478 0.760
8507 0.997
50306 0.437
28852 0.292
56254 0.944
15408 0.364
35160 0.432
56556 0.707
10260 0.125
11832 0.673
13041 0.274
27934 0.005
43922 0.176
29867 0.880
12594 0.633
19952 0.358
15676 0.200
11950 0.755
45163 0.969
48989 0.833
177 0.304
31804 0.620
31349 0.088
43154 0.519
3029 0.126
44629 0.452
9048 0.437
36879 0.563
40136 0.722
18649 0.793
19046 0.248
55759 0.612
16757 0.394
11702 0.744
48216 0.215
17371 0.848
40444 0.168
24848 0.664
33055 0.199
11302 0.539
2449 0.581
36143 0.408
32804 0.344
56290 0.673
56258 0.354
26538 0.646
20037 0.190
40569 0.000
43972 0.730
29419 0.250
46215 0.445
58141 0.937
22684 0.512
2985 0.244
25250 0.557
35534 0.611
46020 0.970
20662 0.909
23200 0.661
33493 0.291
43564 0.180
4638 0.572
51178 0.875
15381 0.379
373 0.160
16386 0.521
48425 0.503
44685 0.775
27853 0.252
18582 0.148
10999 0.917
41611 0.146
10308 0.197
1782 0.774
6728 0.986
24532 0.623
3418 0.359
7212 0.220
40912 0.967
19034 0.985
35858 0.278
55984 0.328
52890 0.612
28482 0.237
50282 0.564
568 0.285
9534 0.771
31691 0.750
23366 0.528
56477 0.572
20683 0.097
2756 0.935
27825 0.286
53515 0.155
8098 0.426
9848 0.497
32094 0.893
1828 0.778
7047 0.219
5587 0.134
40149 0.669
25133 0.741
53881 0.499
42397 0.420
26638 0.196
37674 0.332
52735 0.249
31384 0.617
30972 0.226
47697 0.977
30267 0.612
51745 0.244
35825 0.093
27883 0.607
27405 0.305
30475 0.471
48832 0.866
13431 0.224
10864 0.121
35960 0.247
28028 0.457
36279 0.865
9462 0.804
17785 0.498
56162 0.463
14988 0.638
35573 0.623
18492 0.928
26737 0.844
1304 0.185
29980 0.106
37548 0.622
41610 0.947
30512 0.196
36234 0.534
24853 0.699
3201 0.982
36537 0.493
20558 0.169
28080 0.063
54851 0.520
48523 0.571
6393 0.197
4094 0.976
14249 0.060
24159 0.728
7500 0.984
49697 0.497
49727 0.798
46687 0.808
31477 0.570
4190 0.974
13604 0.601
4234 0.722
11667 0.535
24080 0.992
49105 0.714
42613 0.031
40441 0.654
34965 0.017
6637 0.428
27024 0.618
18982 0.103
23928 0.672
40663 0.378
39744 0.733
41717 0.278
41992 0.598
45396 0.449
49277 0.628
17831 0.932
18071 0.886
44490 0.689
49207 0.656
20663 0.345
22057 0.410
19500 0.681
25771 0.408
16882 0.883
58021 0.332
32135 0.170
40679 0.597
12233 0.558
19170 0.870
14415 0.576
54143 0.378
40344 0.732
35533 0.103
10413 0.940
25007 0.594
43036 0.987
67 0.707
58187 0.829
36019 0.672
55587 0.721
47559 0.182
39900 0.944
12583 0.553
43621 0.842
44698 0.202
20110 0.831
28469 0.197
47836 0.352
54413 0.274
16087 0.832
27787 0.605
1960 0.954
19699 0.913
43462 0.423
42797 0.171
33014 0.482
48987 0.819
44851 0.500
18053 0.288
55330 0.612
23753 0.631
6999 0.668
8346 0.962
45829 0.324
6822 0.054
53789 0.378
4333 0.232
10921 0.007
56419 0.164
49248 0.414
5587 0.792
19764 0.047
20478 0.797
38641 0.454
20926 0.004
17813 0.581
14407 0.000
55625 0.594
51630 0.700
50317 0.461
45361 0.916
47637 0.713
17452 0.318
39517 0.858
33820 0.087
31793 0.181
6630 0.986
37879 0.562
49129 0.206
17578 0.085
51473 0.412
9398 0.429
35956 0.219
48957 0.825
43294 0.622
12451 0.209
35299 0.667
5723 0.637
16802 0.155
14291 0.335
2675 0.531
37515 0.082
22495 0.164
27442 0.703
57389 0.084
57189 0.572
34501 0.829
19080 0.168
32714 0.709
9735 0.946
9989 0.823
15206 0.585
49582 0.262
43155 0.002
8217 0.149
56924 0.420
9611 0.068
52158 0.598
37524 0.285
31902 0.616
42120 0.839
46584 0.351
38955 0.511
50163 0.982
3255 0.322
28086 0.505
8184 0.130
47653 0.676
38269 0.726
50403 0.245
32828 0.349
9100 0.956
24479 0.367
8536 0.529
57840 0.757
1319 0.983
17435 0.100
32699 0.505
38443 0.906
33866 0.352
56146 0.157
55927 0.092
30835 0.242
20506 0.867
46812 0.229
10710 0.553
231 0.618
47710 0.208
47963 0.793
51533 0.155
52190 0.409
24103 0.595
23449 0.384
12007 0.690
56287 0.118
26281 0.063
7638 0.462
16999 0.293
50336 0.001
56049 0.470
6397 0.091
16711 0.428
14158 0.270
56591 0.356
9134 0.258
16998 0.539
47084 0.739
14368 0.085
14977 0.856
10772 0.427
9856 0.769
7935 0.198
32129 0.480
37037 0.193
29909 0.838
32684 0.264
12207 0.013
8208 0.763
2610 0.284
54256 0.936
25700 0.609
21494 0.415
2101 0.085
41094 0.524
28829 0.537
53925 0.817
34829 0.262
40508 0.799
14558 0.628
13864 0.566
5520 0.398
43754 0.606
28629 0.278
17900 0.053
3288 0.781
10971 0.678
15072 0.780
19334 0.915
54956 0.836
19832 0.241
8036 0.870
20558 0.530
5055 0.393
6919 0.631
40243 0.326
53335 0.104
7058 0.204
10627 0.536
44719 0.009
18648 0.211
6264 0.178
3719 0.531
13326 0.000
46464 0.772
32502 0.612
14319 0.968
17152 0.130
238 0.700
42969 0.878
37750 0.327
57903 0.095
25950 0.363
38773 0.803
41699 0.390
38395 0.838
56530 0.133
16791 0.382
30784 0.555
25818 0.361
14371 0.466
30957 0.614
40381 0.053
24355 0.187
43548 0.651
8531 0.605
51656 0.070
58202 0.365
35703 0.420
7953 0.773
17852 0.283
7681 0.599
39964 0.516
41244 0.009
30577 0.557
5749 0.644
9313 0.025
47040 0.303
39905 0.561
28253 0.386
32856 0.011
53187 0.036
54526 0.184
19207 0.246
50595 0.668
57447 0.865
5957 0.863
12703 0.378
18469 0.348
17268 0.981
19020 0.032
2995 0.198
43883 0.903
36412 0.499
25040 0.974
50181 0.499
22449 0.094
42441 0.820
16648 0.617
10930 0.371
45780 0.189
30972 0.310
36223 0.374
41469 0.379
10296 0.099
23139 0.472
17585 0.792
33431 0.308
3226 0.209
12031 0.702
54375 0.635
22685 0.168
40590 0.641
48709 0.525
6626 0.686
13316 0.645
31647 0.413
38307 0.285
7987 0.397
15674 0.074
4941 0.284
38528 0.390
24389 0.519
18970 0.813
40544 0.684
49060 0.501
42588 0.158
2478 0.803
35365 0.438
16608 0.394
29028 0.941
3162 0.229
15187 0.959
28836 0.959
15221 0.293
31105 0.269
54036 0.502
39162 0.466
25326 0.761
36741 0.190
54356 0.160
56090 0.191
23089 0.710
26088 0.243
15986 0.671
33329 0.324
11933 0.425
28930 0.472
2713 0.633
13893 0.459
32185 0.350
45953 0.548
995 0.699
1657 0.121
38472 0.172
41672 0.509
13033 0.648
24774 0.486
22173 0.080
25542 0.343
34328 0.537
39353 0.761
43063 0.249
38814 0.531
25523 0.766
18746 0.990
33514 0.155
3184 0.126
33121 0.531
29931 0.139
16263 0.781
40050 0.128
44628 0.484
55953 0.153
4570 0.410
14149 0.381
43965 0.095
1246 0.962
19160 0.843
47629 0.795
31281 0.151
14672 0.879
27888 0.326
15696 0.329
23722 0.684
26029 0.297
37854 0.079
55162 0.922
6968 0.707
7527 0.854
56020 0.876
50577 0.924
14205 0.824
54227 0.657
35831 0.625
22153 0.179
30803 0.583
25979 0.218
18220 0.637
9185 0.467
7177 0.403
25862 0.341
45563 0.859
33286 0.453
13212 0.439
6224 0.525
26907 0.531
49593 0.833
28657 0.364
26875 0.028
19097 0.617
40247 0.074
53326 0.661
7599 0.460
34591 0.285
40683 0.287
41207 0.730
37552 0.946
8490 0.214
38422 0.543
6371 0.424
13030 0.142
30149 0.105
26454 0.211
13128 0.337
47107 0.335
38436 0.848
25708 0.325
20886 0.214
47327 0.723
1531 0.316
9583 0.302
30702 0.093
14068 0.306
54603 0.183
35493 0.113
26708 0.175
37487 0.173
31914 0.562
22415 0.331
5349 0.007
2115 0.154
30339 0.589
38235 0.387
22548 0.210
36892 0.753
13322 0.093
7239 0.141
46633 0.733
623 0.516
37232 0.273
43289 0.114
22375 0.375
46490 0.152
30987 0.665
44439 0.273
19633 0.910
17063 0.035
43333 0.387
39172 0.472
9624 0.275
45451 0.068
8288 0.902
16940 0.257
48424 0.666
11672 0.759
2452 0.394
45513 0.105
42894 0.836
10132 0.100
24587 0.729
29763 0.846
30275 0.303
31914 0.858
52260 0.833
38615 0.837
1794 0.085
39620 0.554
37155 0.359
37797 0.490
43558 0.545
40688 0.862
30905 0.249
684 0.797
30486 0.294
52147 0.342
45656 0.753
37937 0.842
2071 0.469
37120 0.622
33239 0.958
54882 0.311
27174 0.745
56161 0.683
28390 0.512
31381 0.914
44972 0.971
48530 0.079
54116 0.590
8956 0.097
57921 0.310
4955 0.227
8469 0.779
20438 0.198
16622 0.658
58197 0.371
25813 0.192
19202 0.899
49560 0.959
28458 0.220
43949 0.539
39272 0.162
50 0.287
54334 0.920
11356 0.431
7348 0.627
37371 0.586
28108 0.092
50133 0.743
10536 0.686
52363 0.898
10301 0.025
49013 0.913
52697 0.241
19945 0.638
8519 0.992
47581 0.550
26772 0.566
36692 0.458
27815 0.805
44074 0.000
24021 0.174
9159 0.926
835 0.441
15341 0.861
50737 0.651
23445 0.846
47133 0.944
45655 0.202
4302 0.080
47989 0.331
34347 0.812
22718 0.702
54610 0.219
31709 0.580
57070 0.535
4502 0.851
22683 0.392
51414 0.107
14073 0.987
36591 0.890
52842 0.996
16941 0.827
36472 0.527
11623 0.536
35558 0.241
22146 0.782
14597 0.401
25121 0.359
56886 0.860
32618 0.938
41029 0.870
56841 0.027
32953 0.816
52908 0.759
17939 0.593
26230 0.531
2596 0.990
23067 0.166
53993 0.758
1677 0.037
33368 0.997
20018 0.681
24314 0.767
50296 0.593
39495 0.003
33090 0.084
26173 0.647
18792 0.907
47182 0.536
15717 0.216
53871 0.315
27509 0.889
54638 0.817
5979 0.363
26191 0.084
51058 0.026
46273 0.399
25761 0.492
27842 0.070
5878 0.080
47064 0.266
57232 0.164
56119 0.663
32249 0.251
26399 0.245
24883 0.170
21026 0.594
49133 0.793
52590 0.334
39117 0.653
33347 0.593
20575 0.421
9181 0.800
10907 0.294
18904 0.662
31786 0.145
3004 0.583
46797 0.960
38540 0.397
44385 0.652
52214 0.854
30824 0.389
46327 0.090
14650 0.716
32867 0.458
56265 0.525
18266 0.371
31607 0.867
48707 0.546
26654 0.450
5037 0.802
47170 0.064
39512 0.898
44308 0.550
46307 0.007
44353 0.232
52695 0.465
6445 0.565
54554 0.526
30831 0.762
2253 0.867
21423 0.225
6769 0.817
3577 0.183
34613 0.927
9585 0.430
10934 0.566
20608 0.520
51451 0.069
8349 0.047
38689 0.401
50567 0.152
45224 0.032
22437 0.901
13016 0.450
19218 0.321
13291 0.134
5713 0.392
51851 0.032
15564 0.775
13588 0.190
53177 0.875
32521 0.657
39639 0.786
53149 0.438
47410 0.057
13313 0.988
29762 0.796
32682 0.660
45505 0.979
41805 0.383
52254 0.194
4223 0.092
13957 0.746
14959 0.045
36978 0.979
20096 0.875
55206 0.317
42631 0.565
40895 0.040
49997 0.240
47799 0.377
25487 0.322
2618 0.489
55995 0.214
21618 0.709
17540 0.354
12455 0.099
42667 0.244
23204 0.876
9448 0.495
17646 0.543
50839 0.635
31441 0.005
38280 0.581
9791 0.138
34738 0.083
50287 0.690
13073 0.641
52518 0.217
18928 0.092
35666 0.874
52392 0.235
50899 0.965
30454 0.689
12659 0.469
24392 0.220
42679 0.128
31387 0.116
23129 0.590
27921 0.339
13605 0.387
47540 0.649
46808 0.673
11135 0.823
47598 0.226
29476 0.341
29863 0.695
22622 0.567
6003 0.801
37653 0.939
43661 0.509
23762 0.399
3138 0.311
4103 0.048
27860 0.676
47058 0.045
34535 0.915
32290 0.345
51892 0.770
56711 0.750
22917 0.090
1650 0.668
7569 0.751
2207 0.408
12341 0.495
45718 0.830
18313 0.168
53444 0.667
8955 0.568
10105 0.255
56381 0.472
1365 0.705
35010 0.714
26997 0.393
36959 0.967
57380 0.911
48499 0.798
51378 0.121
34194 0.398
3294 0.743
40331 0.507
49532 0.546
689 0.803
51919 0.150
31933 0.386
6891 0.672
6065 0.367
11926 0.460
27323 0.037
35592 0.204
49141 0.764
25415 0.715
47385 0.386
5652 0.212
48147 0.383
45099 0.780
9053 0.646
24711 0.991
40629 0.505
8299 0.408
12760 0.943
53395 0.245
27255 0.415
7619 0.996
5059 0.128
53037 0.159
14228 0.331
13905 0.009
4504 0.055
33320 0.423
33815 0.038
35408 0.611
55247 0.772
1501 0.160
2159 0.341
40006 0.839
17239 0.651
49212 0.143
49921 0.765
38565 0.373
17126 0.511
42782 0.748
23491 0.415
48086 0.096
53994 0.031
44335 0.806
6318 0.674
9912 0.623
25288 0.413
28215 0.531
14197 0.128
18844 0.143
25575 0.388
28276 0.860
40666 0.196
32664 0.986
2000 0.365
8185 0.955
9819 0.626
56795 0.560
57346 0.846
14450 0.272
21639 0.944
41107 0.517
43349 0.310
57070 0.957
50359 0.425
51462 0.116
50864 0.043
41993 0.473
3022 0.800
19490 0.827
23679 0.703
11272 0.920
12221 0.235
51145 0.830
40055 0.233
49868 0.544
17621 0.939
19950 0.889
51182 0.075
26624 0.696
4166 0.411
37659 0.481
52982 0.574
42981 0.048
48600 0.629
26337 0.803
13547 0.471
7335 0.576
27346 0.324
2237 0.239
1083 0.564
30245 0.740
10396 0.092
37518 0.294
14290 0.157
31945 0.148
44768 0.682
27323 0.655
13362 0.990
56439 0.632
20788 0.744
37008 0.722
43226 0.876
12547 0.362
34167 0.703
49907 0.809
8747 0.920
42303 0.551
8582 0.859
57638 0.151
19810 0.825
32413 0.943
45369 0.199
30968 0.604
8796 0.783
7582 0.187
19703 0.406
6981 0.185
27051 0.733
11049 0.025
14197 0.177
43398 0.404
13000 0.303
29643 0.129
19482 0.980
6057 0.984
11925 0.962
1609 0.611
15057 0.906
52072 0.705
17973 0.804
44720 0.433
47550 0.730
1939 0.937
53986 0.118
57465 0.316
20423 0.308
44255 0.063
48178 0.419
9040 0.593
39848 0.551
42644 0.288
32467 0.887
42147 0.565
38351 0.470
10597 0.296
11030 0.654
54365 0.226
39530 0.587
30849 0.117
39929 0.423
45531 0.646
14637 0.116
46993 0.950
49277 0.637
1714 0.133
41791 0.866
20501 0.202
42544 0.218
38625 0.452
28415 0.489
51809 0.857
32034 0.301
42739 0.590
14565 0.218
5653 0.961
10913 0.171
17737 0.133
7754 0.749
52279 0.565
46306 0.379
46176 0.260
51073 0.207
47211 0.708
4753 0.251
24982 0.665
38777 0.669
27478 0.696
54121 0.783
12290 0.646
57644 0.704
17313 0.280
1591 0.677
12314 0.359
26161 0.251
5497 0.896
57057 0.349
43329 0.803
56766 0.039
45988 0.816
18832 0.853
26715 0.292
17656 0.054
40435 0.499
35618 0.282
55612 0.854
29868 0.971
2099 0.948
48809 0.410
44040 0.524
17981 0.704
4729 0.218
39629 0.686
45439 0.826
49150 0.861
26033 0.298
7742 0.820
57637 0.934
14447 0.629
3659 0.569
21496 0.918
35684 0.483
11840 0.172
45700 0.610
43824 0.575
5695 0.445
33854 0.820
25758 0.353
30347 0.179
847 0.696
52488 0.954
4305 0.683
1604 0.613
29080 0.825
51058 0.399
19245 0.001
24566 0.335
31396 0.233
54412 0.810
52557 0.939
50307 0.186
22760 0.171
7091 0.788
45966 0.870
32008 0.705
43447 0.843
30834 0.197
35877 0.921
22721 0.411
16310 0.831
45634 0.741
56546 0.568
3733 0.962
45609 0.116
25841 0.247
31478 0.288
52429 0.663
16223 0.241
40326 0.739
50778 0.238
25160 0.260
5031 0.918
28332 0.748
25519 0.436
36709 0.989
11607 0.997
52034 0.156
56677 0.916
34090 0.826
56858 0.721
25051 0.325
26655 0.397
11390 0.950
41195 0.393
29297 0.072
51238 0.959
30950 0.156
1379 0.567
44246 0.430
25946 0.357
35681 0.794
47186 0.817
55434 0.819
43660 0.494
10434 0.088
8117 0.526
5114 0.572
47514 0.191
19915 0.025
34465 0.263
6839 0.366
21523 0.687
50309 0.461
4750 0.810
45302 0.725
26752 0.021
28393 0.638
33655 0.748
8005 0.995
49620 0.304
5063 0.432
48556 0.029
16527 0.042
13598 0.203
29842 0.308
32204 0.881
43485 0.649
15306 0.915
29634 0.687
36899 0.275
26646 0.984
21574 0.741
27776 0.037
41886 0.155
54655 0.097
13590 0.373
2236 0.357
6712 0.995
50264 0.532
9275 0.798
16285 0.146
18328 0.238
50694 0.748
44580 0.783
51922 0.771
15127 0.447
11319 0.478
41342 0.440
13520 0.163
13055 0.345
11056 0.457
35755 0.415
14644 0.208
51486 0.876
48608 0.188
28824 0.028
29612 0.182
3997 0.856
8532 0.552
19727 0.934
53956 0.205
28362 0.666
49595 0.202
46709 0.412
22832 0.711
55737 0.910
50608 0.529
16668 0.093
49415 0.997
15942 0.536
28986 0.137
38375 0.157
37345 0.668
17020 0.366
36109 0.975
9477 0.914
3105 0.542
15753 0.631
42192 0.883
25706 0.826
12556 0.852
37290 0.757
23749 0.015
27830 0.970
55425 0.844
34836 0.424
33565 0.545
19540 0.874
57697 0.729
40793 0.740
865 0.832
54344 0.783
41716 0.130
14910 0.206
43946 0.810
8905 0.078
28958 0.719
28592 0.428
26037 0.296
26033 0.400
15273 0.943
21635 0.478
19498 0.568
19495 0.935
27684 0.848
10204 0.178
40557 0.107
5549 0.355
26350 0.426
21449 0.650
18122 0.161
14041 0.996
26515 0.749
50064 0.016
14526 0.908
19464 0.694
20467 0.294
18150 0.229
8878 0.769
57214 0.136
7950 0.324
13593 0.597
51818 0.442
18914 0.192
39310 0.912
7213 0.945
11344 0.678
33941 0.342
48510 0.228
42573 0.937
40405 0.981
7112 0.009
21423 0.524
45243 0.700
11116 0.800
15955 0.998
30143 0.195
7839 0.589
1215 0.024
19668 0.368
47914 0.479
31297 0.677
13679 0.369
53224 0.621
24214 0.805
8585 0.562
38738 0.782
21790 0.073
16717 0.833
27623 0.286
2950 0.246
11859 0.420
16618 0.655
57418 0.238
40972 0.715
28517 0.797
17950 0.716
53924 0.023
54601 0.827
36954 0.531
41867 0.117
57923 0.093
4793 0.841
22692 0.023
11310 0.017
3238 0.012
46398 0.651
11827 0.197
56873 0.151
18976 0.264
8868 0.433
8341 0.836
42525 0.421
22653 0.988
11443 0.968
17950 0.686
22075 0.356
18034 0.351
41045 0.648
10805 0.162
34063 0.908
2417 0.363
57928 0.079
31790 0.687
33025 0.946
38297 0.887
46895 0.064
18407 0.834
4459 0.281
53718 0.684
53779 0.952
6274 0.402
18812 0.736
26938 0.786
6893 0.295
20098 0.896
39455 0.063
10480 0.721
57955 0.032
14692 0.831
43596 0.814
48096 0.894
5220 0.703
10286 0.137
8621 0.229
21138 0.592
24346 0.055
13466 0.826
38014 0.989
11666 0.315
31383 0.058
55543 0.445
52060 0.373
40641 0.797
42900 0.913
4199 0.587
38077 0.433
21830 0.419
53671 0.099
10781 0.196
7859 0.641
31045 0.921
10443 0.734
8271 0.400
19899 0.386
1053 0.988
5998 0.955
5791 0.514
18343 0.977
57247 0.253
8865 0.460
29250 0.488
5640 0.445
45475 0.045
30840 0.833
29402 0.348
10456 0.721
33770 0.418
27659 0.457
18862 0.549
39831 0.741
56093 0.287
12236 0.090
44237 0.197
6744 0.292
12563 0.709
20021 0.296
11309 0.577
56672 0.455
17868 0.810
2534 0.052
22172 0.503
38025 0.100
14520 0.502
57577 0.359
39649 0.973
30523 0.552
29410 0.183
53592 0.945
39133 0.013
50727 0.866
13773 0.986
33814 0.836
32719 0.737
19182 0.332
22148 0.932
17862 0.575
16299 0.755
33891 0.142
46570 0.733
16379 0.064
36520 0.877
56906 0.696
10704 0.176
57432 0.659
29705 0.583
49689 0.872
50512 0.849
49741 0.869
10020 0.682
26443 0.248
39363 0.677
10912 0.697
3494 0.754
20601 0.964
40759 0.607
41695 0.473
35971 0.692
5947 0.439
50035 0.761
43282 0.763
4737 0.808
13250 0.279
19340 0.860
3952 0.962
55523 0.967
1990 0.482
5371 0.894
46398 0.846
29734 0.530
57092 0.948
26339 0.227
26917 0.323
48804 0.905
17168 0.820
32392 0.812
48162 0.645
33630 0.710
35668 0.716
57356 0.984
51155 0.753
39889 0.932
47203 0.827
42535 0.563
12323 0.851
3570 0.607
925 0.188
21100 0.511
24321 0.471
41921 0.245
6668 0.549
20015 0.331
34384 0.387
48326 0.224
1340 0.609
33810 0.992
16351 0.752
30240 0.339
17163 0.770
46022 0.462
18917 0.462
32180 0.939
22608 0.643
49623 0.638
47888 0.165
38927 0.413
302 0.832
11807 0.243
36556 0.509
13641 0.431
34137 0.188
1477 0.854
13465 0.484
29139 0.124
50419 0.118
44615 0.595
6897 0.469
41987 0.280
53529 0.032
29830 0.046
50263 0.698
46135 0.622
44990 0.440
1001 0.779
48893 0.542
7953 0.706
33523 0.926
1346 0.155
57741 0.973
7430 0.610
36455 0.014
18087 0.414
38424 0.792
50559 0.483
15336 0.235
34809 0.524
7404 0.356
51818 0.061
48899 0.571
4199 0.734
37134 0.269
34195 0.600
36248 0.500
34808 0.113
17531 0.649
15156 0.191
34327 0.543
25322 0.572
53569 0.972
4358 0.491
55684 0.261
23037 0.671
5612 0.952
8656 0.476
5967 0.579
47554 0.195
17919 0.325
51703 0.321
27397 0.235
30857 0.997
39278 0.777
34483 0.296
8370 0.765
40407 0.427
47680 0.373
56883 0.208
26449 0.595
56565 0.870
215 0.645
2327 0.849
15686 0.826
45159 0.473
31539 0.409
56298 0.230
14027 0.616
53352 0.729
4189 0.295
37 0.717
29500 0.978
2600 0.441
29584 0.947
51797 0.852
22388 0.740
22885 0.480
42856 0.258
19836 0.303
15505 0.818
13345 0.310
7460 0.343
9783 0.826
43405 0.736
21516 0.340
39985 0.632
15455 0.953
1110 0.933
40467 0.852
38576 0.234
42871 0.684
1774 0.506
39362 0.988
34892 0.367
42695 0.873
31285 0.719
20633 0.351
36498 0.388
28350 0.437
45254 0.076
38191 0.793
43992 0.381
21211 0.835
22458 0.438
22193 0.957
994 0.057
28143 0.392
24859 0.199
15628 0.509
29453 0.483
37444 0.173
46965 0.980
35631 0.794
40377 0.141
39902 0.286
40592 0.460
33510 0.565
29554 0.546
48691 0.006
12797 0.036
54403 0.777
10546 0.524
19781 0.248
22517 0.599
10846 0.694
33071 0.165
19402 0.355
28145 0.660
7630 0.142
43133 0.304
9851 0.799
10823 0.587
30947 0.841
42631 0.013
57894 0.269
57407 0.895
29854 0.127
20492 0.917
35786 0.116
23178 0.249
42341 0.564
42322 0.529
43503 0.060
39604 0.396
35164 0.293
21575 0.605
23369 0.687
17968 0.405
51568 0.341
45426 0.617
17630 0.917
50920 0.468
26999 0.828
24006 0.474
28603 0.159
56258 0.498
33115 0.861
18996 0.882
49795 0.119
5032 0.422
16831 0.727
19387 0.272
48554 0.801
54425 0.312
3631 0.805
2751 0.892
43624 0.517
29249 0.658
44728 0.999
13879 0.762
54746 0.854
45877 0.874
36925 0.272
53700 0.401
21327 0.430
21968 0.350
28574 0.376
32839 0.215
49328 0.659
9568 0.673
6089 0.518
1498 0.003
13463 0.138
46736 0.453
34070 0.965
7710 0.744
4304 0.931
13776 0.189
2390 0.627
34740 0.588
36471 0.818
27041 0.095
49147 0.051
53717 0.212
11292 0.695
42478 0.546
4994 0.943
13085 0.496
28058 0.219
18685 0.770
28606 0.740
1672 0.988
4690 0.186
10419 0.272
54494 0.124
39487 0.563
35855 0.604
21599 0.060
7595 0.128
36132 0.280
48949 0.822
30312 0.596
17626 0.478
4324 0.098
42274 0.974
23998 0.603
20597 0.596
52193 0.128
53088 0.144
38557 0.264
25086 0.186
13852 0.272
25109 0.464
32500 0.471
23701 0.802
28563 0.065
25575 0.613
39968 0.779
9447 0.249
24870 0.490
14999 0.503
47269 0.766
19111 0.337
15847 0.741
51184 0.461
46253 0.036
47083 0.215
36762 0.762
30590 0.184
38208 0.994
35014 0.772
51554 0.764
15871 0.290
28531 0.698
29916 0.967
17310 0.642
17027 0.437
11803 0.121
55536 0.804
13897 0.808
3887 0.714
53751 0.687
2606 0.107
43496 0.388
56119 0.539
9702 0.089
49434 0.499
39727 0.492
17924 0.232
41816 0.275
45605 0.932
32530 0.135
44139 0.044
23145 0.723
23097 0.924
2384 0.383
13114 0.721
34056 0.185
44087 0.462
34904 0.610
28348 0.001
19997 0.783
5416 0.450
41460 0.514
34015 0.902
41300 0.029
3861 0.019
11919 0.525
30576 0.163
14850 0.935
40359 0.535
40330 0.624
18665 0.896
12677 0.241
33588 0.333
48131 0.299
29976 0.406
13463 0.601
44099 0.211
5584 0.343
42667 0.135
50267 0.477
38403 0.582
16203 0.915
23685 0.805
4370 0.234
29227 0.206
57810 0.076
37509 0.947
15768 0.118
9223 0.872
27354 0.168
51143 0.813
55414 0.774
18163 0.157
50599 0.783
8053 0.233
31479 0.437
26422 0.496
43003 0.379
42524 0.361
34513 0.892
25188 0.651
24962 0.555
11574 0.369
34721 0.770
30478 0.354
54712 0.252
9692 0.952
46937 0.968
34912 0.976
356 0.311
30647 0.570
31944 0.680
20531 0.659
7025 0.293
20714 0.905
15764 0.905
14664 0.948
48194 0.067
26187 0.082
25086 0.515
3704 0.232
54598 0.002
12386 0.023
28579 0.664
15418 0.831
22161 0.478
13039 0.251
6125 0.297
30332 0.866
49316 0.549
48523 0.233
52497 0.959
9956 0.359
53869 0.142
24963 0.324
27488 0.727
38441 0.256
46779 0.925
1827 0.928
32406 0.083
44827 0.057
15359 0.976
16918 0.880
1097 0.843
20042 0.266
20780 0.362
26164 0.479
56463 0.411
49800 0.552
37181 0.060
41317 0.742
24256 0.930
10015 0.491
14720 0.392
48479 0.517
22523 0.201
10345 0.422
5263 0.318
13469 0.447
10052 0.698
48186 0.504
6110 0.677
48952 0.852
34357 0.904
15879 0.348
52790 0.399
21165 0.822
11333 0.172
11736 0.152
33278 0.357
13232 0.476
8657 0.700
8617 0.221
34134 0.563
7193 0.132
55459 0.141
7655 0.571
12901 0.165
25770 0.437
56808 0.262
57261 0.182
7370 0.549
22296 0.023
8778 0.074
633 0.396
51382 0.104
4913 0.761
6982 0.876
57640 0.002
9083 0.609
42450 0.469
29944 0.436
14973 0.830
280 0.053
34779 0.717
51563 0.155
48772 0.015
51420 0.251
54135 0.637
15355 0.027
15124 0.632
1529 0.358
30418 0.362
40847 0.743
40686 0.374
27017 0.345
24387 0.345
55198 0.675
13058 0.962
7747 0.777
44587 0.590
30350 0.240
45381 0.708
11358 0.985
26627 0.002
44302 0.816
44946 0.515
4522 0.724
43888 0.178
47826 0.900
25373 0.750
17236 0.919
35953 0.706
38302 0.829
22381 0.926
2209 0.606
56515 0.841
50264 0.094
49259 0.175
5369 0.892
54090 0.684
26644 0.716
53260 0.386
21247 0.520
17200 0.123
4195 0.445
14591 0.926
9130 0.381
46405 0.822
18602 0.439
18293 0.809
45685 0.246
37023 0.726
39717 0.649
35270 0.684
3252 0.964
38314 0.513
1910 0.758
26105 0.036
37277 0.046
24402 0.150
42176 0.652
16040 0.053
51560 0.755
29465 0.023
7419 0.697
23990 0.214
7293 0.748
50920 0.557
34673 0.059
55898 0.987
11095 0.505
1640 0.356
50595 0.210
1592 0.081
23992 0.726
18421 0.147
38791 0.284
17820 0.841
4353 0.470
44500 0.583
44932 0.968
35826 0.371
38502 0.934
2180 0.899
32573 0.032
42631 0.862
20522 0.958
13261 0.884
18522 0.119
10895 0.605
57825 0.812
50450 0.554
13722 0.556
40919 0.435
49041 0.904
29964 0.390
5384 0.643
13009 0.054
19847 0.208
49100 0.352
21728 0.714
34195 0.076
21611 0.137
42370 0.783
58071 0.323
11533 0.715
39248 0.166
18310 0.853
52477 0.408
22586 0.798
26573 0.666
2146 0.517
40882 0.276
19883 0.764
27196 0.512
26388 0.577
17332 0.145
55035 0.349
35398 0.681
6489 0.664
6876 0.900
31029 0.826
45305 0.954
7704 0.465
38666 0.563
31686 0.813
499 0.786
54798 0.120
43899 0.748
35750 0.773
3683 0.826
54064 0.665
9431 0.265
29092 0.550
38178 0.286
19066 0.872
42130 0.923
6663 0.598
12505 0.242
53430 0.764
4598 0.423
8185 0.359
18313 0.832
51411 0.830
45293 0.249
19553 0.229
38369 0.131
39487 0.220
