5000
17029 0.804
32781 0.354
29952 0.760
16019 0.011
3339 0.208
3652 0.158
10613 0.142
4097 0.995
11489 0.880
30266 0.453
3229 0.820
3074 0.386
26301 0.850
11364 0.373
674 0.012
7085 0.746
1586 0.804
20614 0.938
15902 0.270
19746 0.072
17348 0.867
27925 0.485
29434 0.935
9628 0.742
5034 0.951
7198 0.086
3383 0.564
25794 0.334
1209 0.196
23999 0.258
6640 0.725
5082 0.190
8625 0.046
27880 0.540
16363 0.231
4050 0.740
12586 0.194
9921 0.297
15284 0.123
19335 0.322
9966 0.396
11005 0.356
33071 0.507
1828 0.284
26448 0.803
16178 0.894
16079 0.786
27802 0.199
33104 0.309
15850 0.564
9489 0.954
10767 0.345
36657 0.859
4182 0.633
36518 0.346
6844 0.781
28881 0.653
34296 0.670
11339 0.847
2919 0.578
22493 0.011
32542 0.469
23326 0.632
5495 0.345
5425 0.859
29862 0.037
22589 0.531
12895 0.967
17724 0.477
16472 0.889
24555 0.673
28357 0.345
22604 0.975
6836 0.324
35483 0.230
20317 0.798
26082 0.899
4527 0.650
15644 0.546
9840 0.967
23766 0.660
1408 0.363
27024 0.833
31062 0.908
13360 0.225
21823 0.523
32584 0.258
11755 0.939
26445 0.016
16115 0.692
20248 0.123
14324 0.690
3376 0.853
5781 0.685
29596 0.472
8480 0.818
11958 0.660
17144 0.876
1503 0.578
10372 0.173
19009 0.309
9256 0.436
991 0.894
30915 0.920
36429 0.653
30029 0.946
16661 0.167
16739 0.065
27390 0.478
27756 0.718
19472 0.926
27908 0.085
10967 0.441
34892 0.942
17548 0.383
23690 0.949
17080 0.566
8073 0.181
26730 0.856
31820 0.053
11734 0.310
20157 0.213
16001 0.839
17345 0.465
26277 0.332
8754 0.917
27713 0.382
33973 0.132
33879 0.938
29809 0.992
9532 0.235
13140 0.311
6192 0.116
5138 0.968
22856 0.858
3693 0.256
33426 0.996
29757 0.025
8360 0.962
13737 0.112
23330 0.599
10021 0.165
685 0.668
8425 0.168
9361 0.171
1080 0.793
5858 0.278
5686 0.085
6738 0.603
14570 0.829
26236 0.023
12526 0.626
24701 0.879
34044 0.596
19825 0.339
2158 0.707
21069 0.842
3180 0.105
29627 0.224
19113 0.116
21381 0.267
7743 0.844
26770 0.384
13532 0.775
26855 0.911
12131 0.120
14102 0.190
33508 0.079
3543 0.067
7567 0.091
8327 0.447
9546 0.554
25443 0.648
6299 0.895
28667 0.074
16784 0.478
11860 0.243
24776 0.831
2564 0.593
16270 0.142
14782 0.256
3245 0.898
27208 0.189
21266 0.912
20716 0.033
11236 0.566
28809 0.192
26988 0.111
22975 0.802
14900 0.146
20361 0.734
12252 0.317
9441 0.761
1278 0.219
25045 0.478
32932 0.318
10050 0.695
10208 0.816
13756 0.300
19262 0.691
2529 0.570
36213 0.823
23755 0.353
5281 0.780
28850 0.321
28005 0.105
28281 0.015
5524 0.735
21352 0.221
5695 0.744
32769 0.062
31 0.273
8851 0.280
30029 0.143
4546 0.901
8685 0.145
5438 0.760
36460 0.617
3654 0.237
20354 0.760
20544 0.200
775 0.928
32181 0.254
20791 0.743
23103 0.329
6651 0.456
31424 0.417
18342 0.273
6009 0.856
2936 0.135
5420 0.895
32130 0.564
36674 0.267
24865 0.383
6185 0.841
6598 0.438
18655 0.945
313 0.291
22135 0.602
21551 0.047
10214 0.203
17085 0.734
11422 0.772
27628 0.443
35012 0.754
33926 0.415
453 0.976
22962 0.622
14570 0.356
22614 0.270
36466 0.355
31337 0.609
6027 0.172
30835 0.655
1708 0.904
7010 0.396
24788 0.825
27931 0.202
34993 0.634
9564 0.845
21527 0.130
18511 0.723
7002 0.513
4827 0.000
14873 0.314
12971 0.630
10784 0.958
26466 0.389
765 0.374
20633 0.135
14539 0.026
33788 0.377
29031 0.966
7160 0.463
8034 0.393
27389 0.709
12015 0.064
14013 0.607
18813 0.788
25267 0.427
9806 0.950
19883 0.291
11170 0.319
4929 0.879
28011 0.603
19809 0.429
12855 0.479
8100 0.140
936 0.065
7564 0.071
15961 0.488
16828 0.409
3806 0.977
19009 0.234
19353 0.063
33553 0.652
22703 0.343
18818 0.719
32295 0.209
2791 0.274
29788 0.475
5469 0.113
2359 0.401
24458 0.133
16819 0.272
34578 0.312
12772 0.271
27096 0.760
23427 0.227
24259 0.104
3984 0.858
35905 0.006
8383 0.676
22247 0.800
25734 0.434
8281 0.618
5694 0.304
22026 0.872
30348 0.211
35158 0.003
1144 0.118
12664 0.395
7294 0.979
26019 0.405
20509 0.923
29024 0.808
31486 0.703
26311 0.751
25600 0.589
27484 0.599
32823 0.408
29817 0.530
18181 0.373
13793 0.233
30125 0.065
30705 0.909
30903 0.968
10631 0.576
2182 0.621
21633 0.730
28936 0.997
25160 0.483
11695 0.097
2066 0.007
22542 0.250
21028 0.783
5188 0.324
19693 0.381
1524 0.948
14333 0.121
23452 0.437
35836 0.815
12339 0.071
14651 0.430
36175 0.844
26181 0.841
27627 0.126
24336 0.971
28767 0.879
24783 0.774
35853 0.411
19541 0.955
12191 0.718
19869 0.149
30158 0.197
10046 0.412
31356 0.481
25989 0.840
6019 0.935
12442 0.870
33163 0.530
2696 0.141
30157 0.805
1084 0.758
6776 0.278
9024 0.667
889 0.034
2793 0.261
20627 0.830
4812 0.291
13245 0.050
25691 0.398
1607 0.530
20572 0.955
24128 0.038
16843 0.056
33602 0.260
36003 0.287
5721 0.510
36386 0.527
13633 0.039
12122 0.692
27049 0.856
9767 0.087
3454 0.095
2265 0.600
29699 0.103
19319 0.131
20993 0.420
14376 0.826
13675 0.705
6283 0.589
28245 0.783
3704 0.679
16494 0.140
5223 0.491
7222 0.379
9961 0.677
21258 0.213
15641 0.077
33390 0.200
3962 0.749
837 0.008
34942 0.230
5786 0.090
31266 0.265
28346 0.385
22997 0.526
36480 0.630
18332 0.458
2917 0.135
27046 0.825
18411 0.080
12187 0.822
271 0.698
8984 0.765
28277 0.861
5649 0.680
3733 0.047
26704 0.964
15338 0.686
29309 0.591
31330 0.459
10849 0.102
6532 0.693
19006 0.672
8431 0.414
32424 0.452
1254 0.615
9421 0.781
26202 0.244
15083 0.349
8880 0.694
32670 0.831
20955 0.317
5561 0.984
25308 0.851
2155 0.303
34091 0.645
25732 0.275
35598 0.685
25566 0.021
15642 0.196
36401 0.395
21685 0.870
24443 0.179
16047 0.510
35566 0.350
32327 0.605
27948 0.418
16010 0.658
6075 0.831
9865 0.563
30729 0.575
6833 0.140
26469 0.196
12386 0.579
6320 0.795
11912 0.146
29324 0.229
13556 0.241
6294 0.542
36679 0.649
4253 0.555
3757 0.522
30265 0.521
18596 0.137
12261 0.973
24140 0.123
29735 0.855
31057 0.201
34064 0.479
34478 0.797
30173 0.720
30715 0.442
26818 0.395
5925 0.586
12315 0.509
1108 0.496
9789 0.143
33498 0.628
35983 0.347
15227 0.227
27337 0.292
6273 0.639
19921 0.979
10964 0.267
4297 0.447
32589 0.048
10452 0.265
25451 0.675
30763 0.862
31548 0.866
35613 0.729
3585 0.794
4316 0.657
9144 0.810
15326 0.374
15490 0.003
18025 0.249
6220 0.479
16364 0.131
22401 0.303
30940 0.629
24025 0.475
8277 0.589
8321 0.638
25936 0.765
1706 0.957
36246 0.153
36555 0.914
11495 0.937
13870 0.675
22440 0.360
12404 0.083
2085 0.973
7822 0.522
8711 0.565
866 0.642
25623 0.966
26789 0.060
6600 0.527
30655 0.663
5251 0.993
6242 0.145
35091 0.788
21094 0.514
11807 0.126
23536 0.574
16355 0.001
33072 0.593
1661 0.200
18462 0.427
21004 0.619
26697 0.623
17628 0.594
20681 0.790
4136 0.800
20898 0.115
23364 0.695
13115 0.079
35900 0.799
36563 0.648
19153 0.275
25251 0.225
25804 0.840
5000 0.108
5645 0.998
32149 0.120
9571 0.163
35758 0.999
21699 0.487
34120 0.584
32236 0.950
9861 0.451
21897 0.999
19596 0.283
3443 0.355
19691 0.186
20450 0.636
29518 0.117
35860 0.295
33256 0.226
11009 0.856
31759 0.004
12512 0.069
3942 0.948
19054 0.113
29306 0.835
4517 0.910
14828 0.952
27220 0.888
6634 0.881
30342 0.797
24123 0.553
8424 0.343
36405 0.443
19261 0.893
20358 0.651
31913 0.637
11683 0.598
8623 0.337
23529 0.219
27815 0.718
19328 0.065
19508 0.321
31454 0.180
26080 0.625
18589 0.382
14843 0.262
10192 0.451
19538 0.731
15309 0.171
1799 0.378
13428 0.210
35837 0.478
16202 0.421
24472 0.790
30743 0.253
18943 0.307
18920 0.098
32354 0.009
14069 0.234
11202 0.968
10162 0.952
6617 0.871
36176 0.574
32427 0.221
34772 0.577
6210 0.486
21103 0.121
21238 0.233
13813 0.979
27894 0.708
25256 0.686
21286 0.110
25751 0.440
20613 0.413
35764 0.168
34388 0.787
13959 0.722
31554 0.745
16824 0.186
7177 0.414
33660 0.633
4619 0.689
21613 0.090
25278 0.704
9562 0.160
13222 0.733
22672 0.746
29682 0.141
32122 0.066
11586 0.135
16631 0.343
20291 0.605
27320 0.482
28851 0.267
20840 0.642
22431 0.889
20135 0.346
11879 0.743
500 0.394
17923 0.654
18759 0.821
33693 0.606
6196 0.865
10951 0.355
5301 0.782
3364 0.491
32040 0.507
35636 0.287
21287 0.454
21423 0.609
17641 0.580
31413 0.165
23022 0.170
30912 0.525
8682 0.184
13418 0.576
21819 0.864
22809 0.555
12150 0.668
35721 0.132
26341 0.884
11207 0.872
36596 0.113
6449 0.956
32952 0.175
15168 0.059
36142 0.576
14797 0.219
12927 0.715
6690 0.839
6336 0.330
30194 0.860
13797 0.333
8459 0.833
7976 0.817
32072 0.800
16790 0.701
792 0.317
14494 0.380
29363 0.201
32417 0.596
30248 0.629
27043 0.575
7450 0.842
13183 0.628
24015 0.557
28314 0.820
215 0.010
32854 0.577
2202 0.184
7902 0.888
28710 0.743
7279 0.178
14293 0.589
23319 0.647
29647 0.949
4146 0.171
1777 0.047
30686 0.437
9041 0.442
2205 0.647
12610 0.978
820 0.987
16524 0.633
7341 0.057
14681 0.248
26294 0.897
19908 0.729
28357 0.755
12206 0.032
32922 0.873
27599 0.025
10023 0.284
13914 0.988
30950 0.673
11180 0.844
3815 0.305
15770 0.624
19060 0.022
30551 0.034
9205 0.817
4477 0.710
11157 0.651
8662 0.521
13328 0.829
26154 0.619
8218 0.382
34534 0.083
21678 0.358
16212 0.092
33259 0.370
30791 0.893
19710 0.519
22384 0.384
8514 0.449
21174 0.066
1539 0.567
12420 0.895
16007 0.241
16335 0.108
25891 0.905
29506 0.231
26601 0.545
1551 0.580
36054 0.435
35984 0.303
25261 0.999
10559 0.957
24324 0.859
29433 0.108
25945 0.093
33231 0.837
23373 0.351
21538 0.929
9784 0.927
29433 0.309
20583 0.799
12694 0.467
34334 0.068
6371 0.218
34361 0.171
16435 0.236
1835 0.476
5937 0.003
6771 0.034
12543 0.225
10479 0.119
20921 0.353
28291 0.290
6272 0.961
11724 0.260
26652 0.887
22629 0.232
36252 0.224
33910 0.424
9902 0.885
33920 0.349
33606 0.502
36035 0.949
23415 0.960
1811 0.853
25406 0.133
25543 0.260
9385 0.264
28292 0.350
32146 0.623
25607 0.492
23018 0.719
20036 0.937
11704 0.331
20424 0.715
30059 0.748
13549 0.930
33194 0.652
22460 0.305
20365 0.348
26072 0.853
29133 0.133
31111 0.700
23334 0.393
1543 0.171
32412 0.722
16012 0.940
26804 0.212
24996 0.748
8106 0.442
10167 0.802
22309 0.445
31503 0.837
27774 0.821
17911 0.198
5546 0.993
6151 0.474
25086 0.944
7303 0.996
33843 0.982
308 0.761
10075 0.485
30711 0.162
26580 0.053
10610 0.372
3411 0.483
9302 0.290
35486 0.398
17091 0.972
18625 0.353
21401 0.524
17637 0.172
24034 0.871
31558 0.387
33000 0.547
35681 0.081
32171 0.655
16800 0.497
27814 0.258
13004 0.765
17838 0.554
2647 0.176
3969 0.724
24583 0.570
20492 0.873
21397 0.141
13394 0.197
448 0.271
36637 0.475
27149 0.626
20959 0.421
14463 0.520
19383 0.559
13134 0.642
31044 0.665
21445 0.401
12106 0.431
4624 0.821
19180 0.892
29099 0.920
6361 0.095
6837 0.844
32221 0.358
9950 0.321
26060 0.248
14233 0.626
28161 0.074
15590 0.782
29221 0.743
19809 0.155
12506 0.211
909 0.119
22835 0.568
16192 0.167
15322 0.528
8742 0.708
11340 0.867
6985 0.076
34016 0.628
9014 0.929
33633 0.858
4590 0.652
36133 0.936
36521 0.718
23074 0.627
14816 0.576
28469 0.312
1221 0.678
11284 0.094
4053 0.611
26496 0.105
10013 0.232
8242 0.439
5964 0.802
8694 0.118
16882 0.502
12162 0.018
6511 0.793
22763 0.529
13919 0.965
34530 0.669
29747 0.603
20408 0.770
19268 0.855
23127 0.673
17988 0.915
16974 0.945
36390 0.636
13800 0.436
33882 0.098
11310 0.821
36452 0.577
22511 0.222
4224 0.385
23217 0.700
28411 0.557
29874 0.170
35102 0.135
12395 0.043
20593 0.594
25921 0.159
4136 0.228
2834 0.103
8750 0.809
5300 0.232
36674 0.706
36556 0.063
15329 0.457
24813 0.815
955 0.702
17306 0.265
18753 0.613
16559 0.236
31256 0.650
3861 0.330
4347 0.213
932 0.210
33244 0.249
35355 0.402
33803 0.648
3095 0.298
20365 0.255
30673 0.824
30489 0.531
7105 0.708
18101 0.785
33464 0.563
8379 0.134
11922 0.019
14432 0.556
22173 0.537
14271 0.434
13896 0.898
989 0.110
9672 0.511
32195 0.321
16925 0.401
21478 0.646
23456 0.711
17700 0.536
3208 0.696
30661 0.976
8190 0.119
35713 0.455
2240 0.626
10113 0.187
6282 0.104
28536 0.846
18259 0.988
23573 0.991
33289 0.412
22331 0.581
12777 0.005
23081 0.561
10662 0.136
13543 0.503
32987 0.410
9488 0.879
22562 0.210
8693 0.847
35085 0.793
12257 0.950
2019 0.756
19291 0.370
18469 0.861
23920 0.282
35655 0.628
26045 0.127
26605 0.425
19546 0.291
15870 0.780
31170 0.287
15793 0.426
24130 0.061
13025 0.426
26568 0.573
10780 0.874
8706 0.250
1730 0.027
18849 0.676
35215 0.783
25531 0.050
29583 0.509
16219 0.922
19831 0.977
29882 0.401
15860 0.068
15732 0.820
10445 0.110
1259 0.102
30215 0.555
20333 0.784
27165 0.006
26237 0.424
36459 0.520
4565 0.306
26600 0.961
26171 0.049
12166 0.232
7479 0.268
22042 0.807
28502 0.756
3279 0.289
30858 0.416
28595 0.477
20393 0.409
28511 0.028
32003 0.717
32276 0.407
27883 0.194
32253 0.885
8908 0.537
21998 0.298
18916 0.354
18617 0.472
24851 0.954
6810 0.906
13077 0.983
2806 0.595
35329 0.570
6487 0.323
35543 0.184
6605 0.473
10635 0.997
4795 0.703
364 0.166
2926 0.449
31067 0.957
33622 0.019
22761 0.502
28538 0.441
8378 0.996
133 0.456
27345 0.978
33904 0.104
32300 0.834
21978 0.013
28467 0.124
20639 0.694
32986 0.894
1312 0.401
7427 0.954
22839 0.245
19685 0.164
12151 0.699
21703 0.336
19520 0.434
3913 0.010
15134 0.218
18695 0.590
21979 0.212
26146 0.379
12166 0.524
20829 0.616
20089 0.124
8229 0.614
26376 0.093
8006 0.361
1774 0.702
2210 0.800
36392 0.046
24125 0.334
27078 0.758
1321 0.727
22370 0.702
8848 0.114
7113 0.598
474 0.294
25312 0.612
13194 0.530
27311 0.885
1385 0.504
31905 0.308
10607 0.389
8716 0.953
15736 0.199
17313 0.415
9696 0.883
28870 0.136
5088 0.915
13638 0.727
5892 0.752
3309 0.610
8686 0.206
21362 0.866
14051 0.835
6188 0.084
6133 0.482
16812 0.649
19312 0.448
22030 0.287
34480 0.890
13867 0.258
24921 0.002
13577 0.188
4097 0.998
32906 0.206
16309 0.966
6568 0.858
25073 0.093
33916 0.620
17711 0.844
11710 0.543
30266 0.712
15746 0.345
5465 0.167
16888 0.444
10487 0.108
4485 0.884
32856 0.023
24565 0.654
36599 0.039
35049 0.497
31098 0.163
36532 0.331
22393 0.533
16113 0.602
35063 0.726
10280 0.436
10454 0.311
12455 0.550
10899 0.796
17846 0.986
21112 0.135
2621 0.697
34315 0.711
26475 0.099
15770 0.293
15009 0.838
20928 0.663
19192 0.157
7375 0.258
17655 0.687
17579 0.801
13205 0.459
35513 0.226
902 0.707
22976 0.234
18472 0.165
13822 0.016
8584 0.885
5439 0.219
27893 0.561
8585 0.474
33750 0.919
36006 0.802
29258 0.270
29116 0.407
28841 0.321
28938 0.397
36452 0.045
21008 0.614
2084 0.997
13897 0.581
32798 0.453
30790 0.623
16365 0.971
23604 0.273
28379 0.049
32668 0.577
16159 0.984
23656 0.648
8393 0.706
31469 0.906
26497 0.603
21077 0.540
47 0.563
36549 0.539
6789 0.679
2317 0.387
9385 0.488
32411 0.149
659 0.900
22915 0.819
236 0.604
18441 0.916
19377 0.463
13009 0.641
7523 0.822
9842 0.567
34561 0.630
5410 0.634
31535 0.163
20842 0.290
10878 0.919
34437 0.216
18205 0.801
32827 0.293
2328 0.662
29271 0.965
25448 0.665
23130 0.912
33532 0.035
10918 0.048
14413 0.905
25946 0.746
19845 0.604
3085 0.966
22929 0.799
24988 0.591
12040 0.935
20096 0.301
19561 0.739
27726 0.433
12123 0.440
32453 0.258
32053 0.290
26909 0.727
11278 0.441
35353 0.220
29376 0.342
27628 0.811
21964 0.971
36538 0.271
4135 0.096
34597 0.944
8887 0.596
25215 0.125
3097 0.630
1540 0.777
11783 0.346
10811 0.541
31444 0.763
34935 0.335
21468 0.193
215 0.061
11448 0.900
15334 0.609
35285 0.214
7810 0.240
1297 0.151
28001 0.377
35810 0.075
23470 0.476
27877 0.305
7154 0.592
25841 0.578
13158 0.409
730 0.832
15715 0.776
27911 0.691
1067 0.161
1319 0.418
19077 0.314
20300 0.870
9652 0.338
1618 0.940
29066 0.186
27725 0.584
32546 0.093
3694 0.688
21412 0.016
24175 0.441
3563 0.733
17122 0.060
32279 0.675
33984 0.378
10200 0.526
7228 0.605
27443 0.508
33377 0.182
5248 0.772
17484 0.036
27000 0.636
35537 0.412
18953 0.801
5689 0.107
3225 0.388
14396 0.420
7173 0.598
7189 0.392
3770 0.414
36441 0.973
30927 0.929
15836 0.165
32066 0.169
12607 0.013
26923 0.291
28708 0.360
19878 0.117
18774 0.045
21924 0.972
21582 0.825
9183 0.645
27703 0.641
14268 0.606
8172 0.805
6474 0.913
36633 0.660
9509 0.484
23207 0.579
8840 0.550
18226 0.923
33137 0.723
30028 0.098
24198 0.340
20106 0.806
2420 0.226
15424 0.080
32778 0.921
11124 0.527
32869 0.020
359 0.911
537 0.425
16698 0.121
10648 0.204
902 0.050
31845 0.398
22130 0.510
6349 0.644
30444 0.849
11080 0.116
9256 0.376
11456 0.383
9121 0.827
11218 0.705
26100 0.065
25488 0.506
6165 0.884
5092 0.637
35354 0.636
7864 0.873
17442 0.755
11055 0.384
23123 0.958
5724 0.541
7645 0.050
4132 0.765
16449 0.837
11425 0.675
20154 0.227
617 0.842
28416 0.712
1583 0.703
29804 0.738
3249 0.928
32674 0.166
23194 0.951
4363 0.759
8149 0.668
10350 0.724
35650 0.906
22289 0.327
3068 0.214
35680 0.656
14935 0.316
21768 0.625
22023 0.422
25051 0.789
4201 0.332
8383 0.469
33256 0.368
33342 0.916
35322 0.511
11428 0.298
33965 0.147
33475 0.590
4291 0.350
10391 0.219
18873 0.568
23703 0.520
3827 0.040
6899 0.949
8834 0.994
22100 0.192
36258 0.785
20526 0.766
25362 0.770
17196 0.711
24314 0.206
22335 0.411
26816 0.360
9296 0.445
18623 0.752
33375 0.504
19941 0.651
30398 0.840
12829 0.419
3868 0.171
9782 0.377
16407 0.422
16322 0.645
17650 0.401
31514 0.054
1759 0.815
25026 0.349
17343 0.011
1221 0.015
18585 0.187
3133 0.824
7763 0.659
11514 0.315
10540 0.115
24944 0.017
14708 0.665
8823 0.231
6494 0.296
10036 0.223
3488 0.589
5949 0.277
14827 0.027
24638 0.680
18026 0.962
35418 0.652
20233 0.530
30087 0.904
17195 0.708
6295 0.909
28422 0.253
15918 0.082
31632 0.621
20911 0.283
9640 0.064
23713 0.995
33790 0.662
31191 0.584
4719 0.067
14338 0.092
25087 0.422
9834 0.868
32834 0.491
11169 0.061
6512 0.011
28203 0.124
17271 0.953
1862 0.348
10129 0.314
25626 0.144
12166 0.480
2113 0.914
18161 0.461
30667 0.105
9696 0.876
20520 0.551
9297 0.912
6283 0.564
15284 0.393
9432 0.899
8934 0.989
30473 0.502
9496 0.619
7198 0.874
29414 0.267
15572 0.083
589 0.687
20404 0.398
31134 0.284
23178 0.469
14615 0.223
21436 0.278
16006 0.862
33289 0.112
31830 0.706
5993 0.272
15884 0.561
18380 0.429
7193 0.068
25925 0.011
28768 0.344
4596 0.304
471 0.782
18273 0.480
29075 0.451
30127 0.042
460 0.012
36608 0.727
3276 0.378
22395 0.426
7546 0.419
27136 0.983
3470 0.271
18274 0.914
30445 0.264
29994 0.828
35746 0.181
19747 0.983
4806 0.732
17099 0.582
14761 0.747
15239 0.647
9956 0.290
16876 0.874
2256 0.648
29127 0.556
14044 0.427
26648 0.015
415 0.902
29864 0.161
34338 0.672
11254 0.842
5501 0.812
1425 0.339
22301 0.733
24500 0.849
18897 0.172
4709 0.744
19171 0.811
4977 0.641
27490 0.626
6392 0.366
15063 0.266
32407 0.749
19713 0.688
32855 0.823
22603 0.301
15042 0.433
10164 0.528
19559 0.223
34920 0.736
8049 0.911
21227 0.039
12002 0.717
1702 0.238
11355 0.889
29831 0.399
17664 0.367
11768 0.537
14257 0.230
9040 0.145
27418 0.093
423 0.276
15202 0.927
24723 0.857
4004 0.936
35496 0.224
16849 0.406
25023 0.103
27370 0.523
15563 0.101
6680 0.435
18154 0.053
27649 0.932
26660 0.984
36341 0.966
19572 0.837
27755 0.231
6931 0.052
9757 0.539
10546 0.575
7658 0.758
26072 0.948
2398 0.382
34501 0.758
15436 0.385
23281 0.889
4891 0.442
16370 0.480
30093 0.010
23553 0.798
24219 0.451
29568 0.213
28953 0.237
30868 0.391
2127 0.161
33695 0.326
31020 0.488
29968 0.580
17841 0.292
11831 0.291
34412 0.823
12481 0.189
26903 0.924
2602 0.447
643 0.533
9692 0.178
34129 0.781
31976 0.510
9975 0.105
36351 0.960
34936 0.741
21885 0.431
9823 0.619
35241 0.873
7744 0.246
11644 0.742
24990 0.728
14530 0.836
536 0.528
10977 0.080
19089 0.438
5430 0.112
31663 0.024
20543 0.929
9104 0.954
33094 0.037
12381 0.263
5031 0.952
6911 0.891
20326 0.093
22835 0.171
20711 0.706
26958 0.971
8864 0.093
13227 0.908
21844 0.205
11893 0.225
30806 0.971
543 0.921
18754 0.795
25266 0.264
34758 0.332
32863 0.258
29518 0.511
27396 0.849
28468 0.364
6483 0.906
36394 0.045
34184 0.643
1925 0.685
11167 0.425
27687 0.855
22900 0.249
36432 0.104
20608 0.883
2170 0.868
20772 0.897
24886 0.562
14719 0.050
16812 0.002
1087 0.542
26505 0.317
3222 0.665
19114 0.144
5925 0.162
28682 0.930
20454 0.948
31352 0.747
16063 0.821
11924 0.129
26964 0.631
8418 0.596
22361 0.128
14895 0.888
18183 0.333
35172 0.104
17679 0.080
30870 0.830
13299 0.673
33706 0.815
6404 0.628
25817 0.790
12686 0.569
14130 0.267
32699 0.889
3268 0.371
695 0.302
5051 0.995
34446 0.623
9097 0.596
34910 0.829
33283 0.287
32040 0.726
35855 0.494
20870 0.128
31402 0.374
34179 0.400
17644 0.255
15772 0.027
5862 0.572
25920 0.563
28763 0.170
21213 0.057
8848 0.321
11454 0.339
1319 0.620
12803 0.526
23272 0.297
33217 0.420
22048 0.656
8159 0.016
17765 0.088
26339 0.116
15846 0.303
21954 0.717
33361 0.393
28900 0.342
3026 0.602
4522 0.333
25457 0.552
20806 0.400
14090 0.170
1586 0.241
18584 0.495
12761 0.195
6738 0.545
13250 0.203
30243 0.699
34521 0.569
19183 0.143
5604 0.378
29041 0.357
19178 0.080
26324 0.533
930 0.771
21468 0.435
788 0.623
19276 0.632
29162 0.042
3468 0.521
25382 0.651
33318 0.645
19321 0.234
27493 0.145
8850 0.960
5804 0.693
16437 0.063
25028 0.272
21972 0.134
635 0.888
18523 0.363
19892 0.382
14042 0.338
28037 0.020
28954 0.583
13060 0.366
10937 0.444
31057 0.578
26113 0.707
10814 0.369
11478 0.421
35392 0.709
19508 0.561
9975 0.062
31223 0.710
4599 0.514
17011 0.863
33325 0.195
3800 0.046
26603 0.645
16562 0.571
15120 0.396
4798 0.250
4308 0.321
8084 0.331
9237 0.828
24335 0.196
30376 0.736
4868 0.202
22697 0.401
22057 0.611
22426 0.570
23548 0.793
3429 0.012
2800 0.297
1844 0.485
12894 0.189
13695 0.963
9477 0.485
17505 0.661
20051 0.469
11684 0.009
2521 0.039
33328 0.443
25681 0.399
5238 0.983
15531 0.538
25497 0.494
23529 0.781
18618 0.965
10990 0.798
26560 0.092
9619 0.133
3865 0.200
7128 0.222
22940 0.837
11263 0.964
7532 0.736
24644 0.678
9696 0.298
11831 0.245
25726 0.239
29645 0.698
36231 0.559
12131 0.725
784 0.966
17881 0.949
12654 0.455
24500 0.717
5623 0.169
5494 0.196
28493 0.251
26284 0.059
36344 0.010
15770 0.088
19236 0.251
33799 0.176
28253 0.756
26108 0.984
19240 0.446
5593 0.331
7900 0.205
30945 0.320
9647 0.462
28024 0.596
18131 0.946
20886 0.078
6191 0.803
17076 0.724
13519 0.401
4275 0.157
12880 0.093
23159 0.944
26326 0.280
13889 0.396
29250 0.660
27 0.227
24962 0.626
24965 0.870
25743 0.115
22876 0.537
9182 0.782
27591 0.337
7563 0.104
1173 0.371
17797 0.513
29099 0.218
27602 0.684
23715 0.764
563 0.563
143 0.083
15889 0.616
4159 0.084
17070 0.963
20538 0.477
17284 0.649
17037 0.083
35180 0.418
33730 0.173
26400 0.141
32012 0.447
27649 0.453
9222 0.613
32486 0.448
5870 0.183
24774 0.045
2104 0.277
10637 0.049
22056 0.736
35850 0.186
3008 0.267
20405 0.747
17810 0.082
13130 0.459
30803 0.695
33686 0.007
27075 0.230
22851 0.223
33952 0.087
4217 0.883
15363 0.046
22102 0.509
25614 0.040
23788 0.465
34292 0.546
3712 0.783
33789 0.157
15591 0.790
7793 0.953
34195 0.736
17974 0.709
22779 0.487
8677 0.477
4601 0.459
34058 0.960
31080 0.677
1413 0.726
14644 0.102
17474 0.078
24558 0.335
36157 0.081
2971 0.848
27239 0.929
36200 0.070
19177 0.462
3666 0.502
19835 0.399
30184 0.894
24461 0.917
21929 0.840
27928 0.860
9178 0.442
19411 0.084
7262 0.728
25736 0.572
26754 0.454
23440 0.476
20571 0.488
31560 0.226
25317 0.234
5167 0.484
24843 0.340
16548 0.735
16977 0.403
24010 0.779
32572 0.919
15116 0.465
1027 0.789
13755 0.002
17426 0.672
5814 0.157
11558 0.974
5063 0.104
24609 0.455
16202 0.769
31385 0.404
32521 0.578
16387 0.825
20408 0.194
33491 0.109
5068 0.381
8897 0.524
7838 0.403
28203 0.993
33193 0.668
26495 0.915
29469 0.332
6909 0.420
8834 0.378
6225 0.092
11450 0.646
5776 0.680
23685 0.093
33327 0.452
18640 0.928
1090 0.330
14608 0.399
21220 0.356
27059 0.830
22749 0.972
11363 0.269
31943 0.820
21555 0.866
358 0.316
25168 0.121
12718 0.159
22051 0.798
27281 0.187
12792 0.034
32686 0.144
6203 0.699
17653 0.847
5827 0.753
35234 0.367
12123 0.406
16790 0.812
2578 0.909
903 0.124
30215 0.803
21063 0.189
10704 0.487
5598 0.689
4454 0.232
31322 0.500
30706 0.349
25876 0.648
28947 0.786
29797 0.808
12884 0.694
8167 0.348
31469 0.235
3856 0.972
6293 0.244
28295 0.206
33949 0.065
25352 0.378
10348 0.387
36627 0.051
34763 0.446
32269 0.673
5500 0.716
35614 0.215
22735 0.221
27137 0.275
17 0.343
20631 0.092
19521 0.864
8674 0.864
26219 0.643
36661 0.315
24761 0.198
5101 0.228
20917 0.503
13590 0.251
4029 0.769
12234 0.566
2329 0.722
14666 0.385
29153 0.807
13200 0.303
10848 0.858
10816 0.778
36516 0.427
22202 0.636
32610 0.710
4473 0.996
25413 0.184
14568 0.591
11827 0.906
25538 0.728
10025 0.083
10053 0.917
13257 0.309
2728 0.218
31817 0.189
19689 0.767
32019 0.520
14648 0.005
23507 0.803
2821 0.191
15855 0.716
18366 0.649
20784 0.495
7873 0.441
9764 0.782
9210 0.399
4267 0.136
17007 0.273
21478 0.898
31168 0.347
34087 0.270
3320 0.462
28213 0.134
25709 0.671
13878 0.759
23253 0.951
17453 0.408
26366 0.000
25474 0.182
3090 0.385
26211 0.187
64 0.492
1402 0.989
36035 0.617
11790 0.378
3568 0.633
5632 0.584
19443 0.245
27525 0.162
713 0.487
27025 0.496
28630 0.759
28311 0.998
18251 0.207
31519 0.762
13058 0.258
2951 0.857
5414 0.366
31522 0.423
31057 0.191
31956 0.574
22803 0.746
8194 0.676
13901 0.348
12520 0.038
8339 0.194
16793 0.245
33934 0.428
31417 0.009
9711 0.167
22878 0.616
26487 0.236
7792 0.761
17428 0.986
18163 0.771
19006 0.467
30357 0.131
4920 0.267
7419 0.918
34687 0.572
18220 0.663
11493 0.641
17185 0.973
7440 0.592
5309 0.698
24756 0.069
7110 0.921
5423 0.470
5046 0.229
15955 0.687
22034 0.920
22687 0.939
19989 0.059
12108 0.230
7916 0.485
34806 0.817
34952 0.191
20684 0.998
15381 0.512
30608 0.174
35149 0.029
14044 0.116
19826 0.690
21044 0.198
24656 0.791
8737 0.468
13594 0.644
29170 0.763
2747 0.975
3860 0.710
9699 0.740
12090 0.995
3196 0.972
4478 0.667
34326 0.808
30382 0.520
17055 0.043
8232 0.011
4376 0.654
26682 0.266
9967 0.374
21535 0.273
13627 0.684
6714 0.722
19132 0.239
7755 0.079
16013 0.476
31253 0.664
17649 0.617
29415 0.280
25832 0.990
27261 0.041
12909 0.669
34170 0.885
13668 0.748
31036 0.074
77 0.582
2342 0.293
14092 0.680
20743 0.279
3433 0.398
24995 0.409
11983 0.022
28485 0.808
2051 0.664
31482 0.651
15293 0.986
18237 0.878
29932 0.163
21932 0.253
18114 0.287
32928 0.790
19199 0.323
10352 0.194
14582 0.440
1408 0.651
29794 0.926
5776 0.574
6951 0.409
29718 0.788
15949 0.457
11370 0.938
21661 0.577
33683 0.288
15231 0.968
16796 0.545
33948 0.480
12267 0.647
8749 0.507
35814 0.813
4080 0.851
13769 0.458
26382 0.935
30295 0.302
5428 0.274
7728 0.579
84 0.327
27700 0.285
26365 0.865
34124 0.312
35007 0.734
14178 0.040
27777 0.825
5886 0.799
20487 0.676
25507 0.773
34277 0.529
28897 0.056
7348 0.953
29627 0.993
33233 0.855
9835 0.698
28460 0.602
35567 0.545
28570 0.919
10838 0.665
29911 0.832
16132 0.641
17788 0.789
5878 0.343
28059 0.061
17843 0.492
31133 0.478
12346 0.074
19820 0.435
14539 0.775
3967 0.175
34832 0.412
4688 0.839
29507 0.445
18502 0.679
35750 0.744
14985 0.821
14883 0.099
111 0.526
33115 0.076
32039 0.343
25818 0.613
16478 0.708
22217 0.779
25409 0.635
4694 0.498
2317 0.439
19930 0.539
24590 0.584
35618 0.920
1913 0.613
2983 0.985
13840 0.197
19166 0.081
30843 0.073
24385 0.745
14112 0.507
1360 0.891
17567 0.429
1922 0.357
13989 0.348
11747 0.629
28696 0.015
33832 0.753
11079 0.621
560 0.906
7231 0.747
24887 0.125
18712 0.344
5442 0.112
18167 0.756
4977 0.210
24974 0.110
32925 0.326
31411 0.138
6830 0.697
34756 0.261
3009 0.025
28153 0.019
23159 0.086
28568 0.690
24203 0.729
12858 0.626
34817 0.776
20217 0.224
7940 0.862
14642 0.277
7583 0.902
2029 0.942
7458 0.794
7633 0.412
6211 0.723
29766 0.907
6010 0.134
31068 0.236
4523 0.094
5790 0.392
4007 0.543
8513 0.480
32527 0.764
568 0.494
35183 0.212
29278 0.371
12018 0.010
28232 0.088
35902 0.126
13885 0.263
11148 0.576
2984 0.970
29283 0.343
22067 0.465
18114 0.961
26879 0.643
14712 0.317
9384 0.548
2237 0.954
3693 0.529
17977 0.875
17614 0.351
15209 0.451
26334 0.890
19668 0.761
13339 0.593
31991 0.745
13622 0.043
5824 0.911
9552 0.414
20366 0.942
12603 0.692
27040 0.495
27604 0.543
34953 0.537
16396 0.889
6644 0.359
5659 0.752
20262 0.149
28213 0.220
2207 0.871
18885 0.850
6754 0.827
7174 0.093
16630 0.089
16910 0.424
31908 0.483
31837 0.141
28459 0.633
33609 0.436
3301 0.214
34802 0.337
26487 0.896
24814 0.469
14346 0.748
23747 0.176
17343 0.367
13458 0.884
24606 0.996
33631 0.053
16902 0.666
8913 0.107
25844 0.683
4056 0.245
7846 0.739
32468 0.851
20973 0.492
13965 0.301
7739 0.972
2415 0.227
21345 0.432
31748 0.350
26009 0.029
2049 0.773
2168 0.510
3344 0.095
19346 0.642
29658 0.660
34558 0.326
34296 0.505
19367 0.620
28866 0.910
7115 0.086
36559 0.431
36639 0.312
15437 0.630
5130 0.264
25470 0.926
13902 0.884
17183 0.180
15593 0.490
26881 0.746
10350 0.964
22585 0.823
30644 0.203
21739 0.291
117 0.115
35681 0.180
24034 0.588
13314 0.603
15859 0.395
9357 0.059
17057 0.629
13045 0.754
3485 0.455
27092 0.246
6407 0.613
34699 0.543
29631 0.164
27032 0.452
25 0.505
24429 0.051
22671 0.504
4639 0.356
25547 0.433
8514 0.595
9340 0.191
8014 0.337
28372 0.306
18958 0.191
35113 0.485
13276 0.039
6294 0.050
15100 0.923
3456 0.686
3593 0.536
34662 0.889
9620 0.414
35217 0.109
19080 0.797
27927 0.120
31198 0.234
35400 0.943
4070 0.274
30945 0.777
1587 0.229
13508 0.885
35280 0.808
17534 0.116
11750 0.513
8637 0.970
3331 0.944
25990 0.048
19065 0.391
12077 0.188
36340 0.991
20374 0.598
12649 0.835
4600 0.328
12946 0.453
20039 0.206
5355 0.046
8786 0.589
21848 0.284
16685 0.761
14443 0.429
27916 0.461
12203 0.795
16343 0.778
35605 0.407
25047 0.589
28184 0.164
28192 0.825
20965 0.047
32149 0.222
32081 0.636
4769 0.134
20424 0.580
15547 0.780
33485 0.123
32903 0.017
7113 0.599
23131 0.774
2123 0.765
34652 0.071
33827 0.644
34546 0.647
18335 0.881
521 0.242
731 0.057
11368 0.435
24987 0.805
19160 0.366
25232 0.389
17944 0.682
33628 0.319
21222 0.621
16710 0.266
22041 0.019
20856 0.741
2363 0.209
19842 0.862
21622 0.389
8323 0.338
25567 0.120
34270 0.413
35442 0.043
16284 0.407
5758 0.577
29213 0.242
14931 0.234
15666 0.614
1214 0.904
22318 0.609
12673 0.487
30126 0.877
29590 0.860
29518 0.399
9920 0.269
29422 0.120
31614 0.806
32821 0.600
19206 0.183
10719 0.566
23313 0.322
28811 0.417
33656 0.956
28586 0.657
35869 0.543
26324 0.240
28146 0.983
3128 0.434
16930 0.879
13471 0.214
4901 0.870
26737 0.805
9796 0.606
13504 0.167
22683 0.637
13456 0.328
2049 0.697
7731 0.141
5375 0.132
24982 0.766
23263 0.139
12592 0.752
5197 0.753
15766 0.537
35634 0.910
34177 0.407
22621 0.189
24555 0.902
293 0.548
8108 0.481
3914 0.855
17831 0.458
6968 0.740
12542 0.508
22508 0.594
7568 0.876
22911 0.575
12099 0.444
29402 0.575
34146 0.205
32552 0.865
4825 0.683
20647 0.546
28128 0.645
3660 0.603
21444 0.572
4947 0.225
31281 0.199
35582 0.071
25161 0.636
9543 0.389
22927 0.868
4756 0.687
28329 0.393
35173 0.352
33726 0.078
3586 0.355
34938 0.075
4975 0.414
9729 0.722
33258 0.279
9002 0.578
22943 0.478
4006 0.982
17516 0.318
31178 0.159
4345 0.045
7598 0.473
17148 0.454
4473 0.885
10081 0.386
18388 0.567
4063 0.501
25892 0.293
31665 0.208
35965 0.885
1220 0.112
13705 0.773
32319 0.064
3164 0.116
2094 0.050
2663 0.521
10345 0.513
20130 0.497
23866 0.570
23234 0.564
8506 0.068
11296 0.255
33256 0.548
11887 0.048
28247 0.090
16722 0.000
21063 0.235
16860 0.022
34581 0.125
17366 0.612
31550 0.158
16019 0.512
28203 0.638
6596 0.364
15288 0.685
7350 0.179
5417 0.942
25621 0.285
3659 0.224
24753 0.134
35829 0.833
27916 0.994
9634 0.510
33446 0.990
7221 0.363
17618 0.095
26522 0.007
15625 0.732
5915 0.819
4454 0.298
3487 0.675
24580 0.358
4715 0.815
27696 0.199
22167 0.053
19888 0.280
35000 0.136
29702 0.074
20572 0.095
15139 0.490
18176 0.346
8166 0.988
19770 0.517
3864 0.397
27731 0.096
19080 0.605
26369 0.706
24083 0.778
26413 0.782
25053 0.279
13359 0.572
7337 0.583
28909 0.979
17219 0.306
5550 0.441
14105 0.965
12734 0.763
2566 0.974
6200 0.761
9963 0.714
1133 0.030
4171 0.099
25603 0.362
21966 0.197
27641 0.797
13893 0.820
32369 0.275
35024 0.542
21015 0.880
9389 0.755
34132 0.992
9436 0.817
17143 0.573
3474 0.149
31933 0.033
28372 0.994
3144 0.472
19784 0.448
14567 0.500
8684 0.020
16931 0.701
36002 0.968
12944 0.000
13843 0.998
1910 0.327
14678 0.048
28136 0.563
26218 0.302
33430 0.429
19648 0.454
27280 0.580
9882 0.858
14624 0.789
27419 0.175
35143 0.464
5302 0.409
17309 0.295
10039 0.488
27037 0.227
6981 0.801
2045 0.307
3648 0.291
4023 0.886
4761 0.992
17616 0.285
28581 0.785
1552 0.333
32644 0.337
29056 0.259
1601 0.876
36668 0.160
583 0.617
34456 0.698
10508 0.973
4516 0.660
20193 0.627
28670 0.959
4601 0.666
21464 0.194
1622 0.148
8722 0.843
11518 0.171
11334 0.579
34076 0.271
336 0.695
4310 0.363
29814 0.113
11527 0.874
23583 0.011
9887 0.315
29977 0.774
28799 0.080
17652 0.192
23628 0.337
28814 0.699
8258 0.718
10696 0.485
31585 0.260
17683 0.922
20723 0.083
8419 0.084
18142 0.605
5360 0.894
17705 0.906
1915 0.121
14773 0.281
2674 0.498
15898 0.275
22409 0.337
4335 0.439
8102 0.281
4196 0.581
5287 0.045
4659 0.990
22999 0.642
18671 0.349
10320 0.331
14265 0.703
17128 0.947
706 0.193
14608 0.736
28942 0.946
12819 0.922
11081 0.683
28030 0.174
1971 0.211
19712 0.271
18375 0.604
6600 0.111
16052 0.257
33757 0.419
30409 0.745
27157 0.828
35888 0.303
707 0.182
23885 0.510
30090 0.983
25265 0.069
15013 0.500
27476 0.704
11190 0.220
31860 0.351
14059 0.919
22246 0.528
24241 0.431
8110 0.670
11891 0.100
9552 0.145
2684 0.355
23698 0.758
13948 0.066
31469 0.770
28342 0.892
35635 0.659
15127 0.933
1152 0.175
24260 0.212
4428 0.946
27340 0.254
13304 0.210
4449 0.097
28415 0.296
2274 0.813
6863 0.674
23925 0.293
14089 0.953
17638 0.192
29924 0.069
9198 0.024
12311 0.607
3072 0.894
26274 0.444
21647 0.251
10123 0.328
15964 0.314
12305 0.306
32529 0.989
30936 0.541
11037 0.900
1006 0.801
27057 0.022
10792 0.448
16978 0.363
8255 0.068
32660 0.968
20759 0.018
11493 0.720
20894 0.909
15343 0.304
29930 0.848
10191 0.791
24824 0.518
34382 0.374
18031 0.026
33929 0.311
2392 0.197
29904 0.559
6757 0.211
30364 0.552
32833 0.341
5422 0.827
29972 0.673
28695 0.570
15017 0.530
13595 0.321
13778 0.447
13202 0.358
4367 0.217
35513 0.352
5707 0.103
6199 0.442
32465 0.244
30906 0.832
25568 0.144
19512 0.505
32837 0.452
29304 0.059
33601 0.642
5831 0.114
3109 0.677
13840 0.348
12019 0.896
22904 0.858
14720 0.448
13326 0.090
18234 0.817
25646 0.410
28152 0.240
18999 0.172
7614 0.332
21828 0.877
7079 0.666
33738 0.603
7563 0.137
5879 0.419
8905 0.323
19886 0.873
7037 0.921
5637 0.080
5686 0.267
16858 0.815
14961 0.223
28590 0.641
34253 0.761
10609 0.534
9397 0.525
24119 0.726
13191 0.176
30088 0.853
23235 0.384
11243 0.599
19694 0.351
36384 0.405
12129 0.147
16879 0.543
35392 0.208
24242 0.539
2863 0.468
4384 0.526
7317 0.414
34241 0.417
18899 0.047
10901 0.544
13882 0.907
7079 0.592
18640 0.124
18208 0.015
962 0.035
16848 0.443
13935 0.618
22175 0.695
2044 0.290
3325 0.408
15624 0.522
34904 0.294
36330 0.048
29651 0.210
35080 0.103
26995 0.207
29361 0.665
6272 0.762
14350 0.010
11522 0.839
29766 0.133
22178 0.430
23903 0.264
21579 0.410
31267 0.645
33223 0.437
19247 0.078
23883 0.508
11811 0.381
6536 0.634
16914 0.563
15233 0.291
18119 0.875
7621 0.468
6765 0.950
338 0.547
32793 0.770
31408 0.970
27529 0.058
7047 0.447
32062 0.532
5952 0.441
16091 0.538
27494 0.039
32539 0.269
18287 0.509
15970 0.079
5355 0.903
34261 0.002
31627 0.477
31033 0.955
7828 0.823
20122 0.761
12477 0.857
5801 0.291
10264 0.044
3782 0.982
23158 0.125
23743 0.120
25659 0.784
24433 0.203
9185 0.393
6794 0.776
32034 0.962
27363 0.422
29928 0.065
8786 0.706
4846 0.987
395 0.874
5334 0.443
32653 0.071
26750 0.035
21737 0.411
27383 0.896
18834 0.532
13036 0.411
23207 0.300
3401 0.399
24761 0.210
31294 0.540
4767 0.751
7285 0.954
32221 0.951
8318 0.514
4640 0.724
15070 0.606
25003 0.873
30913 0.949
29922 0.571
27491 0.823
3018 0.543
8282 0.504
11664 0.113
14881 0.690
8496 0.790
24737 0.418
1719 0.946
16181 0.304
1082 0.458
26419 0.174
2167 0.159
1711 0.111
27769 0.294
31385 0.725
2113 0.389
19487 0.300
12580 0.971
29287 0.274
10633 0.775
34545 0.365
24542 0.471
14992 0.996
4714 0.624
25374 0.715
3902 0.715
26323 0.374
30306 0.100
5257 0.360
11532 0.669
16286 0.315
23134 0.905
21153 0.971
22727 0.826
27497 0.713
3296 0.945
26112 0.464
25258 0.875
22074 0.948
21699 0.264
23353 0.615
23163 0.006
20282 0.836
27746 0.667
36036 0.785
34034 0.080
1871 0.173
35993 0.010
23050 0.895
11669 0.251
11969 0.041
897 0.671
35046 0.393
26625 0.690
17825 0.587
24908 0.155
14978 0.963
3862 0.053
24529 0.725
1232 0.865
24194 0.741
20413 0.874
12909 0.005
22228 0.049
13670 0.804
15804 0.835
21287 0.706
32512 0.311
9921 0.996
12292 0.647
33778 0.051
11863 0.739
24748 0.201
15641 0.388
348 0.558
11578 0.438
33838 0.468
9686 0.482
22074 0.065
23667 0.072
14876 0.792
542 0.208
9588 0.738
27196 0.929
5994 0.015
1121 0.801
1889 0.166
27874 0.567
4837 0.541
22200 0.103
6422 0.925
23698 0.229
26482 0.953
6316 0.814
23664 0.777
34757 0.141
28931 0.736
10091 0.937
12562 0.007
29665 0.777
5047 0.041
24519 0.853
29462 0.867
2967 0.974
22640 0.029
26453 0.682
8290 0.027
35593 0.588
3420 0.077
11927 0.746
31949 0.041
10303 0.822
30705 0.316
23659 0.713
18504 0.373
1272 0.043
28617 0.316
32864 0.612
14582 0.754
23040 0.519
19835 0.405
12345 0.770
21880 0.501
8889 0.272
25131 0.640
1086 0.046
16813 0.662
28088 0.590
24122 0.894
18640 0.171
31581 0.121
29295 0.017
15890 0.330
6471 0.362
34452 0.495
23770 0.076
11364 0.078
24286 0.350
4692 0.827
27985 0.755
4729 0.776
19677 0.446
18344 0.244
18449 0.647
34898 0.895
8044 0.155
30817 0.285
14968 0.938
35832 0.272
1187 0.589
9747 0.917
18332 0.976
16778 0.793
20221 0.974
1964 0.067
27007 0.320
17837 0.464
33766 0.466
13854 0.225
29006 0.831
25508 0.574
13584 0.362
1424 0.772
23542 0.321
21825 0.201
16084 0.540
25826 0.708
34014 0.176
24469 0.517
13526 0.348
6411 0.857
9970 0.641
13623 0.079
11745 0.049
31759 0.314
4932 0.851
25865 0.655
7325 0.303
4741 0.396
36446 0.449
30253 0.698
22155 0.804
32888 0.838
9131 0.670
16131 0.457
19492 0.552
24608 0.214
6788 0.824
10612 0.622
19692 0.220
16244 0.951
11451 0.626
24028 0.419
24065 0.707
8774 0.310
10496 0.416
631 0.791
32051 0.522
22958 0.525
4265 0.335
7057 0.360
10669 0.560
27139 0.238
31679 0.312
18327 0.378
12716 0.192
14535 0.195
1547 0.846
269 0.827
31838 0.448
6064 0.075
5651 0.187
13950 0.301
7897 0.644
35990 0.208
10440 0.030
35515 0.521
7494 0.302
24559 0.083
32604 0.918
31797 0.068
35501 0.390
30213 0.624
15762 0.436
16455 0.301
13317 0.638
10745 0.884
26048 0.670
2865 0.398
8226 0.967
19072 0.721
4426 0.148
5623 0.833
11920 0.257
14479 0.882
26493 0.874
10445 0.345
5995 0.250
9701 0.579
16498 0.220
15455 0.746
28043 0.351
36658 0.416
3852 0.235
8532 0.263
3354 0.256
18337 0.806
8214 0.570
36044 0.705
19174 0.744
21676 0.606
26887 0.120
24973 0.549
29649 0.657
30821 0.742
33995 0.425
22186 0.766
20375 0.107
6065 0.417
5064 0.580
6241 0.565
34884 0.930
17814 0.933
23471 0.200
25940 0.547
35133 0.260
26860 0.017
36016 0.266
29976 0.356
5162 0.607
25697 0.070
12166 0.580
9557 0.687
4332 0.533
18546 0.388
32860 0.880
23449 0.599
27070 0.008
23252 0.430
12138 0.093
9075 0.724
1894 0.125
20569 0.766
9253 0.502
917 0.152
18965 0.343
35012 0.851
5889 0.639
28 0.810
709 0.887
30299 0.555
19687 0.048
16036 0.270
28228 0.324
36396 0.504
29470 0.699
28958 0.156
1453 0.998
18839 0.593
25805 0.980
20613 0.615
32793 0.405
6555 0.636
1321 0.927
16291 0.552
23340 0.994
13402 0.466
35716 0.464
21160 0.567
2330 0.402
26382 0.090
28556 0.659
21719 0.571
25682 0.264
9194 0.245
10666 0.449
7139 0.966
3145 0.527
31181 0.060
2374 0.277
23730 0.731
34935 0.065
14165 0.270
19420 0.643
8284 0.336
2789 0.757
16101 0.942
1972 0.046
29752 0.629
29421 0.535
15034 0.292
33965 0.068
4146 0.750
27585 0.353
9736 0.486
26651 0.961
9750 0.074
17459 0.706
9196 0.108
29425 0.225
6273 0.440
28288 0.882
15847 0.383
28779 0.338
35672 0.552
22190 0.451
15087 0.274
5879 0.836
27147 0.346
18488 0.123
6350 0.019
5238 0.688
34383 0.309
32788 0.724
31609 0.629
23149 0.460
25801 0.116
27485 0.000
6148 0.405
27871 0.203
36269 0.239
25352 0.330
10658 0.364
11187 0.214
6951 0.727
17191 0.016
314 0.192
35196 0.951
9490 0.900
7 0.121
8573 0.737
25130 0.241
19933 0.019
18493 0.854
19540 0.814
12495 0.172
19567 0.368
26872 0.352
14439 0.515
2905 0.081
1432 0.953
25174 0.102
14093 0.726
30257 0.934
11434 0.565
9527 0.376
5807 0.979
31507 0.023
3319 0.752
122 0.501
20745 0.648
6899 0.919
23162 0.031
14979 0.465
23674 0.160
3126 0.585
3336 0.761
10621 0.454
33628 0.635
36436 0.854
1374 0.899
15474 0.412
3 0.549
18220 0.144
1838 0.041
4936 0.496
25377 0.684
34589 0.151
1627 0.511
33719 0.261
16513 0.060
6053 0.091
14186 0.288
25782 0.549
14581 0.559
2573 0.644
34931 0.056
36424 0.771
20984 0.120
11711 0.212
8645 0.600
14399 0.503
2636 0.061
27223 0.484
11453 0.601
9166 0.276
27376 0.731
17595 0.034
5623 0.022
6407 0.019
32419 0.956
4589 0.966
27289 0.729
26873 0.055
3011 0.652
35941 0.901
32418 0.706
20746 0.300
36381 0.320
9941 0.730
31687 0.743
17044 0.614
19533 0.004
33340 0.551
10307 0.925
9026 0.940
30583 0.622
18452 0.459
14124 0.474
11799 0.891
10336 0.421
32440 0.137
34628 0.327
1073 0.659
27177 0.561
33695 0.382
3035 0.294
30113 0.988
15038 0.968
30239 0.119
3725 0.442
9182 0.578
26057 0.061
13304 0.625
23251 0.865
24337 0.505
24685 0.519
30258 0.323
769 0.372
18147 0.588
13919 0.303
20933 0.525
14953 0.111
15621 0.292
5102 0.021
15807 0.332
27431 0.695
28345 0.101
21226 0.126
3145 0.092
28180 0.270
34060 0.174
15900 0.984
21071 0.562
10977 0.639
11940 0.829
32252 0.913
15893 0.166
17734 0.891
36683 0.624
6025 0.188
23528 0.815
1668 0.727
20611 0.310
34862 0.172
33771 0.862
5127 0.141
3072 0.440
7735 0.370
5084 0.395
18262 0.858
28704 0.921
32832 0.354
12884 0.024
32074 0.847
14046 0.862
8372 0.481
36152 0.386
830 0.773
4849 0.476
23031 0.347
24985 0.507
35311 0.867
18955 0.420
10565 0.186
24910 0.614
18482 0.360
15945 0.582
21092 0.093
1009 0.787
15772 0.504
16834 0.812
34864 0.439
35895 0.252
11594 0.479
35646 0.562
15743 0.666
28678 0.454
5981 0.047
17551 0.195
5488 0.240
8133 0.704
32531 0.645
23282 0.363
17247 0.898
25499 0.846
8051 0.609
3410 0.993
1902 0.914
32242 0.701
25968 0.604
31737 0.506
22527 0.417
17089 0.124
8442 0.701
6401 0.376
2384 0.002
33126 0.041
35302 0.006
34558 0.958
23925 0.887
25657 0.168
5006 0.923
25687 0.617
7406 0.479
15026 0.153
10757 0.207
34571 0.456
2623 0.426
6176 0.351
12209 0.007
32352 0.501
8824 0.759
783 0.638
30035 0.628
8510 0.002
18419 0.283
9410 0.652
19666 0.216
12397 0.408
31686 0.125
5156 0.499
23874 0.662
12758 0.423
13768 0.316
19693 0.682
7146 0.668
1009 0.341
8578 0.681
36015 0.389
15193 0.797
29348 0.906
16862 0.821
16779 0.090
18629 0.952
30975 0.555
22678 0.754
28523 0.264
26424 0.609
25179 0.161
20989 0.260
18063 0.717
8724 0.812
18875 0.413
30149 0.977
28663 0.289
2728 0.854
33458 0.493
31928 0.528
36569 0.423
6676 0.302
5421 0.623
14911 0.965
23630 0.240
654 0.498
32529 0.010
12770 0.870
25324 0.164
34209 0.653
15435 0.617
18233 0.119
30719 0.247
15952 0.712
14480 0.771
7471 0.204
26345 0.598
11493 0.592
20530 0.172
13636 0.033
7305 0.127
32692 0.524
25793 0.479
24854 0.556
12730 0.246
9607 0.351
12944 0.661
21670 0.692
29609 0.339
9505 0.464
345 0.448
35434 0.502
9716 0.233
19696 0.392
19246 0.788
1007 0.680
32664 0.959
15473 0.318
24173 0.638
7931 0.277
7844 0.858
19406 0.237
26445 0.740
33281 0.252
3651 0.329
30066 0.767
23030 0.402
8097 0.220
25668 0.122
1400 0.963
16498 0.992
16895 0.588
19815 0.436
17644 0.220
34874 0.509
30642 0.236
12579 0.776
24061 0.839
86 0.566
35624 0.760
11989 0.201
13837 0.663
34184 0.866
33169 0.347
2509 0.658
2935 0.929
28432 0.358
14299 0.910
14168 0.890
1738 0.997
4664 0.533
5629 0.025
1754 0.821
22772 0.619
34160 0.753
20130 0.158
18528 0.071
19945 0.150
9748 0.819
11762 0.783
9244 0.096
22902 0.880
15558 0.253
6583 0.869
17372 0.673
35952 0.864
27217 0.515
16940 0.787
12328 0.391
12660 0.211
35509 0.646
35865 0.013
17703 0.233
9840 0.323
9548 0.006
26326 0.860
32745 0.582
30337 0.045
11045 0.141
552 0.142
9305 0.940
24228 0.031
26743 0.631
3273 0.897
35539 0.526
25988 0.261
11922 0.991
7118 0.075
19351 0.319
31499 0.664
27302 0.540
18626 0.006
28318 0.181
22827 0.815
34708 0.347
28297 0.466
32603 0.935
33354 0.349
4160 0.318
19305 0.249
27728 0.123
20915 0.391
16179 0.903
22314 0.557
34702 0.913
28054 0.375
5830 0.870
8212 0.892
7397 0.800
30809 0.846
4154 0.618
29296 0.222
413 0.449
20759 0.409
6001 0.759
17568 0.282
28653 0.838
28247 0.497
8248 0.840
14146 0.527
10838 0.460
14631 0.807
13410 0.595
19968 0.219
26144 0.920
29993 0.430
15262 0.461
35993 0.056
27685 0.737
1951 0.885
6865 0.303
26515 0.255
10766 0.459
11965 0.940
26623 0.932
5695 0.923
34798 0.783
5637 0.720
694 0.181
18087 0.268
21604 0.176
28606 0.918
35905 0.686
24372 0.416
36220 0.959
34209 0.026
35525 0.181
1823 0.962
30513 0.974
6625 0.913
2844 0.693
25363 0.711
29717 0.495
34260 0.971
28106 0.303
30270 0.936
14474 0.556
3457 0.913
18373 0.706
375 0.147
32788 0.381
21163 0.370
22271 0.551
14189 0.059
2469 0.769
36113 0.356
11398 0.190
27015 0.164
15225 0.528
14067 0.103
10079 0.598
24409 0.177
2060 0.240
35732 0.823
5111 0.098
29153 0.224
1716 0.474
17401 0.288
9282 0.662
3872 0.131
2000 0.353
1807 0.254
4560 0.554
28259 0.960
4059 0.072
7423 0.901
1683 0.617
30081 0.008
23061 0.146
26727 0.619
33489 0.217
12941 0.234
29920 0.389
11417 0.387
20198 0.905
10686 0.648
31157 0.371
31868 0.276
23466 0.160
14718 0.674
17624 0.651
16319 0.278
15335 0.898
34117 0.919
10433 0.624
30345 0.136
30457 0.315
24671 0.837
20023 0.653
30812 0.539
13380 0.020
7323 0.668
15643 0.238
13885 0.433
17343 0.792
19164 0.967
10594 0.796
23730 0.962
17828 0.719
11065 0.607
29380 0.998
30662 0.847
31222 0.031
24137 0.562
14917 0.259
24461 0.584
34625 0.238
23877 0.959
8082 0.772
8958 0.369
19034 0.953
10107 0.941
35754 0.270
328 0.518
24618 0.247
26001 0.085
23375 0.126
33671 0.320
4427 0.796
13122 0.204
13204 0.943
31978 0.317
26161 0.967
35045 0.347
8756 0.540
2306 0.640
11973 0.570
14954 0.706
32558 0.439
28451 0.512
18373 0.711
9183 0.723
1546 0.498
3353 0.080
14731 0.898
26648 0.938
34037 0.741
6665 0.704
8800 0.704
7970 0.380
29924 0.255
14695 0.958
2744 0.754
34514 0.437
2498 0.596
8669 0.641
9262 0.721
35440 0.092
3752 0.625
12283 0.576
2777 0.454
30290 0.908
24968 0.574
30945 0.473
7511 0.993
4893 0.390
10710 0.769
14094 0.667
32893 0.015
16985 0.265
13057 0.325
25171 0.411
30567 0.636
19726 0.591
18700 0.118
29554 0.647
34016 0.008
9085 0.238
11108 0.039
607 0.110
10825 0.560
5234 0.647
426 0.628
11662 0.445
5048 0.952
23008 0.523
18100 0.028
36481 0.222
29849 0.397
676 0.569
8593 0.082
6912 0.812
2705 0.758
3427 0.268
11633 0.946
26526 0.548
22099 0.471
33782 0.052
34469 0.060
4710 0.564
25633 0.666
24926 0.847
21800 0.745
13678 0.425
2439 0.837
30310 0.375
35941 0.797
16808 0.227
12183 0.920
22114 0.062
29409 0.929
2130 0.686
22208 0.954
19570 0.193
19070 0.742
4425 0.608
1652 0.225
11042 0.179
35343 0.325
29512 0.967
7774 0.848
25290 0.904
10171 0.768
33173 0.769
1842 0.565
18656 0.748
19004 0.022
3758 0.002
10949 0.165
31963 0.696
3440 0.430
26338 0.151
21054 0.037
5048 0.786
11952 0.068
13929 0.024
6990 0.419
34472 0.511
7761 0.064
6576 0.705
29279 0.708
25698 0.513
22242 0.120
36511 0.083
4301 0.463
16265 0.093
35804 0.516
20625 0.272
20044 0.554
17516 0.534
13727 0.287
18203 0.450
2028 0.667
11176 0.478
24867 0.206
7501 0.684
30372 0.690
14130 0.593
22733 0.161
28102 0.002
13180 0.704
19279 0.076
20537 0.050
1576 0.286
14595 0.788
30367 0.758
17146 0.660
30901 0.382
20090 0.724
33774 0.879
3385 0.051
2404 0.738
11214 0.613
3008 0.069
2535 0.941
30178 0.695
19782 0.549
32254 0.454
2654 0.013
5222 0.056
7831 0.305
30651 0.503
6653 0.649
7776 0.532
8777 0.486
34709 0.012
28434 0.242
24503 0.337
29481 0.442
27261 0.814
20363 0.525
2363 0.388
36358 0.963
32424 0.436
81 0.096
31529 0.043
4303 0.721
31743 0.050
26589 0.898
7819 0.188
3014 0.891
25092 0.352
5901 0.833
19277 0.874
16043 0.383
8625 0.820
19946 0.684
31303 0.918
24276 0.489
20498 0.388
8888 0.422
28156 0.724
14931 0.868
10739 0.787
6889 0.260
32111 0.529
30412 0.667
9306 0.368
20322 0.025
25576 0.536
28046 0.621
36333 0.597
30766 0.614
20301 0.070
4873 0.285
34282 0.980
34605 0.761
32807 0.988
17487 0.362
5876 0.833
7891 0.996
12293 0.078
20970 0.456
28969 0.681
6717 0.094
30828 0.906
14332 0.552
22942 0.069
12834 0.712
5271 0.643
25163 0.534
34254 0.454
32548 0.618
17228 0.239
13435 0.204
28538 0.688
34068 0.291
20062 0.444
9236 0.122
30647 0.851
16263 0.019
17151 0.808
36624 0.840
15981 0.519
9612 0.700
35590 0.888
29139 0.306
2404 0.052
21829 0.893
7746 0.749
33915 0.606
17613 0.651
29049 0.279
17679 0.016
20429 0.613
15968 0.893
33918 0.404
16773 0.380
13624 0.411
27354 0.538
4768 0.255
27704 0.840
7863 0.070
14713 0.094
34923 0.106
20110 0.926
16269 0.786
34949 0.570
988 0.337
6778 0.282
27700 0.419
17426 0.171
26839 0.992
8454 0.709
31843 0.359
23872 0.046
36178 0.334
34804 0.802
5029 0.684
34274 0.000
9536 0.581
5689 0.781
23763 0.947
11777 0.739
4083 0.728
1491 0.007
31522 0.157
4135 0.741
982 0.368
8032 0.729
10526 0.799
3451 0.125
21068 0.071
14504 0.398
5963 0.038
6297 0.263
18309 0.612
31970 0.823
31183 0.760
12142 0.697
34351 0.889
23485 0.665
9456 0.966
35147 0.526
7572 0.658
27251 0.510
25211 0.874
10327 0.245
27447 0.028
7801 0.084
2144 0.885
18906 0.145
23743 0.670
33059 0.799
35555 0.688
11983 0.089
30099 0.155
21086 0.092
11350 0.909
29720 0.947
32171 0.482
13308 0.828
30557 0.904
7094 0.366
15393 0.763
10650 0.927
30520 0.671
12261 0.649
30007 0.108
29017 0.420
4654 0.395
2575 0.495
24387 0.598
7317 0.125
30864 0.836
6084 0.213
24103 0.366
18671 0.618
21623 0.549
34076 0.229
10613 0.841
15294 0.770
35398 0.437
24728 0.372
30149 0.017
10753 0.016
15010 0.483
8622 0.347
4165 0.123
24942 0.954
19005 0.206
13210 0.965
36488 0.269
14467 0.565
4591 0.427
2628 0.378
30924 0.490
12966 0.211
13213 0.909
24800 0.007
19009 0.010
18139 0.415
36240 0.580
21559 0.117
18403 0.568
15833 0.213
33858 0.219
29179 0.786
718 0.190
29541 0.479
19560 0.909
22988 0.845
32385 0.416
25892 0.737
33911 0.176
25719 0.430
190 0.065
5806 0.848
10230 0.567
26211 0.567
7473 0.827
6260 0.148
11546 0.063
12357 0.845
31436 0.576
36464 0.709
19622 0.612
14643 0.243
29443 0.142
3895 0.660
29783 0.820
8352 0.681
8730 0.027
17447 0.574
10169 0.828
31554 0.822
28793 0.575
14637 0.516
13967 0.930
21628 0.650
3702 0.978
19470 0.802
6017 0.581
718 0.611
20650 0.847
11738 0.655
29938 0.224
5693 0.509
34229 0.307
3131 0.088
8804 0.693
29397 0.101
3484 0.712
6382 0.100
13017 0.319
6430 0.635
33448 0.440
31434 0.140
23057 0.437
21472 0.093
5378 0.801
25164 0.517
30953 0.404
11796 0.440
34256 0.234
12353 0.467
19284 0.689
29215 0.314
16403 0.759
31000 0.842
28050 0.407
11392 0.012
9001 0.751
34170 0.276
2600 0.025
21176 0.100
15212 0.657
23430 0.787
9455 0.193
28456 0.649
17204 0.213
11211 0.958
10727 0.491
15418 0.281
12310 0.143
27007 0.615
35986 0.897
5495 0.349
35528 0.998
36534 0.732
29989 0.412
32281 0.563
21660 0.320
26872 0.553
36590 0.389
22166 0.080
31275 0.153
17871 0.398
4378 0.670
34190 0.340
27202 0.396
1756 0.020
3462 0.121
14220 0.793
32192 0.847
36117 0.597
25214 0.289
31898 0.380
15029 0.407
20188 0.598
24083 0.676
29226 0.938
2459 0.930
26264 0.014
10976 0.570
8793 0.424
2029 0.658
4764 0.486
28578 0.538
26624 0.803
7087 0.087
19336 0.171
4380 0.674
4718 0.404
32307 0.632
22663 0.034
24265 0.753
12064 0.684
8278 0.806
24550 0.312
10636 0.521
8260 0.028
464 0.061
11932 0.154
26316 0.738
21581 0.201
28879 0.864
26233 0.563
35506 0.791
32601 0.536
15952 0.989
2499 0.036
35943 0.172
21362 0.642
30480 0.147
29752 0.523
6170 0.429
26873 0.005
35546 0.881
34618 0.700
19999 0.929
27664 0.272
22689 0.589
20400 0.798
22450 0.801
5816 0.661
918 0.616
18890 0.282
12898 0.729
5646 0.180
17498 0.418
7771 0.960
2179 0.197
15173 0.932
29343 0.259
3226 0.727
11415 0.723
32662 0.237
20653 0.783
30341 0.471
31514 0.043
20235 0.346
34549 0.356
26148 0.241
15181 0.308
20230 0.936
34621 0.092
19428 0.446
11795 0.633
19443 0.837
18219 0.127
942 0.792
31953 0.419
17541 0.229
7639 0.195
16175 0.033
21930 0.999
32016 0.735
7584 0.282
33767 0.086
30702 0.214
7248 0.362
29366 0.320
15530 0.514
27596 0.390
4482 0.791
17545 0.660
26063 0.996
8170 0.161
34893 0.785
12877 0.253
12453 0.506
11966 0.447
5975 0.007
26045 0.505
12327 0.583
19512 0.173
7425 0.838
25580 0.929
4840 0.030
9937 0.307
30326 0.681
1652 0.836
21257 0.947
6687 0.766
23115 0.214
16753 0.425
6362 0.112
12558 0.451
25269 0.107
34552 0.911
15250 0.449
4508 0.660
18442 0.954
15345 0.723
3336 0.243
19574 0.731
23611 0.804
2217 0.735
13628 0.031
2849 0.824
32779 0.358
15138 0.376
30001 0.120
27711 0.000
16959 0.565
3584 0.738
30063 0.393
14183 0.232
10101 0.937
33356 0.576
24083 0.918
31740 0.327
6683 0.719
34005 0.125
28519 0.795
24737 0.382
32876 0.973
32941 0.643
11704 0.882
23049 0.912
19078 0.909
8518 0.587
177 0.293
15662 0.298
35291 0.460
7173 0.780
30613 0.424
25272 0.291
22025 0.026
14259 0.606
22766 0.396
12356 0.184
7630 0.176
5567 0.151
16714 0.666
14819 0.942
34461 0.762
13877 0.997
22136 0.715
10221 0.608
11947 0.597
11155 0.145
10367 0.708
22471 0.279
3285 0.785
3003 0.513
21536 0.012
5763 0.250
10664 0.885
34743 0.849
27276 0.075
4496 0.980
25633 0.557
23090 0.941
35224 0.249
23118 0.880
34621 0.132
4728 0.010
13754 0.199
6563 0.119
389 0.156
32327 0.534
28630 0.058
28147 0.936
24938 0.582
23466 0.274
4429 0.171
4795 0.706
18240 0.892
6419 0.769
24477 0.202
28840 0.783
24811 0.536
1040 0.142
6710 0.464
18092 0.846
20485 0.589
29185 0.664
2507 0.061
17455 0.291
7764 0.488
10350 0.346
20296 0.179
858 0.553
24821 0.593
13386 0.799
35570 0.215
11801 0.088
1712 0.847
32471 0.441
7017 0.700
16341 0.223
9328 0.283
25791 0.552
8871 0.681
8889 0.329
7537 0.900
21068 0.169
19126 0.808
431 0.462
6340 0.450
36626 0.372
32831 0.476
13884 0.234
22083 0.973
3928 0.876
1090 0.168
4057 0.606
2962 0.193
33963 0.360
1399 0.118
31262 0.359
22146 0.582
14673 0.539
3910 0.039
28570 0.692
28411 0.066
5939 0.487
2018 0.937
23035 0.068
26889 0.639
15830 0.670
3349 0.637
27065 0.662
19278 0.398
17389 0.693
20283 0.772
27984 0.216
27373 0.350
25405 0.464
33416 0.582
4028 0.205
20094 0.490
32239 0.766
302 0.325
29349 0.788
5977 0.835
30393 0.482
34719 0.942
21157 0.912
24383 0.562
995 0.083
30555 0.457
20209 0.894
35314 0.437
27788 0.878
22848 0.791
19630 0.556
12640 0.015
14888 0.321
33210 0.686
15966 0.546
24924 0.874
18871 0.345
35425 0.649
26462 0.784
36421 0.284
32255 0.862
6385 0.483
10232 0.303
10272 0.790
31734 0.614
29491 0.958
13132 0.359
15762 0.595
19400 0.120
27231 0.093
9742 0.149
7698 0.839
16301 0.365
9157 0.716
16824 0.888
9789 0.825
10926 0.935
3448 0.365
28359 0.946
16850 0.236
30819 0.663
5473 0.832
5963 0.208
16708 0.734
30743 0.672
14972 0.535
30963 0.309
10612 0.581
26269 0.352
22959 0.150
18589 0.182
4652 0.022
974 0.006
12953 0.071
32878 0.199
22705 0.250
12225 0.242
26534 0.063
31519 0.393
2117 0.633
4459 0.452
6270 0.903
34241 0.200
25174 0.349
26664 0.932
4760 0.710
1303 0.863
24138 0.065
32035 0.237
15650 0.606
25218 0.111
26639 0.087
10002 0.229
26878 0.270
11380 0.411
9988 0.258
910 0.669
25856 0.579
4570 0.669
31103 0.171
2309 0.333
2735 0.384
9941 0.012
59 0.920
13976 0.055
12833 0.506
3891 0.453
9358 0.710
21232 0.737
10514 0.059
10346 0.991
5980 0.616
16511 0.907
16481 0.221
13590 0.122
26560 0.678
18403 0.722
19376 0.909
27261 0.318
11003 0.416
1751 0.387
10764 0.913
7018 0.768
10352 0.025
17124 0.013
18845 0.234
8734 0.724
17531 0.266
13053 0.187
27216 0.479
7918 0.191
28844 0.497
35607 0.112
23563 0.478
30901 0.517
16726 0.668
35057 0.787
30278 0.191
27314 0.691
18423 0.778
8999 0.774
18852 0.113
2166 0.190
31514 0.739
13953 0.429
39 0.054
11519 0.820
9707 0.004
24213 0.124
23667 0.361
1897 0.495
20315 0.692
34056 0.414
7979 0.509
16940 0.533
35488 0.982
675 0.271
24480 0.038
26495 0.961
8434 0.926
21292 0.783
32603 0.733
3876 0.087
25177 0.424
20187 0.060
31811 0.293
13050 0.469
17849 0.466
6850 0.077
24303 0.414
29126 0.927
22574 0.041
8889 0.061
33476 0.797
497 0.665
31728 0.735
16120 0.724
21830 0.519
7888 0.007
16923 0.339
22302 0.066
8743 0.086
12462 0.143
16954 0.638
10788 0.238
5767 0.106
9076 0.036
5890 0.240
4936 0.159
4149 0.397
12861 0.005
20425 0.044
5598 0.831
4586 0.822
20276 0.914
15740 0.918
25007 0.592
25573 0.237
3384 0.985
27258 0.205
8840 0.924
8630 0.568
14601 0.012
24723 0.791
10093 0.352
13654 0.687
25993 0.075
20776 0.649
18617 0.327
6256 0.616
35294 0.808
28606 0.517
22819 0.673
22475 0.950
14982 0.747
19550 0.988
28593 0.411
1472 0.811
30827 0.220
34128 0.200
23314 0.258
1185 0.402
31536 0.352
36452 0.951
5419 0.444
3331 0.395
23482 0.501
7719 0.562
20205 0.158
15696 0.824
33497 0.154
27104 0.304
35084 0.212
31052 0.877
27741 0.501
24705 0.675
17032 0.813
34504 0.409
23170 0.934
16472 0.335
469 0.178
2319 0.280
10219 0.849
31524 0.903
17876 0.150
25307 0.814
11466 0.096
5501 0.553
1657 0.797
19043 0.876
21481 0.478
24315 0.209
33061 0.063
24166 0.864
22852 0.925
9645 0.403
19943 0.742
24454 0.241
10752 0.230
28820 0.508
13981 0.345
19108 0.285
36678 0.385
15330 0.439
2882 0.143
14622 0.109
29149 0.125
21875 0.116
8465 0.774
27510 0.560
24934 0.401
12077 0.038
19299 0.803
15417 0.931
33756 0.444
35228 0.592
17083 0.963
29996 0.815
4031 0.327
87 0.778
9804 0.113
20737 0.103
28226 0.496
2569 0.603
28797 0.871
32181 0.432
30051 0.326
16333 0.651
5777 0.043
30888 0.316
17357 0.646
31397 0.441
31575 0.027
4911 0.458
18866 0.550
4955 0.631
34914 0.168
1547 0.603
34042 0.746
3045 0.199
10100 0.985
4160 0.791
29987 0.167
25761 0.891
22729 0.894
2626 0.080
14198 0.259
27843 0.500
16373 0.562
30379 0.456
34449 0.878
20900 0.331
1061 0.579
15979 0.116
11089 0.280
29139 0.574
2446 0.602
5865 0.674
24374 0.745
16319 0.442
32014 0.558
16282 0.775
3805 0.157
10543 0.196
30448 0.991
13959 0.941
21089 0.502
734 0.924
28058 0.963
6473 0.011
15701 0.858
14765 0.052
29032 0.097
34826 0.599
26301 0.781
25879 0.407
11656 0.160
4004 0.885
34528 0.906
10161 0.068
26540 0.438
3989 0.292
11541 0.900
11719 0.398
1439 0.720
31096 0.257
19346 0.840
25080 0.517
3845 0.646
10384 0.046
20583 0.075
20659 0.408
30252 0.126
9323 0.878
14643 0.664
30745 0.465
787 0.338
34784 0.428
10062 0.291
7193 0.323
32637 0.677
28157 0.030
7919 0.893
34245 0.706
11115 0.923
18146 0.235
17326 0.689
28898 0.757
5449 0.378
16162 0.619
26535 0.456
34800 0.277
22015 0.818
29854 0.654
34056 0.577
23941 0.100
20018 0.289
22334 0.103
18482 0.912
12746 0.647
14016 0.942
35679 0.525
17872 0.683
11453 0.161
20983 0.446
23357 0.429
3637 0.810
21968 0.957
23273 0.660
15029 0.731
29589 0.354
32680 0.847
31878 0.619
29707 0.147
9189 0.603
21392 0.325
36347 0.982
14912 0.064
29927 0.491
36120 0.396
14212 0.382
18828 0.047
34601 0.553
13226 0.209
20581 0.700
32974 0.320
35615 0.567
16785 0.532
1475 0.239
19351 0.830
30993 0.459
7242 0.017
24981 0.099
27091 0.357
25576 0.758
4120 0.838
7324 0.665
15514 0.270
25129 0.119
17712 0.893
28938 0.292
34259 0.463
34166 0.427
24919 0.440
8256 0.797
13002 0.386
23479 0.730
15159 0.708
17797 0.875
31004 0.276
16123 0.485
7448 0.720
23704 0.116
18105 0.576
36687 0.389
9180 0.984
7308 0.855
30420 0.273
355 0.733
21074 0.149
28652 0.629
23572 0.299
34269 0.209
15131 0.320
19708 0.283
29624 0.870
21990 0.949
4240 0.496
19836 0.170
664 0.229
7161 0.435
29834 0.191
19495 0.446
32079 0.745
22881 0.854
20912 0.290
29541 0.730
15065 0.788
36029 0.252
35083 0.743
28240 0.307
12869 0.891
2756 0.997
26639 0.143
13099 0.042
6976 0.638
34416 0.481
11987 0.309
18014 0.335
