5000
35998 0.768
24884 0.147
3002 0.678
28224 0.520
19727 0.586
22253 0.287
40046 0.866
45817 0.884
21587 0.681
7671 0.836
28314 0.978
25012 0.456
45235 0.556
20734 0.100
11011 0.946
23178 0.485
36789 0.494
38831 0.770
248 0.862
5637 0.427
31154 0.139
4122 0.661
9665 0.115
10858 0.695
15160 0.463
40519 0.518
39872 0.163
23089 0.576
45565 0.161
20448 0.942
43826 0.940
2661 0.233
14336 0.198
5927 0.452
1257 0.350
18414 0.358
35041 0.312
31888 0.746
3833 0.506
13908 0.503
25070 0.034
38590 0.402
27243 0.122
46131 0.747
26211 0.427
43495 0.826
5222 0.337
3919 0.161
7759 0.996
19937 0.969
42066 0.636
37117 0.108
24663 0.263
82 0.947
41555 0.928
9846 0.141
23750 0.009
35907 0.946
33322 0.211
15779 0.997
36693 0.909
35566 0.083
37118 0.625
22719 0.244
341 0.119
31169 0.609
24234 0.400
39705 0.550
37259 0.850
34647 0.173
15155 0.501
6397 0.856
20197 0.672
38926 0.263
21573 0.129
35718 0.028
38279 0.305
43672 0.443
3652 0.075
36853 0.723
25898 0.003
43701 0.229
23713 0.263
22746 0.783
20528 0.481
17006 0.020
5685 0.535
22397 0.910
30481 0.025
8266 0.638
27412 0.693
22463 0.318
33678 0.528
46273 0.183
35059 0.782
14846 0.841
8964 0.330
9315 0.218
43749 0.834
335 0.117
45803 0.392
38863 0.140
29519 0.087
45794 0.834
26054 0.676
36946 0.931
18504 0.395
15289 0.866
19888 0.547
19197 0.206
40696 0.709
3655 0.742
44094 0.600
29940 0.031
44145 0.477
22223 0.875
32514 0.782
3823 0.775
38284 0.044
10440 0.917
14699 0.203
37375 0.737
42263 0.941
33208 0.829
18327 0.838
3798 0.713
1310 0.211
31688 0.191
3842 0.589
39943 0.015
4376 0.513
11293 0.727
29022 0.449
12758 0.606
30745 0.387
5043 0.319
4369 0.067
24018 0.304
45925 0.315
6843 0.233
41078 0.653
1408 0.608
26420 0.098
6857 0.865
24056 0.698
26743 0.286
15023 0.747
15766 0.137
15709 0.921
1598 0.182
19423 0.851
22640 0.039
2906 0.346
1259 0.782
36688 0.620
23510 0.352
38862 0.876
41090 0.130
3535 0.258
18530 0.606
44357 0.627
2542 0.603
21097 0.229
41638 0.996
38044 0.748
30181 0.412
43282 0.004
27864 0.304
13707 0.754
46901 0.544
16333 0.748
15198 0.059
9491 0.707
42793 0.740
35363 0.156
35545 0.768
23983 0.122
33523 0.366
32160 0.709
28772 0.564
21392 0.977
30997 0.435
839 0.669
3755 0.901
26339 0.662
3550 0.261
40111 0.257
33796 0.365
15996 0.671
40795 0.408
14540 0.424
15610 0.261
8882 0.235
37283 0.923
6094 0.903
44578 0.998
22536 0.558
31199 0.968
29623 0.922
10018 0.712
7262 0.164
12475 0.257
8292 0.590
13940 0.510
15604 0.203
28666 0.510
37353 0.928
25713 0.684
31459 0.248
34941 0.414
25432 0.739
43989 0.267
44310 0.186
41980 0.499
37502 0.672
31191 0.019
30421 0.525
26370 0.324
45274 0.539
43591 0.683
31383 0.737
34095 0.628
10415 0.392
32808 0.713
17893 0.170
31723 0.520
2592 0.655
32652 0.282
8583 0.615
31774 0.437
3386 0.172
36796 0.236
41681 0.633
3305 0.328
32972 0.706
16688 0.415
23429 0.908
15298 0.871
6027 0.654
42869 0.327
31440 0.533
45180 0.344
46167 0.953
15266 0.864
40411 0.035
6834 0.925
11063 0.561
2310 0.750
7481 0.826
5666 0.079
44341 0.992
33609 0.977
9397 0.354
26701 0.577
16849 0.163
7910 0.023
36475 0.495
23395 0.095
24318 0.642
19410 0.760
30396 0.002
32737 0.235
40273 0.299
25855 0.186
11003 0.431
470 0.532
37230 0.297
27077 0.628
24970 0.533
35941 0.802
41409 0.357
25657 0.030
5552 0.999
21097 0.925
42504 0.002
5942 0.268
4719 0.448
29646 0.357
3555 0.851
778 0.174
42694 0.089
406 0.216
16055 0.866
41559 0.719
43528 0.985
37742 0.118
34939 0.420
3805 0.774
20913 0.473
16963 0.299
32526 0.228
19375 0.427
32201 0.379
17045 0.717
16579 0.562
14620 0.551
41798 0.206
21136 0.496
42188 0.680
38090 0.568
6488 0.467
24619 0.088
16866 0.161
20890 0.908
28023 0.129
13686 0.252
21881 0.304
25313 0.580
25734 0.824
34442 0.849
34938 0.444
22369 0.007
45389 0.198
28808 0.717
6947 0.352
39027 0.077
43053 0.841
39626 0.182
44002 0.705
36688 0.313
23414 0.038
3731 0.945
6385 0.811
7299 0.238
31360 0.815
20194 0.049
14533 0.944
15518 0.428
14614 0.081
2742 0.280
3099 0.151
40084 0.865
32772 0.317
23507 0.151
39241 0.783
11667 0.279
31187 0.932
37921 0.707
18557 0.194
10908 0.844
24682 0.879
37031 0.091
30517 0.496
11476 0.081
30762 0.596
18863 0.128
17730 0.021
17730 0.571
2919 0.816
17876 0.799
23023 0.890
30066 0.410
39194 0.756
44734 0.492
20869 0.288
37072 0.178
15668 0.629
45487 0.562
45297 0.811
43450 0.060
2563 0.280
24677 0.828
44213 0.359
32886 0.445
46544 0.976
15453 0.117
10252 0.348
21301 0.137
6106 0.199
10539 0.132
35352 0.094
17947 0.938
39655 0.644
29558 0.355
3981 0.687
38628 0.811
28009 0.248
33000 0.456
28983 0.142
15694 0.619
16909 0.103
2020 0.071
38697 0.060
6779 0.658
26911 0.778
19416 0.006
36580 0.847
19538 0.372
24522 0.718
12220 0.092
23329 0.351
12086 0.204
16170 0.262
23374 0.775
10352 0.319
34085 0.309
21340 0.519
22680 0.964
22712 0.762
19011 0.438
26691 0.368
10183 0.545
44742 0.644
18039 0.050
21000 0.111
33824 0.299
20949 0.705
4796 0.693
28404 0.976
35067 0.391
19546 0.707
26031 0.128
41494 0.277
40381 0.576
34781 0.400
38961 0.315
16339 0.401
30769 0.589
6995 0.657
6602 0.474
43595 0.782
30709 0.816
41726 0.347
16598 0.578
18211 0.836
14529 0.338
6506 0.466
5809 0.959
30449 0.453
10861 0.567
1723 0.030
28959 0.464
28020 0.647
30795 0.795
27667 0.552
7188 0.372
43617 0.575
32735 0.274
31713 0.951
12570 0.800
34403 0.119
32298 0.393
9916 0.554
40669 0.395
10062 0.704
31985 0.050
39277 0.640
23770 0.830
14672 0.846
45254 0.921
30754 0.451
46846 0.984
4534 0.374
10241 0.290
3328 0.976
41485 0.748
25341 0.509
22170 0.363
22427 0.595
31395 0.838
30747 0.029
32106 0.404
20287 0.562
11558 0.345
913 0.229
37805 0.605
8406 0.874
40018 0.130
12069 0.646
25101 0.954
1898 0.787
33676 0.863
4330 0.733
42372 0.839
26585 0.695
46759 0.208
18987 0.794
31406 0.166
12153 0.018
31431 0.445
33998 0.646
33282 0.963
38670 0.303
36927 0.063
9424 0.228
27322 0.512
5693 0.642
39824 0.017
43324 0.766
4314 0.349
14114 0.607
14622 0.233
31063 0.421
16906 0.171
20826 0.757
22443 0.692
36347 0.128
34285 0.467
33545 0.581
17535 0.173
3004 0.305
5393 0.321
29256 0.642
2933 0.755
27910 0.005
2608 0.428
28718 0.534
42234 0.253
35253 0.230
36732 0.071
2862 0.499
10858 0.741
28141 0.151
22852 0.816
8835 0.998
12413 0.025
45988 0.948
370 0.364
2934 0.151
45453 0.557
985 0.784
18141 0.637
45981 0.523
45911 0.899
46810 0.162
12648 0.824
6480 0.054
35601 0.239
8916 0.045
38779 0.770
31004 0.775
30115 0.695
17342 0.547
16229 0.104
1777 0.465
19666 0.112
20004 0.324
34245 0.622
5013 0.886
165 0.072
831 0.657
32184 0.358
13428 0.315
5168 0.441
24818 0.692
24777 0.161
34711 0.699
28011 0.719
38833 0.177
21772 0.316
32605 0.559
93 0.196
39983 0.160
19942 0.430
19409 0.257
651 0.880
15187 0.058
28272 0.696
44632 0.183
31949 0.036
32756 0.917
41679 0.783
28375 0.851
27923 0.142
38942 0.031
25706 0.183
27533 0.324
7460 0.935
7575 0.405
12348 0.187
46563 0.483
10922 0.342
12795 0.256
37525 0.840
2704 0.063
22290 0.414
2405 0.630
18434 0.195
17110 0.831
11518 0.815
13233 0.680
29761 0.660
40539 0.064
40469 0.647
11276 0.992
38853 0.150
40396 0.412
1890 0.871
6684 0.532
17778 0.287
28106 0.424
38769 0.019
37376 0.646
36167 0.394
14150 0.534
31716 0.788
28830 0.009
2735 0.309
36693 0.227
26045 0.794
23337 0.445
30879 0.424
19205 0.580
45244 0.355
17872 0.455
35344 0.382
32494 0.962
29741 0.110
13251 0.089
7909 0.568
42810 0.541
18592 0.834
22107 0.240
46465 0.415
34867 0.480
8703 0.341
18086 0.579
21566 0.148
46500 0.667
39281 0.044
15309 0.034
26559 0.004
46879 0.094
12598 0.441
23620 0.266
33181 0.797
13528 0.757
7061 0.503
41097 0.556
38864 0.212
35258 0.195
39723 0.796
2555 0.092
28190 0.426
20352 0.771
30818 0.486
36499 0.358
43959 0.928
6008 0.055
26217 0.263
21257 0.958
30526 0.693
3477 0.813
15880 0.806
22859 0.834
32450 0.229
9257 0.264
41978 0.204
7523 0.605
15550 0.188
23085 0.224
11073 0.725
43380 0.735
8939 0.202
41207 0.456
24187 0.480
20387 0.656
16238 0.628
20649 0.181
17995 0.303
27903 0.427
4083 0.871
39202 0.460
8614 0.003
17537 0.864
21908 0.472
31057 0.087
23035 0.868
32673 0.720
22136 0.413
31630 0.517
4290 0.731
12985 0.123
18933 0.723
21116 0.527
8089 0.599
7056 0.819
22168 0.181
29543 0.007
45151 0.731
37329 0.997
27522 0.976
32251 0.167
7542 0.153
37503 0.080
12404 0.980
45569 0.259
39013 0.922
32947 0.392
11967 0.762
20130 0.354
4171 0.978
9520 0.062
33189 0.375
22121 0.425
9904 0.104
39346 0.645
40722 0.243
30270 0.717
26287 0.367
24452 0.727
6261 0.339
26609 0.554
32973 0.950
12368 0.658
23683 0.411
3524 0.063
4049 0.188
2609 0.268
43159 0.923
13049 0.404
24439 0.117
17174 0.555
39153 0.663
41109 0.494
26518 0.084
42161 0.841
4891 0.962
11300 0.004
1732 0.349
30816 0.764
10829 0.862
1356 0.267
46589 0.761
21757 0.378
22643 0.405
112 0.123
27598 0.181
34366 0.144
17149 0.399
30034 0.626
45424 0.623
40954 0.160
19091 0.467
29727 0.745
38812 0.160
13722 0.839
2849 0.427
6116 0.113
13240 0.439
7557 0.534
15399 0.457
12016 0.843
29593 0.881
16066 0.851
33820 0.080
27581 0.850
13602 0.351
23112 0.073
27028 0.421
18406 0.102
2652 0.387
25257 0.146
45872 0.894
45784 0.361
3709 0.095
21942 0.949
16951 0.915
10931 0.706
24532 0.245
46184 0.859
41019 0.141
21526 0.194
23544 0.923
31742 0.209
23733 0.201
9097 0.467
33554 0.863
36710 0.395
8205 0.049
41140 0.410
5876 0.901
4766 0.591
10551 0.658
37441 0.817
5708 0.381
4442 0.109
77 0.018
8460 0.681
42426 0.587
34239 0.973
27890 0.604
19104 0.693
12 0.125
1056 0.847
11550 0.681
35576 0.846
35960 0.053
42746 0.573
39824 0.076
13599 0.219
5647 0.370
29635 0.901
154 0.574
6631 0.141
36999 0.775
22540 0.348
21538 0.232
1429 0.167
39983 0.576
27661 0.090
44269 0.808
24710 0.267
23944 0.817
13283 0.420
14510 0.603
1097 0.118
20135 0.568
33214 0.653
35628 0.175
40783 0.609
26615 0.950
41375 0.713
7444 0.557
1176 0.093
28019 0.927
5174 0.686
45704 0.842
11513 0.492
17077 0.431
23570 0.335
20990 0.258
24132 0.896
22549 0.701
13142 0.579
23630 0.593
25387 0.105
16651 0.412
21689 0.227
46641 0.570
38297 0.391
26415 0.882
7305 0.066
15581 0.475
17915 0.630
6316 0.680
9596 0.626
43808 0.107
2759 0.648
28434 0.287
45042 0.175
30997 0.384
34919 0.983
27387 0.358
38389 0.392
16322 0.854
25864 0.626
29712 0.648
19746 0.035
17924 0.010
39750 0.047
17553 0.738
29493 0.467
18165 0.755
37801 0.237
16564 0.275
30375 0.173
17139 0.716
20826 0.985
41309 0.819
39265 0.148
9170 0.030
36617 0.683
10829 0.592
38058 0.687
17947 0.766
18897 0.157
38837 0.510
46460 0.269
21814 0.852
2599 0.380
23186 0.623
42172 0.784
13326 0.281
18283 0.449
8320 0.373
28323 0.412
30340 0.512
13158 0.753
16208 0.124
35989 0.547
14496 0.949
27718 0.615
3782 0.395
31649 0.220
14208 0.917
851 0.789
43750 0.307
26917 0.084
33187 0.285
2983 0.187
33433 0.850
6795 0.453
9563 0.845
27470 0.057
40180 0.500
28782 0.320
27746 0.754
45166 0.118
42157 0.582
19088 0.738
41193 0.264
37777 0.052
12778 0.473
32342 0.417
9981 0.859
2168 0.576
4447 0.001
39194 0.215
15447 0.491
39618 0.202
28495 0.852
45018 0.431
19871 0.790
17562 0.712
12860 0.284
28068 0.388
23961 0.483
43112 0.286
43768 0.155
14421 0.727
41901 0.908
1561 0.928
24592 0.168
38384 0.104
1466 0.304
11737 0.855
45009 0.526
43905 0.020
31469 0.481
2034 0.574
15571 0.522
25634 0.096
26851 0.818
22524 0.120
7911 0.522
9843 0.352
31797 0.914
1430 0.739
44223 0.463
16119 0.994
25764 0.126
14732 0.231
14967 0.158
29625 0.397
10916 0.713
6854 0.673
8997 0.280
12558 0.011
6380 0.348
41154 0.471
34778 0.378
4316 0.063
39903 0.151
39790 0.691
25734 0.804
25933 0.915
11830 0.308
21244 0.424
18957 0.071
16797 0.565
19692 0.713
9485 0.325
45069 0.009
28921 0.615
10046 0.075
33656 0.474
36114 0.443
9343 0.419
31845 0.169
23984 0.265
37695 0.920
24035 0.237
37161 0.977
17285 0.967
10657 0.496
42700 0.286
182 0.057
3779 0.440
34181 0.961
37187 0.023
10603 0.252
37780 0.597
26120 0.631
15878 0.823
28173 0.211
37463 0.910
6238 0.346
42368 0.050
6523 0.594
2684 0.850
39022 0.636
18858 0.452
910 0.300
31968 0.863
44635 0.129
33717 0.938
36915 0.267
4843 0.716
10377 0.363
37206 0.242
21269 0.832
9630 0.122
28163 0.084
42961 0.118
12146 0.035
10581 0.413
41654 0.550
8445 0.209
26614 0.779
25171 0.467
8903 0.301
5114 0.809
27076 0.003
8767 0.533
15351 0.159
17939 0.358
13180 0.146
29136 0.585
19049 0.460
2143 0.715
32959 0.167
4311 0.500
10113 0.421
34006 0.436
37965 0.490
20107 0.811
98 0.472
12326 0.748
25813 0.106
44661 0.025
46307 0.241
44682 0.627
7964 0.730
11500 0.311
8056 0.268
37318 0.216
2151 0.798
1837 0.846
745 0.212
28113 0.444
6946 0.314
3958 0.754
14685 0.440
10978 0.796
11147 0.258
31962 0.752
10518 0.779
18856 0.792
9253 0.833
26295 0.689
27361 0.657
38739 0.219
19558 0.339
33035 0.742
28867 0.477
35827 0.648
13540 0.219
27917 0.011
29296 0.115
19911 0.156
37271 0.649
11372 0.625
19712 0.221
29061 0.526
23477 0.903
32439 0.054
42226 0.563
25128 0.441
26004 0.345
35522 0.424
11062 0.764
22246 0.156
10326 0.011
14875 0.710
8196 0.276
16239 0.858
234 0.996
22391 0.039
15475 0.275
45197 0.393
26090 0.304
11646 0.503
39472 0.135
38460 0.662
39231 0.625
12378 0.065
39503 0.955
16477 0.168
3007 0.847
30291 0.452
31113 0.801
15968 0.521
35431 0.403
3819 0.656
43495 0.073
29229 0.559
23986 0.780
43680 0.299
6423 0.263
28660 0.355
12346 0.341
42670 0.795
16991 0.627
22432 0.232
1587 0.572
26684 0.854
35767 0.685
44640 0.299
15235 0.126
44185 0.576
13721 0.105
35279 0.552
16893 0.272
28910 0.179
16572 0.259
24964 0.549
8940 0.736
5721 0.588
31655 0.474
23372 0.773
19354 0.961
23836 0.140
23930 0.625
22608 0.766
8365 0.122
34932 0.046
23479 0.859
3710 0.753
10544 0.167
35127 0.755
19149 0.423
10473 0.584
46164 0.598
37138 0.380
46532 0.302
19968 0.048
7007 0.713
18460 0.719
2549 0.339
14667 0.910
27067 0.990
32523 0.334
46178 0.878
35285 0.014
27876 0.997
24912 0.967
6675 0.357
1319 0.162
17742 0.055
27897 0.064
3985 0.136
18931 0.475
3341 0.638
30695 0.527
37517 0.545
34076 0.874
4542 0.561
28275 0.557
33885 0.200
12652 0.687
32345 0.927
31926 0.049
10858 0.965
401 0.404
25627 0.640
16224 0.890
38133 0.526
20084 0.984
32777 0.260
41178 0.876
15048 0.526
45634 0.943
9197 0.331
19561 0.440
41678 0.870
45315 0.668
42258 0.127
26936 0.506
37127 0.756
32655 0.756
28233 0.618
28681 0.923
44464 0.822
6542 0.145
46543 0.166
44665 0.516
15725 0.303
41481 0.754
13689 0.268
7635 0.577
9931 0.071
17554 0.530
30049 0.799
46242 0.771
34745 0.146
31413 0.746
40392 0.713
17251 0.908
378 0.543
19993 0.695
19145 0.610
6040 0.769
34034 0.848
44594 0.312
33676 0.373
20772 0.397
34831 0.790
26309 0.242
16854 0.207
35571 0.072
2651 0.550
4432 0.466
27241 0.430
32616 0.067
28855 0.940
14705 0.949
32237 0.644
7318 0.773
32038 0.559
27424 0.875
31405 0.475
12900 0.856
46155 0.494
37161 0.468
21863 0.941
5534 0.420
11217 0.001
21344 0.532
21763 0.824
14573 0.009
31837 0.631
33072 0.806
13123 0.310
5621 0.276
22081 0.535
97 0.450
22756 0.928
35472 0.356
35379 0.549
6545 0.422
43703 0.641
43441 0.061
27571 0.388
17828 0.751
39581 0.349
12850 0.784
30537 0.230
18332 0.702
41055 0.447
38581 0.537
6970 0.700
35643 0.679
27865 0.905
38721 0.928
1106 0.605
6459 0.877
29597 0.430
15237 0.760
30660 0.958
25443 0.210
8395 0.527
32252 0.630
21750 0.741
20861 0.453
29758 0.413
13258 0.220
12527 0.123
9611 0.653
30014 0.943
43669 0.140
29278 0.288
29490 0.345
25581 0.342
11832 0.151
26320 0.267
29195 0.055
44632 0.719
30102 0.911
8951 0.897
5384 0.340
1583 0.759
35796 0.824
5504 0.671
13033 0.104
12298 0.553
11242 0.829
45247 0.464
13077 0.441
39528 0.731
17385 0.244
22530 0.189
42062 0.819
39982 0.022
16955 0.648
38617 0.476
30531 0.312
40535 0.574
44239 0.022
43644 0.882
13289 0.514
14671 0.522
10664 0.868
46086 0.741
32167 0.600
30252 0.731
18982 0.905
2119 0.147
12747 0.235
1952 0.862
37832 0.461
30316 0.293
6786 0.779
34033 0.892
24930 0.446
581 0.266
24017 0.482
18566 0.830
33689 0.218
43740 0.825
25505 0.283
14337 0.070
30393 0.724
26660 0.554
14012 0.969
28026 0.212
21971 0.420
31178 0.135
2430 0.942
24053 0.283
17951 0.364
19773 0.355
23437 0.114
33420 0.594
8287 0.532
38212 0.755
23241 0.194
35624 0.900
34094 0.175
35512 0.981
7824 0.510
40989 0.875
7122 0.043
44410 0.160
28462 0.694
19355 0.141
13185 0.344
10229 0.786
30023 0.296
12922 0.651
40823 0.960
3464 0.764
26013 0.628
4185 0.373
17959 0.630
41624 0.721
27021 0.211
29951 0.709
26337 0.094
10984 0.969
19636 0.835
30318 0.736
3281 0.880
2205 0.962
39069 0.279
45921 0.931
1930 0.757
824 0.561
22715 0.405
6768 0.187
20 0.908
16654 0.695
19952 0.585
29799 0.275
38242 0.593
7704 0.061
28570 0.483
2482 0.151
8085 0.036
36686 0.427
29778 0.788
30858 0.189
4687 0.907
8496 0.748
40098 0.986
1687 0.994
38594 0.202
10132 0.752
32130 0.703
30062 0.063
34620 0.633
12325 0.732
19767 0.428
7489 0.755
20617 0.854
11770 0.832
5661 0.058
23628 0.368
22204 0.395
25682 0.911
415 0.078
37745 0.693
24824 0.367
38629 0.190
19452 0.161
4213 0.074
5456 0.837
46222 0.974
37071 0.355
10770 0.191
19534 0.943
36066 0.997
41532 0.679
29849 0.966
18249 0.415
2611 0.368
28043 0.537
685 0.943
10027 0.112
32437 0.665
44376 0.828
16444 0.117
22884 0.783
29810 0.194
41053 0.188
42246 0.405
421 0.036
10424 0.387
7956 0.465
7816 0.014
36282 0.803
31075 0.417
33441 0.157
21620 0.696
2161 0.471
32977 0.192
1321 0.253
17719 0.545
23285 0.358
21585 0.073
29855 0.091
1382 0.423
22405 0.290
32704 0.861
1624 0.079
32574 0.509
8062 0.682
29968 0.569
6124 0.213
23806 0.625
34592 0.391
18516 0.615
38043 0.145
27372 0.924
24615 0.100
1354 0.748
39636 0.196
37913 0.672
36014 0.979
8976 0.338
13856 0.806
14902 0.549
37043 0.116
38585 0.552
27022 0.522
28995 0.916
32323 0.149
22391 0.953
30006 0.992
11483 0.515
15807 0.821
31835 0.506
14104 0.807
34891 0.523
14389 0.460
46453 0.791
37683 0.935
25719 0.385
46127 0.499
29012 0.491
23234 0.604
46089 0.194
8111 0.589
22012 0.677
14069 0.291
13911 0.824
10017 0.161
9107 0.191
10949 0.355
36969 0.654
24016 0.507
35626 0.129
9393 0.429
6306 0.325
25892 0.087
18717 0.032
43158 0.342
32048 0.135
26300 0.446
10773 0.111
15518 0.377
37408 0.721
23556 0.955
1359 0.771
40497 0.697
12970 0.854
8454 0.139
5452 0.846
9036 0.269
15729 0.877
43833 0.443
28679 0.306
30255 0.034
9887 0.759
30068 0.780
28179 0.004
26434 0.500
9460 0.933
26441 0.066
2897 0.567
36606 0.979
45149 0.644
36118 0.847
24746 0.705
7989 0.115
38517 0.130
37450 0.415
37293 0.464
8395 0.782
13092 0.814
25489 0.271
9010 0.081
19973 0.446
3807 0.004
1308 0.609
38295 0.704
9364 0.217
23528 0.976
1497 0.674
39473 0.363
32172 0.011
46081 0.113
10230 0.192
28362 0.932
371 0.039
17125 0.517
23491 0.266
31058 0.272
25187 0.608
14744 0.735
14912 0.363
29874 0.737
8768 0.441
45514 0.491
6543 0.156
24472 0.835
22448 0.293
13544 0.649
44298 0.571
41240 0.148
28916 0.673
3320 0.701
29345 0.830
26943 0.031
12446 0.199
6283 0.015
31276 0.730
7379 0.527
10482 0.205
46872 0.370
39989 0.875
20312 0.148
38220 0.559
16718 0.990
36315 0.151
23894 0.167
4127 0.082
4668 0.434
26637 0.915
45977 0.884
17747 0.103
2271 0.324
41970 0.494
19152 0.564
25840 0.171
37182 0.382
22563 0.579
36258 0.691
21281 0.640
23421 0.211
34642 0.468
30156 0.743
38663 0.545
20321 0.980
46679 0.560
3406 0.343
11144 0.433
26439 0.343
42575 0.369
41141 0.873
42003 0.388
31670 0.680
12030 0.094
12450 0.870
5014 0.663
28808 0.740
13658 0.530
43745 0.709
33112 0.624
15477 0.587
38598 0.166
17277 0.108
38207 0.187
26501 0.080
46110 0.084
19517 0.473
41084 0.320
20210 0.671
12560 0.606
28007 0.417
22313 0.942
8151 0.439
19171 0.587
186 0.817
6726 0.906
1244 0.444
25663 0.691
1715 0.965
22124 0.073
12256 0.986
1996 0.754
4857 0.956
37853 0.298
7057 0.098
45992 0.529
42251 0.614
19071 0.355
46904 0.053
18405 0.254
35168 0.258
26810 0.501
43827 0.962
30 0.866
21130 0.027
37789 0.732
37770 0.297
25622 0.575
28032 0.505
37955 0.566
33775 0.507
39197 0.756
18645 0.058
40795 0.510
31401 0.788
32779 0.715
20308 0.281
31639 0.305
27495 0.523
39171 0.422
42987 0.721
33684 0.655
29588 0.761
44877 0.152
4505 0.359
40538 0.880
2890 0.932
16343 0.519
40949 0.131
41247 0.614
28933 0.831
36365 0.596
36023 0.357
32589 0.005
24665 0.248
45427 0.791
42492 0.379
4041 0.453
1675 0.673
45221 0.293
29705 0.303
29338 0.338
26256 0.440
42554 0.061
42929 0.775
25323 0.710
27507 0.747
36267 0.865
6713 0.279
14672 0.751
35841 0.525
2317 0.123
31575 0.113
21118 0.596
22731 0.989
16994 0.325
12906 0.656
19284 0.953
35283 0.988
29185 0.298
42436 0.386
16171 0.723
36723 0.957
6031 0.688
17475 0.631
34031 0.857
10426 0.386
7909 0.254
35249 0.014
19831 0.281
39830 0.495
34164 0.155
40748 0.290
46158 0.003
17128 0.986
4182 0.532
9107 0.066
38258 0.728
43853 0.577
3571 0.883
22086 0.740
43673 0.420
1743 0.294
10808 0.977
31156 0.508
6754 0.418
8490 0.212
13267 0.631
33433 0.876
606 0.041
10741 0.101
8787 0.949
21858 0.502
21828 0.400
22846 0.721
2112 0.318
24699 0.074
29288 0.715
1284 0.350
383 0.931
21682 0.100
44328 0.627
42775 0.175
38021 0.446
14997 0.348
10399 0.298
26636 0.680
546 0.433
44672 0.698
25480 0.791
26837 0.553
36118 0.361
39260 0.825
4371 0.161
28785 0.470
23325 0.577
31700 0.754
42417 0.608
42693 0.237
45292 0.138
45804 0.303
16365 0.310
33977 0.975
9086 0.944
8500 0.313
5059 0.877
21894 0.769
45521 0.701
34179 0.566
16343 0.906
46656 0.661
3713 0.319
14738 0.131
40581 0.259
13704 0.279
29656 0.383
11664 0.235
27640 0.106
30163 0.520
9157 0.760
40617 0.255
3360 0.173
46217 0.618
13566 0.463
32214 0.465
24313 0.939
37118 0.085
24306 0.452
33482 0.702
35254 0.411
13814 0.400
41653 0.660
15378 0.781
10378 0.380
35331 0.306
707 0.711
43969 0.813
42199 0.223
1976 0.218
12612 0.370
15800 0.827
3229 0.903
14465 0.687
29497 0.827
24332 0.553
32830 0.683
14989 0.278
8579 0.055
267 0.509
29235 0.238
19448 0.077
1938 0.249
40743 0.216
24017 0.393
28392 0.234
13974 0.846
11071 0.151
24030 0.097
29229 0.022
27437 0.910
116 0.612
10948 0.859
19385 0.890
40419 0.295
2897 0.895
28368 0.780
37848 0.688
19617 0.014
25071 0.380
10791 0.588
41847 0.670
30288 0.868
36087 0.912
39791 0.940
35651 0.513
14032 0.936
14425 0.584
9767 0.824
17738 0.778
6496 0.979
34211 0.595
26625 0.934
38501 0.482
34348 0.699
5276 0.631
1247 0.845
22580 0.589
16588 0.310
32541 0.392
14701 0.965
358 0.364
39062 0.630
43687 0.619
8327 0.248
24769 0.858
18713 0.945
18433 0.111
20295 0.998
12299 0.207
37944 0.578
23313 0.364
13493 0.659
28685 0.009
30018 0.386
12903 0.078
30882 0.156
10020 0.759
19791 0.736
19506 0.088
25136 0.454
35306 0.795
28028 0.200
41051 0.398
34418 0.074
46024 0.889
37582 0.903
41962 0.241
40875 0.940
39650 0.070
1493 0.808
3029 0.410
7769 0.572
3336 0.020
39749 0.488
16229 0.329
22312 0.617
32949 0.318
26098 0.080
20260 0.470
25161 0.825
18874 0.919
31126 0.836
16998 0.601
4942 0.611
25037 0.322
44877 0.355
19667 0.938
17948 0.952
31511 0.206
15811 0.400
9183 0.963
31874 0.001
18460 0.427
41582 0.934
42223 0.249
19268 0.536
6398 0.030
12743 0.248
100 0.297
11552 0.105
25024 0.655
25101 0.899
39401 0.461
45781 0.424
28571 0.775
13047 0.645
8947 0.277
44919 0.250
39174 0.433
46779 0.849
1265 0.104
43473 0.389
16929 0.861
12380 0.180
7563 0.371
41247 0.525
5907 0.640
39946 0.922
26398 0.200
8901 0.899
6404 0.031
33092 0.035
45347 0.003
45973 0.523
40102 0.004
27363 0.987
9728 0.357
11677 0.083
20530 0.050
106 0.207
7747 0.267
32846 0.227
21431 0.827
29914 0.150
13768 0.401
19150 0.455
11434 0.040
15984 0.181
3166 0.556
29761 0.200
24024 0.757
2079 0.320
33897 0.401
24274 0.557
786 0.128
23365 0.798
43326 0.587
28249 0.354
36223 0.362
5484 0.784
38017 0.848
11606 0.243
35946 0.413
9210 0.183
3168 0.537
26282 0.798
37992 0.429
32484 0.394
22707 0.194
18740 0.097
46167 0.149
28197 0.149
33689 0.992
31849 0.566
21246 0.804
7979 0.835
17219 0.829
10107 0.224
5572 0.626
24431 0.559
46027 0.536
4034 0.875
17792 0.548
19102 0.160
19292 0.636
41002 0.531
45580 0.403
42963 0.089
33743 0.494
13234 0.625
37571 0.966
555 0.468
42332 0.324
18295 0.824
43739 0.884
35485 0.045
6876 0.908
19674 0.269
26305 0.491
6838 0.081
28282 0.066
11257 0.517
7219 0.438
36325 0.704
4878 0.835
17543 0.608
24625 0.046
45849 0.526
44558 0.716
2474 0.625
39117 0.497
16277 0.115
32487 0.771
1476 0.412
35164 0.282
1468 0.143
21667 0.092
2860 0.881
36281 0.839
22330 0.126
43292 0.556
40931 0.675
26721 0.777
15597 0.975
40042 0.966
13590 0.954
8013 0.272
42112 0.448
6623 0.407
16152 0.660
44231 0.157
39047 0.301
18139 0.868
4161 0.725
1538 0.174
40200 0.175
12399 0.989
34714 0.656
19006 0.267
42899 0.498
24479 0.050
5766 0.584
18293 0.961
29077 0.548
7682 0.797
10157 0.807
41161 0.608
27106 0.052
24211 0.544
33228 0.816
7741 0.522
11260 0.229
33124 0.351
25147 0.972
24546 0.339
18558 0.882
39398 0.462
33755 0.104
1580 0.387
19183 0.081
8947 0.681
4207 0.653
235 0.694
40538 0.199
21361 0.790
43829 0.589
17689 0.773
27853 0.723
32856 0.697
13646 0.173
44041 0.225
41364 0.645
14846 0.850
15818 0.890
4156 0.532
40379 0.790
43236 0.043
42681 0.909
36395 0.776
9260 0.298
9638 0.751
27939 0.944
30635 0.455
45177 0.153
451 0.265
7251 0.481
45103 0.573
40036 0.396
1129 0.202
9098 0.532
39175 0.268
21478 0.796
32092 0.200
36958 0.071
8720 0.550
25167 0.557
37888 0.207
39096 0.617
25624 0.927
15618 0.571
13617 0.314
42744 0.495
43731 0.068
13549 0.423
45681 0.443
43920 0.250
27983 0.245
1221 0.139
34980 0.012
4348 0.933
23089 0.967
27984 0.360
21080 0.785
13967 0.402
4857 0.066
21613 0.779
35005 0.082
8716 0.271
24356 0.070
24298 0.956
43253 0.452
17195 0.310
36271 0.758
11351 0.194
8984 0.974
1474 0.655
6901 0.221
31693 0.423
21927 0.041
28523 0.838
17731 0.041
19161 0.604
12250 0.351
16705 0.781
4283 0.708
5131 0.756
38960 0.210
37599 0.989
37863 0.532
5211 0.371
36213 0.637
29413 0.651
19485 0.236
32606 0.577
28575 0.352
25855 0.042
11229 0.624
22432 0.966
16082 0.479
38600 0.102
30548 0.840
23521 0.894
45053 0.343
1174 0.031
22005 0.473
7089 0.177
30544 0.451
30899 0.528
40065 0.251
11283 0.722
7934 0.246
44070 0.694
2993 0.058
43332 0.431
22241 0.726
45212 0.412
10324 0.812
40461 0.918
550 0.544
9036 0.513
27270 0.422
37804 0.032
8725 0.508
15480 0.959
4133 0.718
21703 0.135
36853 0.474
2921 0.208
8915 0.530
27580 0.109
3988 0.364
13409 0.578
16048 0.531
45705 0.993
28979 0.852
14950 0.479
3673 0.606
6607 0.002
27145 0.028
22522 0.143
12788 0.309
31403 0.642
15041 0.830
14771 0.332
4960 0.553
39218 0.534
10193 0.455
19954 0.137
9242 0.299
42460 0.026
9042 0.219
44203 0.896
34716 0.374
914 0.259
17139 0.927
4163 0.193
1444 0.626
7116 0.779
18125 0.755
44102 0.085
2497 0.133
13870 0.121
27680 0.297
39929 0.376
7865 0.625
4884 0.095
1502 0.154
43696 0.374
5938 0.363
17909 0.336
41456 0.110
32199 0.070
20035 0.129
36411 0.193
9541 0.588
11356 0.406
33155 0.007
28487 0.935
22071 0.048
22275 0.496
38721 0.508
35880 0.485
33325 0.334
25888 0.781
27318 0.633
13734 0.467
4127 0.159
30335 0.808
30608 0.315
26419 0.786
8615 0.929
15968 0.798
26261 0.026
13693 0.005
31004 0.261
37733 0.676
31176 0.571
3867 0.022
44794 0.835
25556 0.754
6649 0.654
22703 0.685
18301 0.506
2815 0.457
24985 0.452
22056 0.140
11329 0.449
15748 0.483
9562 0.339
39747 0.711
25749 0.849
16058 0.291
19009 0.406
38587 0.665
25368 0.823
44783 0.036
37945 0.673
44850 0.334
33611 0.047
44313 0.027
37034 0.452
22983 0.562
29093 0.379
21635 0.981
45009 0.312
35502 0.659
5911 0.433
24657 0.775
8983 0.741
42284 0.304
15263 0.479
37997 0.537
945 0.706
27424 0.803
46018 0.294
28595 0.123
8857 0.979
11487 0.737
2196 0.826
40697 0.645
13837 0.565
20780 0.669
13858 0.852
10861 0.893
44913 0.242
27370 0.662
17277 0.689
2577 0.276
13383 0.440
36666 0.278
9998 0.808
33145 0.640
2676 0.509
33476 0.347
10166 0.943
13374 0.965
45396 0.223
46152 0.127
22282 0.152
23767 0.046
8642 0.562
6778 0.660
16232 0.968
2053 0.687
33283 0.974
13896 0.865
32601 0.075
20068 0.524
3955 0.255
17717 0.647
30138 0.898
4590 0.003
33893 0.131
45373 0.998
31745 0.625
34837 0.095
29067 0.683
19248 0.352
13114 0.293
39016 0.213
38030 0.453
25454 0.643
11595 0.963
26125 0.676
1065 0.650
14890 0.800
5768 0.892
5210 0.496
6963 0.648
43576 0.310
20214 0.237
26113 0.661
44188 0.197
28904 0.609
37454 0.025
27110 0.789
24432 0.638
3067 0.887
15093 0.934
23485 0.515
21687 0.084
20588 0.289
40280 0.214
5746 0.307
5066 0.516
26860 0.369
30247 0.677
12193 0.965
3421 0.265
24717 0.386
12235 0.344
21182 0.244
13097 0.962
2065 0.511
27028 0.006
37713 0.445
40432 0.970
21475 0.719
5132 0.442
32812 0.210
3999 0.130
39045 0.481
6086 0.808
33186 0.271
40471 0.817
13291 0.743
12185 0.247
12913 0.601
41760 0.399
8783 0.097
34596 0.405
20922 0.391
23252 0.412
4968 0.408
9895 0.044
4277 0.999
19537 0.853
17819 0.302
44454 0.001
9924 0.881
22597 0.025
17559 0.352
35445 0.188
34445 0.474
35642 0.264
44765 0.144
38024 0.325
16737 0.221
37295 0.735
37424 0.433
22924 0.436
40268 0.952
37280 0.495
2566 0.833
41209 0.484
29791 0.768
19195 0.156
39090 0.950
10697 0.018
46668 0.954
34196 0.790
42476 0.511
39701 0.874
34860 0.044
12936 0.031
40879 0.464
28413 0.618
30810 0.350
21795 0.112
21202 0.740
2115 0.413
9836 0.023
32788 0.115
44053 0.790
20706 0.546
20630 0.232
41502 0.973
11537 0.915
5452 0.268
23628 0.349
35186 0.839
45601 0.562
18473 0.600
16914 0.186
32230 0.088
16171 0.221
16517 0.622
46661 0.319
16738 0.199
7098 0.166
5155 0.318
43737 0.627
19365 0.372
3894 0.883
21570 0.811
14553 0.519
31615 0.931
26936 0.475
19315 0.983
29119 0.218
34645 0.600
21783 0.317
43894 0.966
34507 0.982
34187 0.132
13263 0.852
23299 0.976
10854 0.191
16377 0.555
24921 0.931
45571 0.667
24719 0.837
45839 0.338
20783 0.843
1598 0.206
34660 0.708
42470 0.591
46272 0.560
31171 0.149
41884 0.016
3025 0.819
41691 0.668
31771 0.890
30925 0.023
39143 0.896
18002 0.602
38467 0.626
2265 0.835
38284 0.318
30329 0.333
26273 0.618
42334 0.365
66 0.011
45649 0.877
27934 0.447
45229 0.529
19330 0.129
21692 0.828
24440 0.557
5625 0.379
9951 0.664
15495 0.528
38422 0.203
21784 0.608
34357 0.159
38551 0.239
15440 0.008
43752 0.437
7686 0.745
21228 0.053
15319 0.313
29595 0.922
4714 0.022
33878 0.139
8861 0.773
12964 0.584
18738 0.278
2989 0.289
24370 0.412
14461 0.401
25682 0.165
10986 0.331
7821 0.197
3718 0.631
43770 0.558
16030 0.100
2312 0.528
2138 0.835
16626 0.587
18526 0.668
1262 0.291
24604 0.312
9770 0.107
2458 0.891
12690 0.428
35249 0.190
15389 0.225
25486 0.372
45454 0.740
2856 0.468
27206 0.691
45751 0.538
4164 0.309
2530 0.648
16949 0.769
29846 0.215
31830 0.262
6357 0.240
30046 0.425
27588 0.639
26889 0.721
25635 0.271
35628 0.653
9813 0.811
16130 0.627
9613 0.022
24444 0.058
19016 0.043
8724 0.061
5029 0.867
24294 0.349
20836 0.811
37742 0.366
17269 0.613
24899 0.743
17164 0.249
23890 0.051
6975 0.105
25718 0.339
30318 0.320
13488 0.150
42945 0.861
46002 0.726
1485 0.522
26015 0.550
10651 0.401
27091 0.050
22155 0.347
23572 0.147
11573 0.848
5755 0.885
6013 0.054
21288 0.969
23548 0.090
2083 0.963
10300 0.937
589 0.972
16041 0.165
41226 0.696
2008 0.267
1809 0.098
13001 0.910
2849 0.475
5303 0.423
29404 0.821
18150 0.212
21066 0.467
2447 0.889
24037 0.790
4551 0.611
42186 0.012
2532 0.486
4672 0.710
213 0.870
12892 0.953
17837 0.077
28570 0.741
5059 0.254
7009 0.700
41489 0.704
12617 0.050
33477 0.460
39056 0.943
31790 0.541
36105 0.078
26658 0.872
30678 0.378
7283 0.801
33082 0.114
23328 0.037
21166 0.263
46038 0.335
40281 0.201
36185 0.925
23470 0.933
45833 0.708
42902 0.669
24676 0.262
5529 0.213
9370 0.102
26358 0.880
39603 0.163
26237 0.296
9982 0.287
10564 0.283
43300 0.172
25906 0.771
43627 0.786
36161 0.234
30142 0.596
27486 0.710
13791 0.037
15708 0.770
23900 0.016
10678 0.271
40398 0.422
40432 0.890
15835 0.170
29832 0.792
12905 0.765
14290 0.956
15976 0.495
9473 0.905
24846 0.970
2029 0.095
7257 0.849
5036 0.813
722 0.240
38662 0.194
2295 0.546
37910 0.155
308 0.091
41290 0.428
1795 0.090
30418 0.528
45661 0.436
138 0.907
6544 0.758
24034 0.961
10223 0.648
41388 0.870
23967 0.907
7157 0.577
18866 0.439
363 0.592
39360 0.085
19693 0.565
37239 0.907
3389 0.117
46663 0.764
11528 0.305
15040 0.880
20203 0.538
33881 0.061
25912 0.818
28464 0.523
1871 0.734
30566 0.792
16226 0.409
6683 0.123
35723 0.206
34412 0.900
10177 0.126
4256 0.777
5073 0.566
38800 0.975
46097 0.971
44470 0.126
36447 0.619
41107 0.689
45796 0.514
46398 0.911
11191 0.726
7031 0.589
16308 0.082
15100 0.860
26634 0.440
27911 0.123
29130 0.837
18253 0.519
8184 0.610
16326 0.450
41554 0.919
9732 0.740
14519 0.695
4340 0.666
30523 0.964
2959 0.750
35426 0.803
20620 0.930
21772 0.527
42330 0.192
6337 0.774
11332 0.474
4819 0.903
42074 0.078
21676 0.430
29106 0.371
13922 0.285
42392 0.226
26502 0.494
25648 0.581
25087 0.595
9088 0.919
12860 0.082
3510 0.721
10683 0.540
29086 0.364
4436 0.127
27633 0.489
17359 0.688
20433 0.343
29643 0.955
9290 0.373
11100 0.646
16844 0.915
46383 0.153
32317 0.806
2392 0.400
32016 0.513
16390 0.565
6903 0.583
32287 0.878
10050 0.998
46371 0.740
12068 0.361
3978 0.530
7387 0.772
45734 0.433
44765 0.153
33859 0.381
31644 0.488
30954 0.251
41557 0.248
30689 0.619
5755 0.700
13402 0.591
24850 0.116
12689 0.534
27936 0.938
14041 0.859
7135 0.142
19575 0.653
37848 0.171
10150 0.015
37109 0.109
24476 0.722
10747 0.777
15268 0.196
43725 0.468
46766 0.859
30095 0.135
44220 0.609
17811 0.123
38182 0.425
13098 0.393
34674 0.992
35969 0.529
10919 0.357
33010 0.261
30865 0.860
32750 0.751
45461 0.484
44224 0.273
40166 0.560
4933 0.575
46090 0.967
25814 0.230
7090 0.091
6292 0.484
4869 0.928
2349 0.759
18963 0.889
6391 0.436
24615 0.411
33178 0.768
40311 0.517
40171 0.611
1633 0.603
2350 0.482
25549 0.677
22 0.916
4387 0.133
7263 0.404
8808 0.121
34935 0.052
19432 0.026
30714 0.825
17991 0.520
5626 0.346
31164 0.862
25180 0.040
36420 0.879
33032 0.987
38809 0.705
29218 0.819
46198 0.390
6706 0.261
602 0.990
19290 0.896
25011 0.203
26507 0.066
39876 0.139
8057 0.865
32671 0.761
6784 0.712
22976 0.054
38160 0.382
6120 0.664
5459 0.236
29852 0.621
22472 0.436
18920 0.982
20696 0.020
40028 0.269
15300 0.197
41490 0.851
10707 0.648
1341 0.249
40990 0.850
8070 0.593
37319 0.498
43878 0.592
38090 0.909
9337 0.957
29202 0.888
23598 0.625
7382 0.040
23734 0.161
10954 0.857
28651 0.024
7919 0.472
20361 0.334
10975 0.167
24634 0.205
17814 0.087
31942 0.424
18592 0.584
45727 0.804
31438 0.813
2841 0.239
41415 0.789
13372 0.842
8535 0.504
27489 0.305
31489 0.056
42375 0.363
33789 0.041
5116 0.183
442 0.942
6363 0.468
29058 0.426
27140 0.767
15261 0.879
40969 0.259
41886 0.492
38433 0.848
31981 0.661
26102 0.246
37157 0.289
29535 0.943
33959 0.798
28550 0.125
37703 0.428
9032 0.140
33781 0.761
36395 0.057
40560 0.930
27238 0.085
32449 0.618
13186 0.945
27443 0.117
20451 0.153
14678 0.862
32917 0.246
44903 0.763
34388 0.142
4957 0.130
9180 0.892
45796 0.742
15428 0.892
14182 0.664
45465 0.345
42702 0.934
27785 0.844
40047 0.632
27316 0.060
25640 0.557
453 0.338
8586 0.185
13751 0.668
26954 0.128
41478 0.160
27086 0.086
29352 0.052
43670 0.526
17335 0.981
21387 0.189
8647 0.877
45906 0.197
19181 0.219
5635 0.164
14559 0.283
25330 0.036
39905 0.252
19450 0.589
10859 0.673
15725 0.659
19130 0.262
44702 0.827
33702 0.147
31038 0.358
11604 0.591
16823 0.236
17139 0.739
8777 0.358
30205 0.469
38769 0.039
18860 0.341
41755 0.963
11436 0.421
31328 0.826
16110 0.485
10186 0.780
34481 0.957
25008 0.816
590 0.571
19058 0.379
18850 0.006
28233 0.053
43558 0.566
1501 0.495
20475 0.590
19554 0.244
19185 0.995
19735 0.757
44629 0.857
39878 0.396
29827 0.305
24830 0.000
15255 0.928
36073 0.768
24121 0.488
36052 0.479
1046 0.183
45409 0.989
28912 0.006
46683 0.454
8088 0.155
21782 0.904
13083 0.573
40193 0.855
39973 0.937
32955 0.373
22411 0.959
44752 0.886
14320 0.628
25013 0.353
3626 0.909
36580 0.912
29728 0.948
15867 0.199
38763 0.286
22513 0.056
3683 0.381
17964 0.153
33366 0.308
2678 0.528
40612 0.536
26007 0.834
11837 0.352
719 0.254
10305 0.696
14788 0.629
26512 0.189
38400 0.924
36713 0.251
46283 0.689
15645 0.384
43476 0.054
34458 0.128
5499 0.072
24329 0.265
38636 0.817
6794 0.090
43613 0.875
46303 0.994
10980 0.896
31089 0.928
14281 0.845
27261 0.482
31163 0.342
1061 0.390
21046 0.576
21077 0.708
28081 0.165
25203 0.315
16789 0.079
18139 0.667
19072 0.213
12675 0.459
44388 0.395
3426 0.433
36082 0.495
22806 0.536
38387 0.085
10148 0.083
54 0.471
34971 0.170
24497 0.741
18117 0.260
33660 0.523
26314 0.104
20909 0.863
46812 0.408
13947 0.592
4337 0.310
29330 0.365
1630 0.187
18403 0.023
3347 0.042
26122 0.269
44915 0.975
3677 0.926
29330 0.652
13493 0.582
2747 0.206
17669 0.496
21523 0.177
9639 0.952
16317 0.457
38214 0.908
236 0.910
10166 0.637
16678 0.203
6383 0.975
46144 0.311
1241 0.579
39477 0.746
14164 0.852
34154 0.410
17172 0.476
477 0.554
14654 0.339
38321 0.836
40309 0.300
26180 0.434
33091 0.297
24038 0.498
34839 0.208
13815 0.378
40982 0.015
2264 0.660
5231 0.690
38297 0.775
22071 0.148
23499 0.478
19456 0.502
6043 0.383
18036 0.921
30520 0.870
9054 0.552
15650 0.064
28307 0.964
45466 0.294
19449 0.365
4952 0.025
29777 0.661
24957 0.969
16990 0.093
41949 0.177
42712 0.041
17720 0.216
44559 0.270
33158 0.548
36764 0.945
22412 0.140
18759 0.125
35357 0.780
6394 0.682
29293 0.333
31405 0.344
16758 0.556
45279 0.529
31057 0.391
6685 0.032
20230 0.423
10923 0.507
41178 0.390
7948 0.952
29235 0.648
6568 0.114
28436 0.216
15516 0.553
7273 0.367
29803 0.705
35974 0.928
19564 0.827
35920 0.299
14186 0.206
22123 0.505
16206 0.509
12096 0.772
43335 0.977
26209 0.218
2206 0.738
25065 0.932
40432 0.525
15323 0.292
35895 0.843
13871 0.732
41681 0.097
13388 0.506
31788 0.566
27155 0.509
953 0.535
38877 0.950
12294 0.130
23475 0.630
18352 0.430
10531 0.995
32603 0.092
14192 0.647
36357 0.090
9738 0.393
7578 0.657
38941 0.842
3663 0.481
7515 0.506
12507 0.715
2796 0.446
13576 0.499
6898 0.104
6666 0.112
38094 0.751
5218 0.501
5478 0.734
43379 0.288
23902 0.717
19867 0.792
6611 0.595
13797 0.164
12445 0.252
34012 0.649
19836 0.474
36857 0.729
3562 0.637
12507 0.703
34302 0.316
20619 0.580
33403 0.184
34644 0.919
45280 0.781
34544 0.136
3805 0.745
34470 0.021
19944 0.653
37450 0.615
24934 0.607
46935 0.170
26481 0.010
37556 0.310
13638 0.981
30467 0.251
38652 0.842
7277 0.478
38314 0.481
5130 0.490
25263 0.471
5673 0.192
10934 0.984
40179 0.697
8902 0.071
45059 0.525
27552 0.344
44649 0.854
13131 0.599
45125 0.868
37021 0.385
11135 0.945
13217 0.195
40734 0.846
42065 0.086
42496 0.107
11249 0.723
32078 0.204
1161 0.235
14647 0.163
31345 0.326
41830 0.566
4035 0.236
19742 0.308
21014 0.479
15645 0.637
13293 0.160
22063 0.831
21622 0.780
26765 0.061
29168 0.907
25444 0.726
45237 0.994
4290 0.698
36170 0.779
12041 0.840
10529 0.136
35131 0.249
46027 0.246
14849 0.551
11494 0.251
44449 0.302
10214 0.523
8038 0.201
36538 0.831
5997 0.868
46833 0.852
39993 0.447
25367 0.252
18554 0.587
19745 0.447
15620 0.100
3348 0.590
10074 0.945
18436 0.495
39923 0.387
5669 0.985
15991 0.839
35291 0.018
16153 0.362
36001 0.326
8893 0.975
23950 0.458
44805 0.329
40935 0.398
7553 0.164
22572 0.388
34778 0.738
17921 0.894
12270 0.183
34252 0.351
33166 0.507
46136 0.361
24442 0.385
13072 0.511
46947 0.238
7641 0.947
19117 0.430
33274 0.962
18465 0.967
37543 0.659
8280 0.615
19036 0.350
17545 0.023
3997 0.228
2484 0.657
40499 0.367
25486 0.442
20916 0.060
17357 0.722
35085 0.047
11682 0.485
37693 0.447
20405 0.111
11599 0.139
34245 0.301
43780 0.255
45955 0.002
18482 0.556
26899 0.283
25548 0.426
11311 0.225
36194 0.252
38464 0.104
35999 0.218
4583 0.157
32063 0.418
30430 0.408
35633 0.325
9741 0.337
38560 0.762
36033 0.568
10140 0.688
15539 0.212
46704 0.364
21607 0.672
14680 0.090
45262 0.259
21463 0.171
30776 0.988
38830 0.963
31822 0.231
18533 0.685
28001 0.048
10653 0.949
35239 0.818
9116 0.965
38232 0.352
40107 0.852
3477 0.177
1586 0.981
3280 0.855
42390 0.799
44025 0.526
46278 0.019
43664 0.377
37354 0.541
41092 0.436
43359 0.003
5967 0.093
16336 0.544
34167 0.621
26949 0.925
7617 0.569
22501 0.578
16044 0.491
18161 0.176
23410 0.220
6050 0.611
25685 0.285
18744 0.884
30722 0.262
1485 0.538
527 0.429
32571 0.082
28650 0.510
46786 0.877
21746 0.596
12827 0.989
27664 0.009
15036 0.923
639 0.107
4763 0.733
19877 0.517
34279 0.943
17970 0.961
7461 0.299
5793 0.716
10765 0.958
25792 0.872
5823 0.601
18417 0.774
7760 0.002
40201 0.938
28906 0.888
5547 0.744
4250 0.445
2513 0.662
43402 0.983
18947 0.066
40770 0.178
25702 0.354
4475 0.935
19160 0.548
34467 0.000
35469 0.784
38402 0.142
31302 0.604
36235 0.466
21286 0.510
25006 0.983
23070 0.911
23058 0.141
11641 0.440
31184 0.618
17138 0.754
41830 0.773
16240 0.334
38429 0.783
45028 0.725
8270 0.069
33707 0.927
17348 0.656
16 0.120
15153 0.655
4554 0.441
19761 0.301
18259 0.524
3794 0.128
35812 0.037
32866 0.230
42953 0.759
19020 0.173
22668 0.617
41714 0.616
40475 0.629
36398 0.148
34422 0.098
22045 0.911
12722 0.055
28583 0.154
25028 0.690
23373 0.372
30670 0.027
30471 0.977
24711 0.517
34440 0.450
11036 0.733
34761 0.445
22637 0.074
4681 0.681
8776 0.838
3381 0.748
10518 0.202
1871 0.989
29330 0.743
7452 0.577
27976 0.518
36582 0.341
25762 0.353
30250 0.830
12619 0.740
41377 0.917
31819 0.202
12509 0.975
20405 0.372
46744 0.145
29062 0.434
17243 0.539
23580 0.338
23978 0.806
2061 0.763
36997 0.020
36645 0.533
30250 0.242
9934 0.291
6006 0.990
3369 0.161
38078 0.015
18620 0.186
5612 0.131
1998 0.426
35120 0.636
6487 0.627
45089 0.068
23156 0.320
41014 0.284
9208 0.494
22284 0.954
8160 0.973
8839 0.496
11893 0.067
29420 0.143
35881 0.722
4746 0.793
28148 0.749
22002 0.828
7910 0.582
42319 0.152
38469 0.371
30721 0.730
13195 0.899
18029 0.260
26255 0.289
26261 0.105
26638 0.977
32221 0.512
14010 0.780
6836 0.289
16579 0.636
28946 0.667
15831 0.464
9635 0.451
27988 0.325
14817 0.996
5628 0.381
17102 0.269
44524 0.308
17650 0.928
37048 0.822
21898 0.442
27214 0.060
3866 0.320
42358 0.871
9100 0.712
31018 0.592
10230 0.623
10728 0.979
40988 0.105
22293 0.984
11028 0.682
27187 0.885
20194 0.085
39200 0.582
32054 0.300
44804 0.543
32932 0.998
17957 0.130
10671 0.177
19550 0.549
30655 0.962
35339 0.176
6936 0.786
8539 0.391
43894 0.781
11133 0.992
37127 0.059
10501 0.890
2314 0.839
29740 0.655
38330 0.119
27904 0.270
29539 0.293
1771 0.867
5566 0.057
12449 0.951
8209 0.973
8325 0.694
2271 0.063
9101 0.733
31762 0.090
36233 0.003
15863 0.472
26285 0.893
39089 0.409
21205 0.095
44314 0.083
34365 0.814
25468 0.835
31600 0.268
26897 0.390
21487 0.502
26668 0.995
32391 0.723
5492 0.646
39365 0.812
6621 0.016
43465 0.472
19317 0.140
12493 0.189
40326 0.236
32848 0.315
33008 0.701
31591 0.957
31192 0.898
45704 0.196
2462 0.503
17226 0.791
15235 0.586
27668 0.675
33734 0.965
22519 0.523
26462 0.189
27119 0.644
31436 0.559
31957 0.338
17515 0.111
44693 0.555
19030 0.746
6599 0.471
1235 0.910
17900 0.318
3361 0.240
18346 0.744
25702 0.025
19647 0.431
40583 0.911
13560 0.293
10508 0.738
37570 0.349
13242 0.143
29994 0.697
2617 0.409
46729 0.418
32468 0.015
30726 0.604
34184 0.080
46411 0.071
22767 0.970
22358 0.269
5916 0.144
5038 0.410
11031 0.188
1754 0.459
37647 0.154
33424 0.530
37858 0.673
8572 0.525
38041 0.379
12308 0.612
25567 0.400
22964 0.062
46076 0.576
43274 0.340
25631 0.239
7151 0.295
29063 0.423
11203 0.889
6146 0.507
5087 0.103
41047 0.279
45433 0.658
45423 0.858
30900 0.244
2516 0.673
11312 0.645
30910 0.618
32397 0.192
5712 0.262
21550 0.229
43281 0.082
1119 0.995
20565 0.523
34925 0.966
16467 0.306
9816 0.978
46782 0.597
18321 0.010
28227 0.191
20926 0.466
43731 0.190
16041 0.138
5492 0.179
20026 0.524
23166 0.364
45976 0.735
17453 0.825
20719 0.282
30633 0.867
41478 0.907
22545 0.552
18480 0.950
32811 0.679
33332 0.718
9819 0.363
34324 0.955
11218 0.907
31178 0.290
12146 0.913
22213 0.263
28816 0.027
1250 0.483
27527 0.061
33858 0.851
12519 0.435
32047 0.854
3355 0.180
41902 0.223
40534 0.479
12678 0.943
2461 0.158
17131 0.546
21349 0.502
25425 0.530
35256 0.056
2502 0.608
37234 0.563
2347 0.406
31344 0.645
38975 0.147
15198 0.474
30038 0.763
20500 0.308
28493 0.812
4507 0.467
18057 0.179
19241 0.600
31600 0.416
3436 0.033
18331 0.887
39793 0.250
11464 0.577
4488 0.556
263 0.869
38065 0.076
3427 0.783
11797 0.883
21341 0.343
43400 0.949
5502 0.485
20629 0.734
10588 0.214
23594 0.252
15969 0.608
37388 0.686
13967 0.442
33413 0.407
9355 0.455
8832 0.100
13559 0.546
16874 0.924
8522 0.663
5611 0.663
30852 0.721
45353 0.737
5024 0.996
29824 0.743
30785 0.752
43734 0.837
38386 0.323
41969 0.508
41082 0.462
40164 0.855
40451 0.067
27461 0.864
6209 0.267
15660 0.597
21923 0.717
6481 0.774
16402 0.194
14213 0.122
36409 0.925
36146 0.605
31823 0.623
24470 0.865
31572 0.281
46031 0.336
39936 0.305
34068 0.449
23997 0.138
44961 0.886
40278 0.348
4478 0.837
4347 0.093
27413 0.529
38333 0.451
3399 0.262
9251 0.974
5911 0.205
25584 0.645
1504 0.199
16186 0.610
21835 0.770
6359 0.093
8351 0.135
39087 0.845
20693 0.483
27665 0.476
31420 0.931
22681 0.403
36801 0.901
38379 0.943
122 0.289
34715 0.214
46472 0.241
1198 0.346
8295 0.785
16402 0.925
490 0.747
1908 0.549
9814 0.202
2689 0.504
22328 0.877
37489 0.349
1156 0.818
26669 0.852
33609 0.968
44751 0.763
30513 0.398
11879 0.578
10731 0.935
35285 0.343
16856 0.879
4441 0.902
19636 0.377
39880 0.502
22812 0.356
19890 0.268
45062 0.665
6424 0.697
30391 0.187
31222 0.850
8305 0.043
10941 0.499
34304 0.570
23948 0.933
28973 0.943
277 0.145
32355 0.692
44542 0.528
28627 0.883
16128 0.614
12963 0.349
16367 0.074
44054 0.314
22285 0.957
43376 0.911
892 0.765
15894 0.306
35913 0.489
41119 0.844
20312 0.351
22645 0.425
23865 0.438
44229 0.678
24239 0.548
32093 0.947
25004 0.776
7484 0.270
3097 0.915
16074 0.937
21109 0.535
24951 0.942
22402 0.375
6489 0.250
15113 0.656
6805 0.968
21411 0.435
16623 0.162
12722 0.180
10015 0.346
41590 0.048
36732 0.613
27526 0.308
29739 0.591
13214 0.150
6807 0.342
27469 0.784
28777 0.797
4193 0.130
30397 0.890
17003 0.462
5470 0.769
34404 0.167
24313 0.559
30922 0.438
19611 0.447
19463 0.446
7446 0.700
5941 0.849
12453 0.518
22964 0.456
37390 0.185
29420 0.057
43979 0.975
16041 0.559
33230 0.006
7351 0.424
19137 0.763
26634 0.350
27253 0.866
5372 0.773
14032 0.901
46288 0.990
44882 0.682
22320 0.688
27154 0.385
848 0.573
10667 0.502
44160 0.705
15883 0.679
22670 0.129
22201 0.678
37670 0.983
17952 0.997
11145 0.128
8554 0.368
31072 0.721
31746 0.411
40523 0.600
35101 0.663
18482 0.469
28048 0.511
18106 0.692
45124 0.606
26988 0.855
38573 0.518
19109 0.039
30020 0.092
1499 0.768
32588 0.999
17732 0.549
17175 0.806
23582 0.589
29101 0.762
38832 0.450
13573 0.020
36765 0.014
9409 0.718
36278 0.760
28817 0.954
2198 0.060
6319 0.584
45381 0.370
27220 0.829
31674 0.588
24620 0.113
35433 0.060
12135 0.328
38416 0.878
40518 0.879
4186 0.767
14509 0.410
35126 0.711
1182 0.043
44347 0.770
40041 0.441
45446 0.689
36231 0.853
37431 0.862
18771 0.676
29467 0.637
45374 0.582
46698 0.138
42028 0.331
44306 0.976
39946 0.288
42632 0.001
33048 0.676
38860 0.525
34575 0.851
35206 0.541
43178 0.103
2897 0.985
44159 0.143
30635 0.553
40069 0.433
5985 0.033
9838 0.799
18320 0.191
3848 0.380
434 0.740
40266 0.943
35088 0.273
4289 0.610
1771 0.653
746 0.437
10290 0.972
23154 0.425
1622 0.149
30709 0.493
10376 0.536
43865 0.700
1919 0.790
19857 0.579
20170 0.561
405 0.490
17168 0.930
5938 0.003
35712 0.957
41942 0.610
36882 0.630
23921 0.779
24146 0.021
11425 0.870
45664 0.841
18830 0.301
20037 0.791
40399 0.567
2362 0.078
14759 0.472
22746 0.568
32696 0.322
34520 0.767
14629 0.489
34419 0.215
20341 0.871
33006 0.839
16806 0.832
30235 0.834
636 0.031
29137 0.576
20357 0.295
12629 0.255
13745 0.123
26761 0.674
29492 0.686
36787 0.430
26848 0.154
17804 0.106
29982 0.697
38638 0.223
32180 0.144
17863 0.753
41131 0.279
33798 0.402
22215 0.383
12987 0.652
27459 0.480
9826 0.840
29642 0.397
40193 0.277
18441 0.987
6179 0.964
36696 0.542
28980 0.467
43646 0.172
44591 0.529
37819 0.608
31099 0.077
37695 0.744
42826 0.291
16706 0.483
9555 0.140
39105 0.432
44117 0.389
16235 0.779
8884 0.782
38650 0.557
28753 0.639
18062 0.705
28173 0.500
13083 0.759
40813 0.194
6996 0.304
38702 0.186
722 0.123
27677 0.691
29353 0.303
29964 0.225
18767 0.105
45371 0.836
8208 0.531
26049 0.598
37154 0.297
40194 0.484
35906 0.203
23090 0.398
35248 0.907
315 0.205
16823 0.309
813 0.378
27637 0.921
3568 0.512
42144 0.791
35962 0.362
34786 0.284
39032 0.985
44118 0.638
13206 0.517
18491 0.877
27182 0.074
30593 0.726
28800 0.605
31700 0.185
12881 0.786
14907 0.208
31064 0.986
46335 0.380
44593 0.738
37226 0.578
30509 0.851
7767 0.574
41160 0.545
31700 0.279
39676 0.437
37694 0.721
16625 0.327
8091 0.058
818 0.119
15681 0.301
14834 0.447
42700 0.572
37582 0.178
43536 0.709
44150 0.305
45282 0.530
3759 0.223
15592 0.138
32094 0.576
26109 0.704
16129 0.081
31268 0.709
27333 0.035
30834 0.624
34910 0.446
4216 0.941
6302 0.623
27376 0.161
12796 0.351
44343 0.260
26097 0.495
11494 0.430
26385 0.469
4724 0.205
16144 0.706
14370 0.232
33172 0.856
21203 0.614
19946 0.582
17941 0.367
6778 0.452
29541 0.531
15791 0.359
15857 0.216
37874 0.521
21244 0.541
16716 0.956
4197 0.222
11095 0.874
32050 0.687
34326 0.917
1118 0.508
19800 0.747
16669 0.092
44666 0.572
36346 0.235
3056 0.288
8727 0.411
15511 0.785
8221 0.916
2239 0.578
41139 0.948
35844 0.997
25545 0.725
28070 0.034
22368 0.142
42716 0.257
45108 0.730
8504 0.757
31485 0.295
25504 0.606
26863 0.007
22162 0.558
27728 0.387
26000 0.648
32281 0.898
42260 0.742
8188 0.574
7771 0.562
5370 0.921
15167 0.061
1937 0.327
2781 0.244
22083 0.487
6319 0.743
31676 0.239
41783 0.282
21805 0.641
25824 0.054
21591 0.449
18526 0.849
21597 0.149
44418 0.340
33162 0.515
38951 0.781
33758 0.575
945 0.746
1037 0.081
31217 0.716
42140 0.709
3354 0.136
8275 0.938
37976 0.663
20027 0.170
40815 0.839
16107 0.287
22733 0.537
29640 0.336
29949 0.702
8526 0.214
37493 0.506
818 0.994
20950 0.230
17314 0.817
45337 0.704
28248 0.506
43707 0.290
13323 0.262
28790 0.237
29353 0.540
42172 0.974
19891 0.916
36103 0.027
9862 0.450
9124 0.542
29990 0.061
38175 0.362
23071 0.816
28694 0.319
9713 0.782
39308 0.573
5428 0.929
14217 0.608
25463 0.073
25255 0.346
7139 0.010
3593 0.294
42966 0.338
1950 0.647
25430 0.797
24237 0.811
16157 0.599
15395 0.676
14766 0.346
10680 0.847
43655 0.874
40234 0.889
559 0.625
34044 0.337
12272 0.622
23774 0.869
17487 0.926
15070 0.660
35833 0.780
46522 0.055
3437 0.566
16957 0.091
14663 0.848
44557 0.736
14892 0.183
12757 0.608
13131 0.960
18649 0.839
31431 0.715
19511 0.940
34194 0.150
4800 0.570
8485 0.068
44503 0.004
7770 0.159
26668 0.627
25603 0.004
36240 0.733
34667 0.657
40024 0.344
11457 0.983
36384 0.770
34910 0.927
40887 0.588
14433 0.506
31341 0.076
3753 0.004
801 0.485
28390 0.634
20748 0.937
44778 0.898
31052 0.754
18039 0.349
12141 0.693
31420 0.766
2241 0.878
20285 0.842
41478 0.482
10663 0.177
3361 0.786
35297 0.437
25250 0.306
25222 0.633
14712 0.751
25983 0.668
41451 0.510
1547 0.486
35618 0.951
34573 0.943
30829 0.788
1560 0.320
23682 0.728
32775 0.340
16602 0.198
21315 0.867
22297 0.027
26593 0.672
12562 0.498
31492 0.684
46677 0.810
20584 0.677
22401 0.829
7219 0.891
23648 0.421
13431 0.126
23746 0.291
24654 0.501
16192 0.873
3570 0.955
27503 0.826
11859 0.582
8432 0.089
10797 0.019
15259 0.285
27663 0.612
23285 0.650
21847 0.337
42839 0.887
16315 0.772
45544 0.759
26657 0.398
30500 0.201
18492 0.633
22688 0.372
4296 0.427
32604 0.384
35513 0.954
25723 0.889
43239 0.150
23254 0.910
15969 0.472
45248 0.555
39334 0.644
7919 0.514
7445 0.149
11522 0.410
28635 0.641
11956 0.649
31039 0.151
23669 0.037
2926 0.265
12473 0.003
41910 0.943
11344 0.196
202 0.191
3183 0.742
13601 0.421
12459 0.299
42335 0.941
8329 0.741
15237 0.255
22760 0.285
42660 0.070
28964 0.580
14884 0.109
357 0.862
33536 0.178
21821 0.141
41902 0.206
13779 0.150
27737 0.242
42985 0.287
43474 0.092
39988 0.719
18581 0.336
25446 0.314
36815 0.677
46836 0.595
2412 0.040
25200 0.421
27485 0.702
4576 0.520
24496 0.888
31927 0.769
15026 0.638
39699 0.631
7051 0.670
13527 0.978
12038 0.283
2260 0.574
34256 0.601
35782 0.411
31922 0.562
14861 0.778
18467 0.578
38355 0.390
6747 0.674
23052 0.662
26647 0.657
18215 0.909
35869 0.292
11342 0.527
1257 0.169
19691 0.287
36037 0.503
43864 0.921
12519 0.380
40164 0.658
4251 0.654
2033 0.269
26126 0.546
10868 0.982
21978 0.980
28036 0.371
26522 0.623
8858 0.999
1970 0.605
33623 0.979
45386 0.531
16337 0.951
9595 0.957
12926 0.602
31336 0.890
37560 0.760
8985 0.863
43355 0.426
11335 0.383
4662 0.406
24165 0.432
6442 0.543
40197 0.599
26885 0.378
1427 0.009
13867 0.317
39561 0.482
33596 0.164
46817 0.537
34256 0.782
6470 0.385
29294 0.825
3633 0.865
29470 0.564
28399 0.571
38157 0.540
38935 0.950
39244 0.072
849 0.642
7880 0.655
19710 0.394
25063 0.056
44901 0.267
32458 0.875
23703 0.941
32161 0.977
46616 0.212
11541 0.631
9085 0.335
46805 0.476
4952 0.107
16313 0.485
8251 0.812
22927 0.599
31501 0.026
37496 0.676
6957 0.785
40727 0.672
2013 0.443
466 0.113
26128 0.357
7959 0.855
6400 0.637
45804 0.745
16504 0.873
9824 0.321
11502 0.854
15947 0.090
36781 0.719
36424 0.127
45268 0.872
43440 0.027
23196 0.211
43144 0.697
35840 0.424
15979 0.706
40868 0.552
41256 0.472
32665 0.070
24931 0.650
3936 0.789
18582 0.246
923 0.594
13974 0.023
18489 0.452
45230 0.022
12410 0.822
33550 0.563
44355 0.745
38374 0.345
24562 0.741
42314 0.298
29618 0.998
10842 0.323
44971 0.805
38627 0.747
44653 0.410
19163 0.890
7308 0.945
37119 0.922
20870 0.068
14354 0.813
38076 0.418
22439 0.121
28268 0.175
42479 0.515
24181 0.133
39147 0.562
24950 0.854
37560 0.004
12878 0.950
34791 0.048
35700 0.897
21452 0.969
23328 0.585
1320 0.622
11641 0.575
37984 0.687
33126 0.097
32364 0.727
25492 0.415
17882 0.603
40546 0.658
38644 0.364
30309 0.356
19025 0.573
19271 0.250
38222 0.476
24118 0.440
30640 0.737
22844 0.790
44361 0.092
34042 0.770
38434 0.845
14272 0.843
15229 0.256
38540 0.455
34130 0.572
10507 0.006
10624 0.921
8908 0.420
19378 0.582
2134 0.219
43013 0.374
17052 0.244
29143 0.780
30207 0.165
4245 0.848
361 0.821
41317 0.243
46668 0.975
13799 0.628
15347 0.966
14175 0.891
16298 0.746
42055 0.146
22989 0.505
36286 0.734
5039 0.741
13997 0.999
14115 0.939
21067 0.987
22072 0.621
44242 0.438
5565 0.652
17560 0.585
40176 0.905
20559 0.965
45525 0.067
19926 0.195
8194 0.850
24636 0.787
11413 0.796
35846 0.958
33123 0.492
2724 0.718
17978 0.377
5940 0.263
44613 0.977
43597 0.127
24264 0.272
3675 0.990
33674 0.068
20471 0.758
36631 0.253
5081 0.144
39085 0.044
35566 0.292
29224 0.194
20397 0.436
3737 0.477
45370 0.073
38211 0.137
11245 0.100
37942 0.427
4479 0.919
14266 0.871
38871 0.985
6328 0.000
27997 0.526
19600 0.089
10307 0.497
13860 0.730
45690 0.125
37546 0.055
3470 0.863
29478 0.380
6344 0.376
3813 0.521
33047 0.525
10322 0.772
34534 0.061
16408 0.641
42937 0.584
6638 0.829
16537 0.313
46182 0.086
10262 0.009
3259 0.427
32920 0.571
45585 0.301
23059 0.160
19116 0.326
27065 0.834
28724 0.207
20418 0.763
21482 0.785
28887 0.688
22190 0.116
30060 0.303
14923 0.682
35554 0.345
23775 0.117
10827 0.150
22646 0.212
88 0.688
38959 0.439
13417 0.598
38219 0.867
8949 0.946
22223 0.669
32546 0.803
34200 0.629
19731 0.765
27072 0.987
40749 0.301
32254 0.517
46139 0.567
31266 0.227
21340 0.447
20953 0.168
13351 0.636
41667 0.636
24877 0.915
28196 0.166
12472 0.433
10657 0.877
3108 0.154
1621 0.793
27072 0.816
3958 0.144
20845 0.336
34108 0.855
29861 0.666
18960 0.940
27205 0.337
44234 0.623
28561 0.499
19590 0.692
31184 0.727
8616 0.337
12170 0.290
29354 0.439
37718 0.254
34503 0.535
27202 0.893
34374 0.143
26405 0.745
4091 0.389
18158 0.860
323 0.783
30899 0.274
12236 0.497
42323 0.295
40280 0.203
10911 0.594
41595 0.460
36004 0.885
25787 0.952
29143 0.681
35533 0.472
14099 0.786
40666 0.612
40211 0.273
12986 0.104
41868 0.839
30840 0.649
41134 0.860
45005 0.515
35115 0.686
36065 0.208
41265 0.528
12694 0.507
26567 0.749
312 0.472
42603 0.253
46384 0.568
14749 0.302
5636 0.617
3231 0.569
45106 0.183
5519 0.618
46196 0.964
27596 0.115
6895 0.869
37386 0.689
33340 0.389
42984 0.780
24494 0.604
13019 0.760
1835 0.175
8307 0.121
10443 0.730
5280 0.117
22348 0.102
20785 0.889
9287 0.447
42138 0.161
27527 0.874
44610 0.247
5224 0.582
3708 0.117
26813 0.701
31537 0.182
22945 0.130
2244 0.129
7609 0.670
20463 0.028
4986 0.880
14876 0.987
5157 0.160
18462 0.267
42349 0.508
42832 0.000
35336 0.026
5409 0.441
10198 0.971
30713 0.109
28231 0.531
43525 0.448
5849 0.870
11076 0.731
44963 0.151
9601 0.178
7831 0.872
6439 0.033
26472 0.977
1532 0.604
18920 0.668
22173 0.466
34823 0.618
29807 0.363
1968 0.156
20141 0.005
43918 0.274
9230 0.441
27408 0.198
30449 0.238
6434 0.993
29046 0.542
42411 0.878
18485 0.049
2312 0.409
43178 0.451
27753 0.376
12544 0.493
10727 0.381
32660 0.104
385 0.218
8728 0.166
30599 0.648
21040 0.187
17986 0.011
38080 0.801
24331 0.387
12620 0.385
2919 0.552
28246 0.096
10699 0.246
5194 0.421
15452 0.253
38715 0.998
10977 0.162
16002 0.959
30044 0.073
20422 0.864
11838 0.828
30531 0.015
28730 0.675
17098 0.734
16861 0.041
1315 0.973
45894 0.368
4142 0.119
2159 0.931
26070 0.240
41643 0.441
38255 0.366
35859 0.097
46535 0.671
11561 0.980
41166 0.822
10138 0.051
20423 0.422
26408 0.560
15023 0.793
27893 0.542
43479 0.659
33782 0.965
30845 0.625
10079 0.285
35585 0.373
6498 0.154
28395 0.809
10226 0.093
9324 0.205
21754 0.792
39434 0.305
11123 0.849
38831 0.303
31551 0.163
7572 0.764
3908 0.128
2219 0.073
27839 0.413
18814 0.547
1849 0.080
14466 0.745
38974 0.506
15813 0.811
30691 0.843
22493 0.803
16494 0.060
45454 0.515
6981 0.303
579 0.176
46319 0.712
42683 0.330
43633 0.512
45703 0.481
23188 0.357
7836 0.127
17195 0.802
13345 0.432
16480 0.338
9397 0.559
23871 0.474
11156 0.509
17031 0.385
21667 0.013
43683 0.168
3041 0.669
34659 0.470
38085 0.220
11917 0.594
29428 0.193
36485 0.786
23478 0.378
45614 0.171
4426 0.425
28035 0.137
43348 0.922
1530 0.946
1255 0.232
27676 0.930
18966 0.792
28107 0.053
46855 0.295
37771 0.084
16475 0.298
28550 0.955
23460 0.675
14952 0.633
30400 0.622
6307 0.653
15416 0.294
43190 0.306
4652 0.691
440 0.662
14455 0.994
5294 0.181
18081 0.514
25020 0.192
22304 0.112
25279 0.472
43246 0.090
36651 0.050
2012 0.907
11942 0.337
35769 0.549
33642 0.416
6428 0.633
15352 0.498
45005 0.744
25209 0.952
2917 0.034
34574 0.469
19224 0.415
17005 0.283
13145 0.832
18756 0.749
18694 0.481
17226 0.257
3246 0.567
19729 0.151
7031 0.344
6118 0.036
20693 0.432
28746 0.689
43800 0.824
35073 0.381
11771 0.104
39940 0.984
29597 0.467
7738 0.786
3986 0.354
7422 0.577
43516 0.283
6499 0.552
46652 0.747
9855 0.860
41869 0.722
23550 0.374
26797 0.866
13146 0.543
17073 0.020
42356 0.587
16721 0.086
20578 0.935
24963 0.355
3253 0.420
23898 0.580
40276 0.355
12020 0.348
46171 0.315
39733 0.937
33669 0.624
41973 0.956
45040 0.215
3062 0.838
10804 0.283
5472 0.101
16673 0.513
43704 0.517
25805 0.786
4094 0.631
42863 0.725
19800 0.728
12360 0.602
3038 0.511
34490 0.475
38280 0.915
127 0.051
26779 0.336
13695 0.611
42982 0.092
15619 0.892
6374 0.376
15494 0.174
20110 0.087
5426 0.311
23666 0.147
27499 0.810
43220 0.748
41915 0.508
37108 0.281
30662 0.428
33549 0.024
4905 0.615
29285 0.947
14318 0.324
38875 0.023
9249 0.452
18307 0.350
12201 0.070
28738 0.004
31707 0.985
19319 0.213
21469 0.766
6855 0.712
33811 0.974
11577 0.577
26871 0.510
12488 0.871
15945 0.924
41346 0.693
14299 0.516
46176 0.639
35333 0.161
28397 0.010
25242 0.829
1254 0.710
43083 0.020
18097 0.214
13041 0.988
26213 0.786
34040 0.339
46830 0.028
3900 0.823
33691 0.247
1561 0.552
32490 0.540
25051 0.435
2563 0.868
17189 0.494
9113 0.332
11189 0.088
4354 0.409
24159 0.581
32506 0.935
43290 0.838
26065 0.351
7419 0.846
5509 0.091
46229 0.318
45481 0.525
2835 0.591
8416 0.542
18541 0.294
2340 0.903
1820 0.493
8416 0.675
44054 0.770
14194 0.807
46678 0.135
43422 0.232
27596 0.747
15838 0.921
37487 0.175
