5000
15027 0.081
601 0.067
10176 0.559
24156 0.138
20763 0.636
7545 0.500
22871 0.957
18659 0.341
24183 0.003
3410 0.561
23501 0.860
21922 0.395
1236 0.318
22870 0.428
4391 0.075
6441 0.509
10768 0.344
5983 0.847
19511 0.365
4677 0.760
59 0.569
22540 0.749
20512 0.671
5030 0.541
8905 0.104
14180 0.829
16611 0.167
12956 0.925
12442 0.394
12581 0.390
21209 0.737
12962 0.511
3787 0.734
3814 0.278
182 0.045
10869 0.307
14255 0.991
21430 0.028
21474 0.768
12965 0.184
19909 0.090
3072 0.045
23337 0.859
12026 0.406
4045 0.643
11005 0.154
1210 0.387
2907 0.875
11507 0.264
18017 0.118
23142 0.554
15328 0.288
2241 0.548
9069 0.480
17775 0.525
1373 0.621
12621 0.114
20485 0.742
1625 0.656
18028 0.123
17630 0.902
9974 0.601
5588 0.586
3033 0.575
13472 0.095
23848 0.750
4595 0.708
8516 0.767
9118 0.036
16655 0.500
8213 0.421
10663 0.398
13530 0.327
14708 0.193
5542 0.745
16690 0.095
655 0.928
6061 0.614
24819 0.242
22306 0.724
13474 0.021
21954 0.848
23572 0.478
13292 0.358
23314 0.690
20219 0.934
19428 0.655
20776 0.579
23030 0.150
22630 0.386
4805 0.470
5350 0.367
1332 0.601
23517 0.775
19969 0.172
8363 0.365
3685 0.559
5776 0.289
10002 0.074
18067 0.791
20944 0.458
10081 0.926
11210 0.219
2391 0.033
14558 0.812
22241 0.648
12589 0.926
22373 0.055
8583 0.437
23068 0.332
292 0.397
19368 0.271
9931 0.779
12944 0.457
1644 0.532
5380 0.626
9220 0.278
13845 0.078
21124 0.163
24639 0.450
15138 0.056
12636 0.944
19127 0.706
13526 0.412
4685 0.098
24079 0.704
11960 0.297
15291 0.644
19557 0.307
17114 0.650
12784 0.165
20435 0.907
9081 0.162
10903 0.599
8816 0.610
2823 0.058
1574 0.568
14956 0.376
15318 0.844
5909 0.890
11544 0.488
10091 0.373
17676 0.904
17121 0.761
16836 0.732
4248 0.353
12386 0.381
7967 0.168
7885 0.937
19091 0.402
12883 0.374
13976 0.811
14474 0.947
10312 0.672
9295 0.198
2315 0.544
17770 0.050
17910 0.978
2929 0.347
3374 0.786
5680 0.484
22920 0.383
3966 0.581
11352 0.354
8866 0.094
21735 0.269
23378 0.315
24379 0.420
13924 0.646
13233 0.471
23255 0.861
10682 0.781
23340 0.490
1883 0.968
6438 0.704
12045 0.931
7840 0.648
22467 0.180
7802 0.498
13160 0.256
16112 0.589
18955 0.219
20027 0.232
20988 0.924
6504 0.587
19719 0.926
4149 0.684
3653 0.180
6136 0.629
7840 0.902
16942 0.158
15001 0.921
16729 0.030
22426 0.745
1460 0.044
1295 0.788
10378 0.530
2773 0.314
1623 0.150
19794 0.710
11892 0.161
1704 0.288
10054 0.658
14377 0.205
9765 0.295
18020 0.475
19444 0.843
13063 0.158
22482 0.534
12921 0.622
15233 0.236
5985 0.221
2214 0.410
19010 0.463
24382 0.252
13668 0.626
4336 0.675
9396 0.147
17529 0.599
10516 0.267
3924 0.398
19731 0.587
16605 0.010
9534 0.312
24572 0.212
5245 0.531
9962 0.396
15715 0.105
4687 0.439
21150 0.658
14951 0.751
6218 0.910
20456 0.801
12856 0.737
14146 0.968
24023 0.281
9017 0.047
4895 0.020
16786 0.437
2086 0.456
8102 0.027
12292 0.425
4945 0.208
24815 0.337
24516 0.635
9023 0.672
24185 0.476
8391 0.718
5980 0.477
5960 0.020
22546 0.852
19998 0.735
5932 0.314
24167 0.699
10007 0.933
18491 0.448
14505 0.208
3241 0.712
23294 0.694
3348 0.712
2203 0.927
1600 0.604
24402 0.239
13026 0.710
23840 0.100
21920 0.118
9109 0.956
746 0.574
17293 0.877
14374 0.559
13899 0.788
20978 0.678
17919 0.801
20622 0.358
13338 0.527
8584 0.895
2790 0.646
23694 0.853
3066 0.959
14404 0.486
9394 0.318
11855 0.352
13371 0.802
14146 0.629
22912 0.294
7495 0.046
23786 0.164
11699 0.985
24802 0.876
13453 0.939
18372 0.385
23089 0.147
4042 0.501
20289 0.346
9470 0.597
10202 0.074
13110 0.245
6596 0.541
1726 0.421
22596 0.613
1202 0.771
8273 0.435
19438 0.713
2528 0.299
15161 0.332
15357 0.406
690 0.509
11293 0.736
23841 0.887
19999 0.876
12101 0.562
12954 0.099
23478 0.600
22522 0.521
14073 0.550
15686 0.631
782 0.397
20232 0.997
9718 0.377
20633 0.030
24587 0.766
4541 0.198
17269 0.210
23868 0.790
17969 0.219
23183 0.516
20273 0.964
12629 0.420
18354 0.755
4803 0.330
21257 0.275
7638 0.602
13992 0.215
16886 0.675
20195 0.270
935 0.226
1750 0.072
10914 0.345
6501 0.048
24421 0.150
21863 0.236
22877 0.653
23090 0.261
19625 0.615
17221 0.192
22861 0.341
1498 0.372
11591 0.190
4429 0.443
22176 0.212
14541 0.002
6839 0.570
2559 0.115
10389 0.463
22740 0.286
1567 0.535
22237 0.878
22155 0.045
21327 0.269
8057 0.402
18794 0.045
24296 0.969
18499 0.238
583 0.140
8812 0.643
1496 0.528
1593 0.591
943 0.448
6810 0.947
6062 0.235
3679 0.498
6119 0.023
9656 0.474
23512 0.805
15478 0.961
9442 0.786
8067 0.441
6983 0.308
8654 0.650
19046 0.902
19869 0.965
23123 0.040
6608 0.686
21783 0.488
13420 0.197
6635 0.417
18200 0.586
9875 0.703
1991 0.300
12010 0.493
5291 0.679
16354 0.245
751 0.810
4353 0.305
3667 0.985
5307 0.362
20851 0.195
18176 0.082
18896 0.715
8443 0.411
11090 0.376
8755 0.258
11448 0.866
12747 0.910
5663 0.116
16519 0.282
7815 0.275
24342 0.587
10232 0.843
8072 0.043
24742 0.202
7450 0.839
2841 0.474
14764 0.034
20337 0.569
4555 0.292
15513 0.712
14369 0.987
19106 0.158
10645 0.777
6582 0.348
10551 0.779
5034 0.589
10201 0.138
1797 0.767
17955 0.495
3173 0.883
5766 0.235
8072 0.727
23540 0.919
11663 0.640
3185 0.792
7493 0.029
14206 0.652
17407 0.205
4056 0.007
15881 0.562
12658 0.989
8774 0.141
16278 0.276
24850 0.353
18120 0.494
9860 0.950
15308 0.120
15099 0.427
10894 0.172
22432 0.471
14887 0.090
16443 0.883
21566 0.796
20425 0.523
19521 0.246
14012 0.346
7370 0.302
12181 0.565
11638 0.003
18469 0.083
2701 0.820
18196 0.545
22144 0.466
16168 0.101
4684 0.218
17453 0.573
5020 0.172
4851 0.020
22633 0.606
9577 0.995
2377 0.878
19000 0.736
20956 0.083
13448 0.057
14133 0.568
18323 0.000
7977 0.152
4469 0.318
20887 0.104
8414 0.635
18125 0.292
12950 0.921
10 0.708
4269 0.090
21182 0.486
10213 0.296
13206 0.016
4559 0.199
8021 0.754
23595 0.248
5592 0.507
21638 0.205
20657 0.042
15612 0.886
7872 0.817
19386 0.409
4188 0.142
18639 0.165
8887 0.057
14616 0.990
10834 0.968
18751 0.035
24674 0.550
12171 0.307
15618 0.140
21421 0.775
1343 0.117
22762 0.731
6566 0.556
22802 0.384
1411 0.459
20258 0.863
11081 0.517
22340 0.013
10183 0.497
23221 0.031
3913 0.569
629 0.327
15246 0.736
12700 0.903
8052 0.252
15984 0.938
4837 0.039
4127 0.857
2301 0.395
24096 0.344
22422 0.539
20620 0.308
3679 0.241
21460 0.877
19030 0.750
7228 0.374
14359 0.701
13249 0.097
6417 0.189
22989 0.579
849 0.758
11354 0.732
2056 0.423
13198 0.942
23525 0.753
24289 0.964
1550 0.446
15530 0.050
23272 0.509
20563 0.778
17107 0.097
20259 0.241
7297 0.094
22143 0.982
13159 0.230
16362 0.153
6308 0.120
18136 0.183
960 0.380
5262 0.863
6361 0.828
17279 0.554
8341 0.286
1881 0.187
11420 0.207
6714 0.870
4713 0.949
10105 0.794
21436 0.994
9395 0.560
5038 0.401
21867 0.444
24158 0.387
4651 0.788
4403 0.405
20603 0.558
19748 0.082
5246 0.754
18095 0.181
5170 0.136
18060 0.619
14870 0.970
15138 0.320
8178 0.216
15054 0.174
11923 0.174
6242 0.426
23642 0.362
13721 0.792
12504 0.236
18643 0.526
19905 0.617
13247 0.658
16375 0.893
12214 0.295
13493 0.001
6316 0.341
5966 0.935
7416 0.144
20707 0.021
7510 0.902
15878 0.887
6120 0.298
16811 0.041
16293 0.377
3294 0.356
14848 0.772
19924 0.957
16036 0.013
268 0.809
24112 0.296
11452 0.641
8890 0.241
16122 0.171
11505 0.286
11130 0.982
15961 0.090
23248 0.449
11489 0.791
18029 0.032
4121 0.077
7876 0.628
8623 0.884
20600 0.689
4121 0.310
22459 0.231
10522 0.455
17121 0.272
17903 0.099
1562 0.335
16545 0.332
15486 0.208
23912 0.323
24338 0.372
7884 0.773
22463 0.449
21799 0.665
15126 0.701
3904 0.483
15662 0.917
25010 0.872
12788 0.858
19306 0.807
15235 0.565
23492 0.878
6527 0.083
5755 0.041
19926 0.880
2470 0.581
9952 0.339
19226 0.223
19763 0.227
6264 0.308
19685 0.090
19781 0.120
6984 0.179
11109 0.346
23182 0.442
16154 0.554
5201 0.004
6181 0.021
4825 0.109
20615 0.866
24093 0.982
24552 0.340
13714 0.608
3619 0.718
9891 0.332
17436 0.337
9790 0.088
12323 0.391
17802 0.235
13491 0.460
14738 0.877
23390 0.509
9512 0.828
23611 0.826
16777 0.221
10396 0.654
7025 0.620
1639 0.891
21759 0.965
23880 0.501
23985 0.823
2337 0.196
13483 0.857
1612 0.248
4278 0.297
4940 0.291
17234 0.761
11831 0.446
7058 0.146
21588 0.479
16330 0.948
10635 0.136
31 0.275
4141 0.751
23815 0.888
12940 0.361
20386 0.268
21332 0.545
1664 0.817
12605 0.193
5118 0.432
1261 0.850
23738 0.208
17007 0.373
2365 0.048
19994 0.192
19603 0.509
21943 0.169
3837 0.199
5435 0.966
24185 0.344
1682 0.188
23666 0.160
21258 0.105
8413 0.431
4052 0.927
16201 0.026
10914 0.620
605 0.615
14096 0.934
16767 0.786
20156 0.874
17854 0.707
21159 0.679
16824 0.290
7480 0.053
5558 0.561
5121 0.549
8850 0.494
722 0.011
5169 0.131
7443 0.589
18345 0.753
10754 0.327
7051 0.984
9896 0.988
9686 0.317
19626 0.072
8070 0.589
14190 0.788
15723 0.526
2431 0.668
14426 0.599
10134 0.293
12973 0.224
12729 0.315
16295 0.899
19334 0.025
24462 0.419
15274 0.550
24184 0.276
564 0.372
16239 0.079
2041 0.356
12236 0.898
18423 0.873
8132 0.589
1154 0.969
6550 0.317
2319 0.039
11696 0.021
17485 0.950
6929 0.910
756 0.679
9574 0.206
16667 0.319
17913 0.436
9215 0.738
12816 0.617
21082 0.398
6900 0.161
1601 0.056
10136 0.126
16670 0.395
680 0.746
18414 0.668
3090 0.082
11865 0.551
24751 0.462
11680 0.084
15139 0.213
2050 0.234
8033 0.342
14957 0.717
12233 0.168
3306 0.546
11562 0.801
24405 0.715
6945 0.941
20372 0.642
11876 0.722
11370 0.924
11343 0.712
15760 0.414
17615 0.540
1634 0.739
16575 0.481
11407 0.518
16474 0.057
21814 0.718
15382 0.372
22647 0.974
20950 0.441
21154 0.678
10274 0.765
11408 0.962
23342 0.488
16311 0.738
10056 0.245
5313 0.329
4988 0.821
17783 0.903
9381 0.624
17378 0.199
12670 0.737
830 0.172
7863 0.029
8541 0.182
11369 0.499
14192 0.443
16112 0.381
4333 0.768
12854 0.005
3401 0.945
18370 0.471
9758 0.823
3568 0.503
6432 0.893
15594 0.173
21407 0.947
16113 0.299
6671 0.879
4551 0.441
7138 0.831
5010 0.113
23930 0.790
2372 0.622
10980 0.049
10132 0.337
1948 0.300
5296 0.240
18329 0.562
9747 0.691
14061 0.756
2304 0.145
12798 0.489
7651 0.504
12496 0.718
12442 0.090
16918 0.811
6568 0.478
18346 0.309
14385 0.272
5073 0.181
17554 0.762
19673 0.939
9792 0.598
18498 0.074
19110 0.941
3137 0.188
4544 0.262
19491 0.262
22365 0.112
5863 0.173
622 0.788
7151 0.261
13656 0.799
10130 0.615
2267 0.902
5813 0.692
15854 0.476
17715 0.750
9080 0.043
14849 0.755
23248 0.594
9933 0.226
8824 0.346
20897 0.794
1204 0.377
56 0.528
18455 0.445
16200 0.248
2011 0.646
13370 0.106
21429 0.163
12195 0.467
21046 0.664
13364 0.043
19530 0.332
11169 0.907
16110 0.854
18320 0.891
4328 0.077
8218 0.571
23646 0.899
3118 0.218
10776 0.181
9730 0.589
12776 0.469
438 0.848
4695 0.538
9796 0.426
23304 0.427
22766 0.441
22465 0.539
19748 0.401
11064 0.116
14588 0.727
22719 0.181
1400 0.790
17374 0.372
2976 0.396
10995 0.147
17349 0.364
24654 0.630
13411 0.211
22591 0.067
21173 0.590
23771 0.979
10356 0.173
9622 0.413
921 0.702
24725 0.476
21311 0.940
22777 0.533
23770 0.543
4656 0.341
18135 0.247
7637 0.986
5444 0.207
1429 0.135
24781 0.829
22836 0.059
10455 0.800
16724 0.983
1983 0.746
8702 0.347
515 0.533
22265 0.897
1965 0.024
4412 0.321
7126 0.286
19618 0.003
7656 0.398
21756 0.650
14847 0.221
18379 0.837
8978 0.301
18178 0.209
5325 0.475
18823 0.918
4349 0.288
16535 0.472
21987 0.858
24619 0.206
22552 0.832
22407 0.192
19465 0.526
13969 0.371
12916 0.708
13530 0.213
21954 0.613
10713 0.836
23138 0.388
18457 0.810
10060 0.137
17717 0.688
9827 0.298
18159 0.454
8026 0.790
4373 0.715
12881 0.706
10298 0.816
22202 0.598
15965 0.385
11076 0.371
19995 0.522
19685 0.801
21922 0.995
23352 0.785
20660 0.689
1203 0.415
5545 0.153
4253 0.514
18744 0.816
11232 0.681
14452 0.760
15211 0.870
6946 0.729
14221 0.750
18308 0.721
8275 0.297
908 0.397
11783 0.088
21536 0.816
1493 0.109
9637 0.077
20803 0.612
6072 0.052
5956 0.840
17346 0.951
17152 0.190
5816 0.100
11563 0.956
5396 0.989
13084 0.200
2519 0.486
18220 0.609
1247 0.934
23723 0.485
10028 0.544
7032 0.687
3477 0.214
12837 0.988
18979 0.750
23681 0.715
22855 0.627
23180 0.540
5249 0.302
19999 0.839
8847 0.124
18430 0.875
4834 0.271
8712 0.448
452 0.157
1242 0.712
20017 0.720
11181 0.481
17676 0.606
17134 0.937
11442 0.202
5923 0.993
20088 0.541
13155 0.694
19369 0.492
2885 0.392
18146 0.561
9683 0.106
19714 0.607
13725 0.467
24327 0.740
22254 0.252
5616 0.799
3008 0.237
9349 0.505
17117 0.540
15051 0.514
3240 0.479
24525 0.616
24815 0.172
24472 0.620
15496 0.093
6659 0.326
21664 0.729
13665 0.536
7163 0.255
24398 0.930
9879 0.616
6320 0.794
3162 0.291
24165 0.660
3 0.677
8987 0.549
7918 0.464
24561 0.792
2456 0.802
16298 0.025
21374 0.486
5035 0.315
10971 0.520
10706 0.115
16286 0.602
14904 0.886
21127 0.904
22251 0.724
15951 0.817
22685 0.207
6339 0.274
5637 0.122
10737 0.675
20700 0.543
24984 0.407
23892 0.160
21145 0.769
1219 0.229
15499 0.285
17482 0.238
23675 0.911
11476 0.567
12964 0.012
18007 0.321
7088 0.074
19396 0.920
16979 0.378
1215 0.341
8205 0.265
17814 0.462
19544 0.193
593 0.716
21537 0.898
19603 0.099
15427 0.466
16799 0.268
20749 0.752
21736 0.784
23160 0.175
20870 0.855
22193 0.799
3365 0.153
13692 0.862
22569 0.073
21076 0.257
3157 0.272
6032 0.225
10686 0.585
14202 0.316
9073 0.810
20581 0.124
11801 0.580
838 0.761
6922 0.427
17354 0.893
9337 0.312
2519 0.195
17759 0.626
14174 0.037
2090 0.658
2659 0.717
13000 0.332
12599 0.027
2876 0.942
7940 0.784
5395 0.333
19854 0.675
17309 0.338
24220 0.036
23137 0.648
20397 0.457
12301 0.862
23587 0.144
6715 0.484
1269 0.483
19433 0.053
20479 0.619
6034 0.061
16310 0.424
5764 0.887
6448 0.748
12915 0.951
16158 0.416
20097 0.048
6866 0.135
1033 0.314
24500 0.837
16324 0.742
17664 0.674
17289 0.601
2571 0.922
18039 0.365
1201 0.265
3295 0.768
9909 0.578
19125 0.718
18380 0.034
10045 0.376
11586 0.603
2553 0.606
2144 0.890
10356 0.303
656 0.051
12659 0.195
19929 0.699
8277 0.886
3429 0.665
6809 0.026
17135 0.765
10796 0.177
450 0.298
23261 0.024
18349 0.553
17033 0.188
11017 0.681
10635 0.911
2037 0.714
24599 0.052
22810 0.212
162 0.171
10738 0.690
17074 0.249
2413 0.707
825 0.374
10476 0.773
12970 0.247
21900 0.704
21762 0.984
12285 0.299
17820 0.784
11218 0.665
20176 0.776
19144 0.017
12547 0.073
22424 0.237
18594 0.447
480 0.792
15233 0.798
17487 0.126
5181 0.045
24836 0.636
21912 0.706
3359 0.619
13442 0.096
490 0.400
4809 0.668
7937 0.928
4942 0.781
22121 0.176
19602 0.021
13284 0.346
17147 0.089
12029 0.833
24024 0.675
9202 0.864
13207 0.255
9062 0.675
23844 0.170
433 0.675
1269 0.921
9829 0.082
467 0.813
11418 0.691
15439 0.049
22397 0.711
5158 0.125
2679 0.886
13563 0.894
1596 0.653
8520 0.229
12010 0.683
6243 0.687
3058 0.487
7730 0.784
10044 0.313
16369 0.081
20564 0.507
6952 0.873
19842 0.641
15078 0.413
9408 0.617
18735 0.232
16810 0.231
19759 0.871
12649 0.962
24292 0.307
10901 0.631
14203 0.399
5237 0.470
16827 0.905
3430 0.228
15894 0.637
20341 0.656
1085 0.220
5093 0.137
3151 0.465
16924 0.289
18953 0.787
10396 0.090
4375 0.520
8972 0.013
10494 0.691
18690 0.469
21146 0.478
5514 0.223
11405 0.762
16001 0.820
13063 0.945
1062 0.937
22819 0.925
24868 0.766
23307 0.847
10978 0.474
19400 0.259
5774 0.305
15887 0.440
11043 0.910
12039 0.803
11757 0.361
22280 0.132
20287 0.552
6345 0.074
13009 0.215
24143 0.806
6213 0.962
7109 0.258
2748 0.723
20067 0.574
8222 0.701
18810 0.259
14319 0.561
17590 0.026
8514 0.009
9395 0.242
8927 0.043
24937 0.865
19177 0.164
17984 0.120
19092 0.470
19911 0.429
11346 0.882
10000 0.764
10924 0.595
18521 0.118
344 0.110
10556 0.697
9971 0.461
12330 0.826
4543 0.157
19463 0.161
23943 0.028
377 0.486
10577 0.297
16311 0.142
11411 0.177
24428 0.371
6302 0.956
5089 0.428
15212 0.941
23646 0.053
19974 0.020
7206 0.673
20515 0.960
371 0.175
2396 0.543
9592 0.916
2022 0.778
15972 0.626
7073 0.087
8472 0.527
15321 0.826
9816 0.853
1226 0.621
4115 0.725
11787 0.878
16518 0.684
15226 0.322
15505 0.621
5433 0.704
14987 0.345
10755 0.020
5261 0.821
10932 0.724
16035 0.518
12185 0.821
14767 0.931
12219 0.961
7291 0.476
9000 0.964
24789 0.556
17368 0.898
11103 0.583
16895 0.727
9888 0.748
22279 0.617
6146 0.810
14656 0.891
16882 0.413
21826 0.028
17689 0.689
18849 0.875
8944 0.775
21377 0.884
3341 0.704
21333 0.026
18369 0.242
7688 0.680
18858 0.814
22131 0.241
3986 0.809
15402 0.406
22926 0.022
19430 0.693
12261 0.240
4463 0.392
10640 0.222
9977 0.215
1427 0.526
19619 0.598
18887 0.375
2441 0.201
14602 0.314
9258 0.615
24414 0.229
22490 0.240
3425 0.759
11933 0.809
6056 0.321
3115 0.156
18791 0.411
6315 0.728
1105 0.538
3051 0.145
17809 0.930
962 0.072
19782 0.526
13506 0.368
21287 0.596
11160 0.729
2773 0.578
20289 0.637
9697 0.580
9510 0.836
5409 0.365
10954 0.488
19799 0.380
10646 0.302
4223 0.709
3942 0.464
12668 0.694
24260 0.697
12083 0.270
7041 0.821
13167 0.216
22300 0.708
16119 0.093
10414 0.606
10043 0.006
10894 0.767
17950 0.043
12796 0.832
383 0.057
11314 0.572
15280 0.272
12730 0.844
750 0.649
14596 0.965
16393 0.805
5693 0.246
24611 0.556
133 0.178
16239 0.542
9968 0.687
10301 0.865
23970 0.817
691 0.576
21767 0.859
5190 0.204
23548 0.480
7521 0.979
14708 0.781
11674 0.099
14739 0.725
15520 0.587
10527 0.306
12357 0.937
22558 0.236
22758 0.839
7764 0.495
9160 0.451
7917 0.843
12927 0.107
19600 0.710
3204 0.044
23801 0.960
15280 0.370
10627 0.308
6316 0.631
12208 0.554
19948 0.024
11251 0.575
18164 0.255
675 0.214
14411 0.807
20895 0.352
6457 0.459
13142 0.217
21575 0.980
20703 0.009
10741 0.163
13017 0.187
6038 0.071
14153 0.443
6928 0.301
24854 0.788
17949 0.573
20022 0.570
13917 0.248
18010 0.975
7326 0.814
5945 0.677
14479 0.693
7330 0.002
19579 0.055
22546 0.386
11398 0.770
7037 0.128
724 0.391
20045 0.801
10393 0.246
9477 0.250
5357 0.866
967 0.310
18016 0.553
16211 0.142
4326 0.608
19528 0.613
8404 0.541
3149 0.142
8752 0.484
4996 0.001
21747 0.306
3179 0.882
5156 0.760
8831 0.319
667 0.741
18776 0.919
19352 0.925
7088 0.274
12613 0.003
8304 0.128
14648 0.081
15068 0.932
24319 0.817
5815 0.209
22141 0.724
18229 0.656
2663 0.962
4226 0.043
9816 0.547
16942 0.477
16293 0.414
6442 0.391
5978 0.246
21311 0.150
13696 0.784
17940 0.227
6133 0.200
19082 0.848
3283 0.858
19067 0.978
7185 0.688
20820 0.939
3334 0.511
17367 0.076
500 0.727
13302 0.303
20957 0.309
6636 0.681
7946 0.781
8029 0.943
5272 0.667
10574 0.909
6986 0.417
17428 0.752
2811 0.998
15883 0.736
298 0.392
13607 0.311
17573 0.989
18494 0.420
19515 0.223
1107 0.139
7872 0.760
489 0.692
20024 0.078
11051 0.073
11347 0.244
23844 0.569
18997 0.305
10097 0.145
5861 0.133
6039 0.618
458 0.119
9946 0.189
8144 0.430
18940 0.335
21114 0.682
12188 0.961
1816 0.695
5632 0.091
21969 0.437
1587 0.839
18455 0.468
5793 0.304
5173 0.304
2836 0.463
12289 0.707
10940 0.875
14193 0.159
6123 0.590
14331 0.524
932 0.952
3388 0.025
4852 0.627
4246 0.586
16381 0.834
4689 0.829
10553 0.742
10872 0.244
17186 0.769
1296 0.827
15262 0.656
18982 0.940
19419 0.651
23532 0.928
9515 0.441
1110 0.238
8763 0.099
16540 0.890
4225 0.495
7132 0.028
1313 0.012
17984 0.182
382 0.815
15264 0.685
939 0.341
16830 0.953
12050 0.418
6198 0.172
10754 0.778
23334 0.849
23200 0.554
24079 0.943
20005 0.173
4218 0.745
17747 0.783
6567 0.523
16147 0.668
5309 0.748
12026 0.166
6293 0.898
18341 0.317
18408 0.671
23089 0.594
21012 0.441
16953 0.410
19415 0.016
8906 0.597
7343 0.576
3934 0.580
1473 0.977
2425 0.264
14175 0.520
8971 0.194
21095 0.455
24454 0.992
11533 0.092
4243 0.117
9652 0.179
22375 0.740
13972 0.890
11390 0.980
13598 0.887
2554 0.703
9509 0.861
18967 0.448
16036 0.685
19026 0.206
13176 0.443
11188 0.367
17458 0.371
88 0.890
7249 0.288
13500 0.002
3033 0.408
23386 0.178
15741 0.913
7707 0.978
15245 0.713
2986 0.655
24587 0.234
10045 0.017
20708 0.141
18030 0.817
9531 0.262
10372 0.750
22761 0.856
12215 0.974
16337 0.541
9754 0.234
17421 0.517
1669 0.740
2502 0.770
23451 0.894
20641 0.461
24168 0.795
20764 0.841
11895 0.649
14148 0.383
20155 0.415
6202 0.252
17159 0.462
22585 0.788
225 0.421
18606 0.596
12641 0.097
18300 0.594
19775 0.201
12148 0.213
23073 0.858
10401 0.199
24297 0.003
14246 0.544
1093 0.103
19021 0.457
5903 0.534
19541 0.461
12708 0.896
21301 0.856
421 0.575
15639 0.255
14848 0.851
16575 0.740
6781 0.616
7607 0.983
14233 0.080
20327 0.430
4865 0.485
24586 0.362
11120 0.648
3472 0.919
13233 0.638
3566 0.002
12641 0.960
10640 0.194
12282 0.705
24038 0.720
8604 0.052
24070 0.868
18826 0.718
19271 0.362
23344 0.317
8384 0.779
14450 0.386
641 0.088
19286 0.607
6326 0.602
6890 0.059
1354 0.619
14060 0.191
10908 0.930
11870 0.744
21567 0.479
8619 0.584
23791 0.732
17762 0.585
4762 0.669
1765 0.564
24297 0.569
17012 0.196
4419 0.650
24676 0.391
2508 0.454
19667 0.773
17046 0.030
10472 0.355
19002 0.127
19299 0.205
15771 0.952
6115 0.672
22917 0.248
21705 0.423
3647 0.216
9597 0.782
3806 0.553
7708 0.473
2731 0.742
14094 0.411
24015 0.094
7173 0.476
4239 0.732
21525 0.086
16525 0.025
21354 0.923
813 0.775
24794 0.663
6635 0.227
14560 0.619
18581 0.903
14675 0.470
1749 0.875
12312 0.323
24483 0.204
2099 0.644
15601 0.967
14767 0.705
20816 0.258
13354 0.277
3142 0.385
6631 0.920
8654 0.346
571 0.615
16265 0.905
22224 0.138
11110 0.875
24158 0.695
7319 0.120
4020 0.185
20925 0.810
24354 0.254
503 0.524
14347 0.623
21722 0.543
16085 0.599
17609 0.063
3037 0.037
21640 0.153
5606 0.934
3317 0.320
13158 0.383
21097 0.289
4587 0.792
18400 0.904
22552 0.386
24257 0.432
19393 0.702
23019 0.266
21339 0.751
10956 0.685
14544 0.257
22877 0.952
23934 0.443
7343 0.006
21615 0.396
10531 0.461
20511 0.958
20110 0.233
18130 0.960
22658 0.866
8062 0.281
7471 0.014
20101 0.743
7315 0.693
17550 0.055
12685 0.129
11121 0.121
6642 0.424
3758 0.278
7741 0.328
14625 0.069
20522 0.158
5026 0.132
18007 0.982
4501 0.488
24982 0.968
3622 0.293
20285 0.121
12833 0.317
12971 0.458
11297 0.033
5710 0.286
14193 0.480
22029 0.991
11837 0.889
23555 0.936
17253 0.828
7909 0.491
6745 0.575
18002 0.870
1380 0.836
20897 0.251
23896 0.715
12938 0.873
3933 0.118
3244 0.423
18145 0.523
22015 0.619
14730 0.356
2449 0.067
7627 0.998
13511 0.278
6048 0.951
17686 0.137
13628 0.379
8742 0.108
15522 0.430
23298 0.791
1378 0.201
23853 0.597
16046 0.822
2100 0.508
9555 0.099
5934 0.942
19564 0.455
5147 0.857
1611 0.326
17608 0.244
18370 0.526
7427 0.610
21849 0.249
709 0.504
5631 0.059
6572 0.459
8448 0.897
11624 0.929
9787 0.775
55 0.031
3855 0.102
2170 0.697
16021 0.062
19504 0.198
6499 0.177
19137 0.062
18299 0.824
18946 0.683
15540 0.253
4204 0.858
7195 0.778
21964 0.045
13979 0.068
15963 0.604
17339 0.560
1640 0.803
23658 0.588
13835 0.150
15306 0.761
7531 0.344
4981 0.228
2281 0.350
3786 0.868
23381 0.959
64 0.615
24429 0.285
2831 0.879
6397 0.374
23082 0.424
24154 0.776
20671 0.690
12248 0.713
23548 0.604
18149 0.555
7540 0.884
8051 0.765
15633 0.261
11858 0.966
6796 0.314
17675 0.702
13944 0.433
24587 0.844
12365 0.387
22341 0.888
6862 0.077
3772 0.587
19157 0.135
12532 0.160
22964 0.026
21936 0.512
23229 0.076
8422 0.856
21796 0.364
243 0.338
14298 0.613
6370 0.410
6044 0.492
21901 0.309
8506 0.973
2794 0.110
24564 0.699
14398 0.784
8095 0.326
24655 0.027
17266 0.336
10326 0.168
22601 0.339
2421 0.010
19435 0.068
6785 0.551
8113 0.277
2847 0.179
13759 0.405
10816 0.645
18534 0.123
7223 0.384
6691 0.847
12797 0.697
16242 0.026
347 0.569
24592 0.388
3646 0.842
19131 0.024
12239 0.242
12842 0.991
265 0.733
12853 0.072
19188 0.969
20373 0.609
5532 0.806
14209 0.471
9475 0.147
24268 0.480
4978 0.034
7974 0.859
4488 0.475
24467 0.857
24619 0.802
24826 0.430
20435 0.089
731 0.030
7374 0.906
20957 0.933
18325 0.628
11369 0.498
16487 0.748
18853 0.384
24554 0.508
5624 0.354
4199 0.633
15424 0.266
2647 0.198
16777 0.758
21562 0.262
7628 0.279
7096 0.237
11585 0.791
6829 0.839
6457 0.990
6978 0.028
18241 0.115
22617 0.963
18207 0.844
4603 0.882
22085 0.116
8169 0.900
5119 0.959
13598 0.890
1048 0.781
3996 0.043
4166 0.749
405 0.546
8090 0.940
10573 0.349
19535 0.541
11840 0.614
17272 0.576
4292 0.129
13005 0.522
23404 0.446
15668 0.217
8035 0.319
10557 0.098
21900 0.731
20260 0.934
207 0.667
13401 0.331
7816 0.662
23795 0.490
19979 0.937
24664 0.381
17146 0.027
2022 0.739
919 0.757
7149 0.563
15686 0.284
15094 0.559
7849 0.673
3224 0.345
16163 0.236
5863 0.158
23887 0.794
6933 0.109
2243 0.629
13134 0.995
10777 0.098
17073 0.740
1111 0.769
7651 0.407
11393 0.793
7419 0.039
15380 0.135
9838 0.822
13379 0.540
24118 0.259
12841 0.398
8371 0.573
18899 0.230
20084 0.008
4713 0.060
19356 0.531
12256 0.765
9326 0.552
4718 0.776
9921 0.728
23519 0.233
12653 0.075
3620 0.843
21168 0.296
23157 0.719
8820 0.057
24335 0.144
23617 0.696
20308 0.711
599 0.502
8846 0.156
9738 0.923
20205 0.166
14174 0.426
24118 0.113
9660 0.560
3100 0.479
3376 0.109
13929 0.898
7174 0.669
8363 0.485
508 0.351
13467 0.802
8748 0.758
24906 0.947
6158 0.186
10922 0.531
3584 0.273
12605 0.439
16477 0.842
12998 0.516
6550 0.417
6118 0.211
3623 0.064
2912 0.207
3705 0.672
19017 0.454
20072 0.293
12057 0.036
11610 0.708
11058 0.582
23039 0.843
19908 0.285
3527 0.045
6222 0.968
16794 0.217
24977 0.232
10449 0.887
439 0.314
19450 0.131
3929 0.050
2902 0.219
23820 0.742
2061 0.188
9068 0.456
2154 0.460
24649 0.488
14803 0.812
12580 0.892
25005 0.292
1046 0.151
17651 0.113
19670 0.879
4528 0.282
7157 0.200
16117 0.457
16719 0.526
18891 0.604
13313 0.757
18139 0.653
19113 0.286
12766 0.276
4042 0.552
19739 0.696
11191 0.644
10644 0.066
8624 0.342
23311 0.192
20917 0.930
20652 0.606
6673 0.500
14895 0.405
12834 0.639
1783 0.920
21947 0.314
8141 0.775
1230 0.404
22027 0.203
1498 0.288
16447 0.661
11347 0.160
12714 0.233
19387 0.459
9779 0.844
21039 0.041
3841 0.134
1797 0.741
12530 0.359
8330 0.523
21660 0.277
21521 0.606
6713 0.873
16318 0.017
5258 0.681
8491 0.787
21043 0.843
1942 0.100
21403 0.461
24785 0.401
10179 0.473
20535 0.151
2849 0.399
20851 0.889
13365 0.059
2282 0.916
21611 0.950
6468 0.573
11532 0.485
19259 0.739
17003 0.309
16502 0.271
1512 0.235
12451 0.129
14442 0.580
16899 0.280
5547 0.738
906 0.254
632 0.059
3732 0.958
21646 0.425
11461 0.367
1072 0.864
1763 0.513
22733 0.929
10419 0.988
18317 0.662
10938 0.390
22781 0.341
1456 0.043
15152 0.521
19276 0.716
17932 0.579
4714 0.992
11577 0.838
15989 0.617
16802 0.871
3942 0.991
15183 0.057
11456 0.820
1159 0.053
7228 0.624
2263 0.756
11008 0.504
18410 0.742
12858 0.586
8341 0.209
19248 0.804
17661 0.197
19036 0.381
15876 0.109
10001 0.340
9251 0.682
7563 0.781
17461 0.799
2818 0.037
18087 0.440
73 0.564
20942 0.369
24313 0.644
12024 0.845
11190 0.280
23505 0.215
16796 0.455
14200 0.755
20788 0.539
13152 0.876
23127 0.408
11383 0.383
10846 0.435
2843 0.651
13637 0.266
2467 0.350
18349 0.843
19003 0.697
4416 0.073
24682 0.609
3364 0.815
9193 0.138
12838 0.624
6745 0.764
3491 0.675
9127 0.520
22696 0.677
16833 0.191
5352 0.328
9912 0.568
10560 0.589
10781 0.752
452 0.895
15010 0.766
6372 0.256
24382 0.535
22543 0.616
5888 0.603
18806 0.768
1067 0.336
17335 0.532
12566 0.520
13538 0.931
10389 0.549
18995 0.876
7595 0.695
17641 0.273
1949 0.968
12689 0.710
14091 0.463
20219 0.785
2960 0.390
9504 0.570
7119 0.559
3982 0.483
23201 0.853
24884 0.194
21851 0.009
23863 0.501
22545 0.763
5433 0.493
18687 0.793
19736 0.996
21254 0.433
3663 0.158
11601 0.362
24531 0.216
16054 0.625
4695 0.404
21702 0.170
625 0.307
11231 0.062
5651 0.036
3417 0.740
2966 0.985
13979 0.341
14978 0.237
17888 0.221
16540 0.311
3789 0.262
16700 0.887
3736 0.818
5846 0.180
16350 0.103
14103 0.105
2501 0.466
24256 0.649
6502 0.133
3699 0.551
11503 0.518
5621 0.645
19300 0.833
4356 0.761
15538 0.153
24163 0.586
23207 0.271
9124 0.650
20124 0.262
11817 0.227
19670 0.119
15243 0.077
19611 0.355
15373 0.802
22508 0.100
4607 0.282
4185 0.361
15780 0.776
24833 0.709
7586 0.815
12758 0.010
1391 0.080
20846 0.928
17227 0.031
1261 0.289
4453 0.921
14948 0.307
17018 0.017
20907 0.027
3924 0.760
6533 0.596
3993 0.536
7075 0.900
12255 0.219
11991 0.361
9935 0.948
23679 0.740
6097 0.457
17925 0.470
9201 0.489
20844 0.500
4551 0.648
22019 0.700
24279 0.641
15815 0.797
7882 0.191
14339 0.069
223 0.662
1200 0.562
232 0.325
18298 0.175
17672 0.677
2613 0.701
3522 0.043
8585 0.345
17718 0.618
20646 0.169
17121 0.903
19568 0.580
1618 0.495
11408 0.676
7720 0.589
3563 0.761
13244 0.860
20942 0.219
15745 0.761
8657 0.184
19209 0.286
19993 0.049
3906 0.670
1185 0.630
18222 0.369
24546 0.944
5719 0.875
10975 0.738
24694 0.873
14661 0.087
2673 0.588
18042 0.499
22047 0.459
14107 0.760
631 0.052
7911 0.078
20380 0.455
3081 0.707
23854 0.393
10537 0.606
4082 0.947
24642 0.882
21632 0.586
11935 0.103
12018 0.331
24639 0.610
15196 0.430
21836 0.669
4130 0.512
16362 0.385
10966 0.243
154 0.940
2772 0.903
13550 0.459
6260 0.193
7567 0.947
20763 0.865
18650 0.894
24517 0.192
6188 0.770
4377 0.348
20446 0.063
15230 0.063
7712 0.050
16251 0.874
23237 0.012
14183 0.455
20301 0.392
15775 0.048
638 0.675
10940 0.005
19061 0.419
8701 0.140
2386 0.127
14681 0.179
19202 0.744
5194 0.514
23731 0.089
10869 0.927
3102 0.193
17079 0.701
7934 0.389
18603 0.126
10423 0.035
8846 0.533
4583 0.917
2537 0.068
5377 0.025
15076 0.740
16566 0.740
9791 0.439
14388 0.199
3489 0.607
21026 0.249
10485 0.609
2667 0.450
7100 0.983
8686 0.311
19929 0.238
2060 0.840
18333 0.904
13372 0.970
22025 0.053
22587 0.223
9176 0.913
19255 0.468
16175 0.943
18088 0.514
18643 0.016
3693 0.871
8989 0.620
24056 0.064
17660 0.950
1360 0.684
7979 0.105
10123 0.589
15288 0.450
1234 0.585
23294 0.994
1181 0.467
23615 0.475
20305 0.602
23442 0.409
14187 0.209
18959 0.991
20319 0.605
21180 0.236
8276 0.765
7357 0.294
13894 0.629
21175 0.170
7906 0.949
7759 0.592
24698 0.531
21834 0.794
20357 0.701
20075 0.433
16987 0.801
4170 0.602
22028 0.256
14909 0.603
1231 0.587
10429 0.796
12074 0.259
16165 0.857
21765 0.952
7963 0.740
20071 0.927
8485 0.457
3705 0.335
24249 0.853
13139 0.048
8359 0.001
32 0.539
5076 0.499
7684 0.135
8078 0.250
8319 0.095
14026 0.621
3809 0.672
6728 0.116
763 0.645
21736 0.447
22428 0.100
8302 0.437
15643 0.100
5838 0.584
17911 0.676
14641 0.125
19552 0.030
16833 0.746
17199 0.424
23869 0.265
22546 0.702
11882 0.216
7626 0.124
18956 0.982
1973 0.825
9618 0.229
6307 0.853
6561 0.382
8757 0.105
7220 0.167
1348 0.821
7284 0.895
20790 0.499
9869 0.773
19768 0.459
8626 0.510
10515 0.844
13720 0.240
4583 0.949
9250 0.382
22174 0.106
9816 0.723
15051 0.353
13747 0.965
18273 0.960
16810 0.140
13741 0.193
9839 0.027
7094 0.013
9647 0.210
16277 0.446
17234 0.842
1359 0.986
9676 0.356
10734 0.302
3125 0.648
18813 0.330
8069 0.011
16764 0.610
18330 0.249
23080 0.897
2622 0.294
19079 0.521
604 0.223
18211 0.068
3047 0.346
3575 0.648
14644 0.951
23090 0.700
14826 0.200
3772 0.808
6765 0.395
1809 0.712
12731 0.392
20297 0.235
18865 0.773
21571 0.112
18228 0.814
14038 0.848
2021 0.917
16427 0.041
13247 0.785
6343 0.756
9864 0.892
6763 0.344
20589 0.651
2628 0.047
22360 0.581
22795 0.356
8491 0.624
21183 0.958
2693 0.737
10735 0.066
12787 0.592
6178 0.294
187 0.702
12050 0.186
19452 0.093
14506 0.562
1119 0.792
10087 0.956
13965 0.277
17919 0.100
16448 0.001
20566 0.121
11167 0.019
23901 0.757
19101 0.197
7235 0.849
19906 0.496
10388 0.053
19822 0.397
20826 0.147
116 0.463
1311 0.109
22209 0.391
10272 0.084
3564 0.687
21986 0.671
2056 0.310
10768 0.028
12627 0.745
22436 0.134
1645 0.132
23248 0.120
1540 0.411
18662 0.429
17354 0.283
6260 0.304
20017 0.844
9219 0.232
13461 0.791
2528 0.270
12810 0.251
11690 0.286
15404 0.257
8336 0.334
20695 0.435
24729 0.476
14398 0.165
300 0.434
19514 0.485
11296 0.865
19657 0.717
9839 0.477
608 0.494
5879 0.492
18389 0.184
7672 0.312
4195 0.840
18882 0.956
3499 0.075
13930 0.627
13102 0.040
8458 0.750
17400 0.444
5247 0.145
20441 0.330
17888 0.125
16068 0.024
9868 0.999
20712 0.083
4205 0.052
22282 0.659
22406 0.126
14783 0.207
12818 0.453
861 0.070
2938 0.866
23015 0.561
18006 0.719
5718 0.725
9435 0.723
9322 0.112
2379 0.542
9852 0.315
6842 0.768
2948 0.717
22458 0.324
8464 0.421
2152 0.397
22070 0.030
16520 0.730
22982 0.100
16454 0.008
11282 0.047
674 0.625
10466 0.045
24284 0.695
15504 0.315
15415 0.022
10567 0.083
22059 0.540
22445 0.915
8452 0.712
11907 0.933
1625 0.922
20848 0.283
22472 0.195
23124 0.813
18079 0.299
8143 0.457
3476 0.126
295 0.585
21518 0.818
1881 0.287
22411 0.102
17316 0.474
24405 0.600
23436 0.750
4634 0.421
7037 0.759
19526 0.812
21443 0.446
19775 0.372
4077 0.750
17154 0.908
3800 0.989
24287 0.879
7654 0.912
18706 0.630
21760 0.456
8475 0.177
3789 0.916
11855 0.301
2363 0.035
4825 0.120
19429 0.638
15526 0.047
15131 0.174
2423 0.702
21468 0.153
20770 0.319
13046 0.051
24061 0.970
5285 0.051
7753 0.329
24926 0.281
9844 0.489
24327 0.330
1350 0.424
5025 0.586
14726 0.885
15722 0.824
10232 0.753
11094 0.616
22860 0.546
19235 0.394
17840 0.973
23947 0.548
979 0.638
20117 0.456
21479 0.472
23259 0.406
19432 0.347
24210 0.630
20882 0.678
16684 0.944
16152 0.734
16271 0.530
7122 0.576
17978 0.267
19373 0.869
24106 0.181
22198 0.758
24398 0.546
22432 0.120
23721 0.927
5816 0.021
15752 0.342
22771 0.358
6152 0.823
18419 0.932
10177 0.890
1672 0.797
14421 0.169
22785 0.763
24671 0.228
14161 0.504
24253 0.380
15455 0.615
7879 0.655
19625 0.447
459 0.026
8857 0.957
15446 0.778
8903 0.559
24074 0.277
3764 0.214
10293 0.384
10128 0.995
9024 0.761
3450 0.208
3695 0.334
18730 0.557
232 0.068
16482 0.503
22522 0.969
14519 0.449
4513 0.701
14042 0.034
1234 0.414
3582 0.250
12813 0.106
6018 0.247
22951 0.646
21959 0.314
18001 0.951
279 0.208
22276 0.929
10460 0.791
21512 0.467
3991 0.299
22028 0.038
24824 0.840
19370 0.673
24711 0.555
1818 0.367
7370 0.794
24486 0.597
9496 0.932
10799 0.281
13343 0.190
16067 0.552
5422 0.244
3882 0.217
13914 0.041
853 0.943
2883 0.635
3401 0.687
11008 0.324
14440 0.811
3376 0.512
22421 0.683
1513 0.619
10043 0.811
7524 0.680
24215 0.374
11652 0.232
1349 0.787
9927 0.739
1320 0.467
3436 0.803
8928 0.984
9270 0.536
4411 0.404
24538 0.577
19602 0.608
1041 0.477
12698 0.512
15782 0.166
12677 0.817
17055 0.881
24128 0.994
4992 0.376
3737 0.796
4082 0.323
18731 0.543
8503 0.291
20839 0.638
641 0.190
23757 0.352
3588 0.136
3959 0.961
10507 0.987
4641 0.328
19905 0.035
22559 0.212
14023 0.338
19712 0.057
14409 0.878
388 0.017
14126 0.723
8445 0.607
3657 0.166
1097 0.107
6185 0.843
20627 0.342
8949 0.988
21473 0.323
19075 0.347
19588 0.849
393 0.183
11226 0.167
14141 0.478
12429 0.846
20068 0.370
18159 0.720
9496 0.959
15425 0.977
2846 0.306
17756 0.651
18725 0.746
22452 0.653
13535 0.314
16746 0.814
7474 0.365
1004 0.435
1834 0.366
7158 0.872
10853 0.856
24800 0.390
17471 0.021
17134 0.740
23993 0.183
4428 0.390
24109 0.286
979 0.735
23610 0.991
4348 0.111
12981 0.962
12201 0.134
21392 0.245
6249 0.511
17144 0.895
24297 0.222
17270 0.581
7359 0.256
16516 0.461
13872 0.532
17268 0.887
9413 0.081
13934 0.207
20082 0.308
14279 0.201
22602 0.497
6945 0.836
1713 0.439
4173 0.866
22745 0.382
877 0.322
23981 0.190
2667 0.800
21264 0.029
16610 0.685
22406 0.461
22477 0.657
10217 0.877
15730 0.343
19499 0.413
17940 0.227
1380 0.360
21000 0.990
2032 0.318
22572 0.534
13449 0.443
24289 0.132
4623 0.120
7716 0.284
8296 0.952
4660 0.261
1986 0.808
17137 0.311
667 0.953
10825 0.689
21581 0.421
12552 0.978
24076 0.229
23392 0.576
23336 0.392
12120 0.775
15589 0.105
7362 0.823
6567 0.086
23404 0.406
18342 0.051
6332 0.212
8712 0.630
18928 0.350
4356 0.602
13863 0.097
14226 0.717
19504 0.761
11901 0.085
23538 0.024
17701 0.284
6601 0.165
536 0.392
8714 0.377
24049 0.157
9242 0.746
580 0.221
6119 0.182
19035 0.606
19031 0.270
4165 0.471
11720 0.303
21869 0.598
22096 0.032
9081 0.170
18481 0.413
64 0.939
23377 0.641
14138 0.171
18093 0.443
22409 0.175
2675 0.287
8128 0.460
8170 0.648
3766 0.772
2769 0.697
20079 0.764
3774 0.644
7779 0.817
20419 0.558
14510 0.841
5182 0.236
24135 0.803
4612 0.170
17367 0.365
2818 0.661
6480 0.224
9600 0.546
1066 0.811
9653 0.601
2295 0.722
9000 0.735
12565 0.436
18978 0.094
6241 0.247
7231 0.664
24176 0.682
9689 0.211
17815 0.363
4865 0.234
14635 0.340
20206 0.886
4215 0.794
5137 0.889
4902 0.532
9789 0.776
8989 0.130
521 0.822
4159 0.991
15247 0.782
12087 0.267
6800 0.466
2363 0.015
9349 0.136
19523 0.250
23737 0.397
7009 0.055
6482 0.796
2149 0.359
7451 0.323
4200 0.240
5063 0.047
15414 0.721
17061 0.115
6260 0.299
10006 0.129
22554 0.691
20337 0.253
18170 0.573
15121 0.711
15869 0.895
19410 0.374
22908 0.650
11892 0.043
912 0.322
18434 0.970
13014 0.366
491 0.681
14841 0.120
24651 0.609
15533 0.018
19564 0.321
13960 0.417
20108 0.030
9858 0.861
16320 0.461
13756 0.320
2677 0.829
9974 0.802
12410 0.834
4118 0.847
7196 0.938
23146 0.553
10549 0.855
860 0.357
22773 0.996
24234 0.743
23267 0.266
8230 0.488
18003 0.542
23024 0.207
6854 0.713
9877 0.406
20327 0.243
199 0.089
11394 0.606
1112 0.663
14951 0.854
7225 0.984
10668 0.247
11341 0.426
23553 0.999
252 0.615
9637 0.389
9270 0.290
2526 0.347
21383 0.417
14695 0.015
15844 0.378
13143 0.475
18819 0.051
10259 0.885
24302 0.782
16415 0.961
23489 0.551
15820 0.079
16002 0.649
1508 0.383
17796 0.636
9571 0.246
19324 0.405
1865 0.121
8638 0.049
20341 0.002
24319 0.470
19198 0.733
15888 0.908
23570 0.227
10481 0.090
17948 0.048
5864 0.744
6431 0.408
6306 0.513
13510 0.229
7140 0.976
6506 0.399
11194 0.754
10149 0.412
8834 0.533
22282 0.600
7637 0.656
5984 0.308
7878 0.591
18549 0.209
22132 0.561
4896 0.724
7348 0.018
12452 0.910
17319 0.203
15998 0.343
3166 0.771
6371 0.661
1145 0.002
19867 0.801
22579 0.344
4765 0.022
19249 0.363
3007 0.608
8780 0.080
7941 0.982
24232 0.402
11050 0.371
19059 0.304
4910 0.710
11809 0.305
24036 0.678
5804 0.507
19787 0.511
5577 0.019
3158 0.648
19317 0.497
16075 0.026
15341 0.518
42 0.480
5527 0.158
17423 0.285
3096 0.969
2440 0.509
18262 0.816
20242 0.931
21475 0.457
23759 0.504
1213 0.136
20650 0.652
14859 0.190
1517 0.024
15866 0.225
7699 0.127
24829 0.940
17627 0.243
17947 0.307
7116 0.492
4790 0.071
18809 0.173
7535 0.251
15768 0.583
7934 0.230
195 0.988
18094 0.501
17011 0.761
330 0.615
22390 0.274
21002 0.890
7284 0.069
22939 0.736
18837 0.204
13287 0.652
2684 0.458
21830 0.692
11034 0.591
1853 0.799
11272 0.959
1999 0.951
23106 0.394
4652 0.188
8048 0.861
20098 0.294
24058 0.342
17329 0.569
24435 0.172
18673 0.504
7520 0.004
15520 0.354
12415 0.831
6934 0.722
18148 0.128
16290 0.904
18096 0.853
16635 0.639
14353 0.605
19556 0.646
17439 0.211
9384 0.845
11871 0.292
15402 0.766
2693 0.296
877 0.857
642 0.787
18915 0.215
24099 0.035
6162 0.661
18717 0.854
14122 0.190
5769 0.492
2580 0.268
5165 0.517
5773 0.918
19369 0.444
13074 0.408
24451 0.181
17725 0.205
1309 0.763
16251 0.945
21304 0.922
23257 0.631
11285 0.951
19463 0.290
2161 0.827
16364 0.409
14061 0.496
23078 0.878
18271 0.999
3654 0.279
8798 0.117
10207 0.456
15071 0.771
5498 0.546
2587 0.441
8175 0.795
22550 0.218
15466 0.416
6118 0.871
2143 0.584
1315 0.119
5484 0.707
1368 0.357
17738 0.654
8191 0.161
5746 0.499
4469 0.440
8479 0.407
11867 0.236
13618 0.765
20227 0.231
6544 0.693
6934 0.801
8084 0.202
10247 0.220
14080 0.171
2212 0.016
4988 0.636
17128 0.339
21262 0.626
434 0.119
15815 0.542
20372 0.632
17908 0.592
15703 0.867
12509 0.576
21896 0.062
14639 0.183
15513 0.101
8871 0.288
4227 0.181
1769 0.693
6887 0.184
316 0.281
14699 0.842
14157 0.870
22187 0.673
9786 0.056
21300 0.718
7487 0.936
4765 0.200
13768 0.853
14872 0.856
9142 0.795
1623 0.147
21292 0.552
7204 0.583
13361 0.123
9190 0.355
10865 0.603
14587 0.225
3117 0.900
14100 0.311
130 0.633
17170 0.606
2810 0.661
24349 0.414
23815 0.225
8803 0.479
3177 0.007
13565 0.259
9909 0.742
17105 0.960
10484 0.472
13613 0.448
22818 0.158
5463 0.400
11039 0.989
14190 0.365
2472 0.562
7049 0.765
5272 0.431
19653 0.566
23164 0.885
19908 0.707
16600 0.702
11656 0.626
13729 0.170
23792 0.598
11148 0.965
9814 0.394
7307 0.758
1577 0.353
10704 0.549
7926 0.391
1717 0.023
7751 0.257
10971 0.155
9047 0.899
14179 0.325
8320 0.492
4583 0.199
7921 0.038
4092 0.001
9306 0.234
11359 0.883
20513 0.595
1468 0.976
21143 0.496
24070 0.889
21280 0.616
23376 0.712
9307 0.561
10835 0.009
16180 0.593
13798 0.489
6197 0.253
21529 0.031
2239 0.357
19665 0.247
16425 0.155
22403 0.544
10874 0.678
15648 0.260
24801 0.932
3278 0.861
20820 0.152
212 0.048
14987 0.779
24901 0.417
22217 0.049
5290 0.395
12275 0.802
24298 0.400
3323 0.562
13145 0.453
16253 0.620
10898 0.514
9032 0.933
3478 0.535
18410 0.331
12258 0.993
8135 0.490
11091 0.302
7303 0.314
22745 0.916
2139 0.068
3004 0.594
2634 0.928
23366 0.978
24647 0.910
15137 0.391
17932 0.810
918 0.393
20844 0.589
17453 0.739
13573 0.297
13209 0.883
12139 0.342
14462 0.684
1564 0.724
22725 0.272
11166 0.253
4101 0.588
17297 0.617
22276 0.915
20058 0.862
16364 0.881
7215 0.434
8224 0.048
17953 0.408
5553 0.998
3943 0.180
1563 0.750
16888 0.912
11681 0.224
24313 0.944
11037 0.441
14472 0.687
1522 0.723
12898 0.556
8738 0.965
13534 0.761
6910 0.341
9215 0.560
14943 0.539
4374 0.348
17062 0.924
13289 0.764
21744 0.675
200 0.485
1117 0.953
1219 0.501
6961 0.823
13932 0.468
22063 0.258
22972 0.959
19679 0.663
8670 0.010
21679 0.984
13661 0.457
13018 0.392
16279 0.181
291 0.164
22055 0.749
10750 0.130
14069 0.137
7952 0.404
23133 0.878
5912 0.883
19868 0.486
14778 0.004
19530 0.959
4770 0.414
6926 0.488
13683 0.874
17002 0.630
1326 0.953
7301 0.833
19613 0.249
5734 0.339
24351 0.114
12131 0.515
12036 0.450
6693 0.824
1813 0.752
23196 0.230
12669 0.415
14396 0.111
2796 0.193
12538 0.229
18518 0.430
8019 0.450
9175 0.906
13226 0.430
23867 0.453
7236 0.093
15472 0.520
12660 0.676
2492 0.155
16908 0.241
282 0.520
16157 0.614
13581 0.760
9157 0.746
22780 0.340
22280 0.093
19118 0.572
23949 0.099
1333 0.896
14996 0.965
7896 0.388
22333 0.543
19330 0.565
16777 0.016
21176 0.148
3823 0.803
19292 0.346
2505 0.036
11828 0.595
1354 0.368
5554 0.717
17363 0.591
10099 0.399
16627 0.533
22690 0.114
9408 0.564
9403 0.064
13185 0.065
13003 0.632
11600 0.593
22264 0.283
15212 0.634
24779 0.762
18745 0.067
1403 0.363
5840 0.713
8518 0.268
10429 0.179
12930 0.090
9430 0.709
22886 0.667
3676 0.835
7930 0.099
50 0.810
17523 0.379
5848 0.850
1475 0.494
22650 0.137
3749 0.718
3436 0.603
7889 0.236
24204 0.425
6184 0.348
4248 0.577
16733 0.765
12096 0.165
17180 0.451
18638 0.307
4760 0.104
19721 0.829
13916 0.469
6324 0.525
7782 0.370
20160 0.753
22989 0.221
11225 0.673
8923 0.845
22121 0.533
17914 0.903
4016 0.182
17334 0.774
15005 0.336
20745 0.544
19736 0.280
12680 0.473
15623 0.705
15329 0.183
130 0.108
19099 0.721
15552 0.758
16351 0.412
20364 0.819
6037 0.482
18204 0.428
19111 0.533
2881 0.335
518 0.542
22388 0.445
16075 0.908
4402 0.159
12499 0.466
6472 0.600
4304 0.835
16552 0.062
12892 0.933
14836 0.506
7269 0.137
9518 0.065
10529 0.585
15397 0.334
23184 0.582
15736 0.920
4215 0.698
15273 0.381
21047 0.257
24470 0.851
6662 0.040
14492 0.864
22976 0.868
17319 0.577
13196 0.930
22275 0.848
19806 0.743
12093 0.400
19102 0.673
24869 0.279
5322 0.993
12996 0.626
20975 0.100
5389 0.529
4990 0.287
3862 0.040
9221 0.652
12787 0.679
17482 0.317
10008 0.412
8282 0.030
15510 0.583
15096 0.753
8344 0.498
2423 0.238
13829 0.351
21834 0.170
17257 0.436
9430 0.482
17139 0.734
18041 0.070
8018 0.125
19395 0.364
2958 0.064
8453 0.617
238 0.672
24098 0.972
14761 0.405
13105 0.195
4394 0.976
1734 0.195
12177 0.032
17200 0.701
20122 0.125
5949 0.707
13214 0.224
4969 0.627
22462 0.315
22700 0.754
12352 0.660
14231 0.649
22340 0.030
9637 0.944
17718 0.189
14206 0.856
18114 0.287
12990 0.306
16153 0.879
3289 0.185
23720 0.807
8029 0.922
533 0.003
4909 0.522
21837 0.120
1748 0.975
8292 0.813
18809 0.109
523 0.671
14077 0.123
15408 0.576
17881 0.427
7200 0.833
23524 0.145
3852 0.946
9643 0.938
10094 0.220
6829 0.508
9582 0.423
21970 0.747
14875 0.589
17864 0.270
20900 0.992
3528 0.671
16836 0.355
79 0.226
8688 0.609
20052 0.080
23722 0.060
9252 0.467
11724 0.196
22955 0.558
20045 0.673
21057 0.733
4532 0.944
18852 0.563
16732 0.419
10951 0.009
21384 0.843
9614 0.149
7039 0.212
24236 0.398
7147 0.867
4226 0.188
19675 0.747
22311 0.512
4881 0.779
3955 0.258
5179 0.149
21719 0.660
4781 0.048
9404 0.928
22861 0.509
11548 0.151
21368 0.504
12045 0.167
16231 0.579
12807 0.618
6929 0.046
5914 0.552
19582 0.542
22051 0.074
2917 0.684
17348 0.957
12985 0.757
20718 0.709
3616 0.588
14693 0.630
19098 0.996
5142 0.187
17333 0.469
4170 0.079
18216 0.735
18717 0.653
5381 0.424
22469 0.059
19883 0.106
21640 0.161
20904 0.319
23044 0.947
3786 0.216
1270 0.783
13748 0.375
12506 0.874
4487 0.350
10746 0.625
4270 0.910
11042 0.221
14234 0.108
20069 0.512
6382 0.574
16774 0.629
4916 0.443
5774 0.497
6789 0.370
24212 0.345
15651 0.544
20549 0.307
20824 0.948
19455 0.884
7072 0.648
21071 0.891
2179 0.970
2020 0.280
14805 0.939
24255 0.441
7499 0.898
7626 0.578
21908 0.797
642 0.412
13521 0.205
22962 0.629
15740 0.574
15042 0.430
11379 0.062
6941 0.990
6435 0.326
7438 0.843
17668 0.064
9671 0.184
10380 0.743
21648 0.387
3880 0.541
24380 0.891
8804 0.747
17452 0.601
17823 0.514
13094 0.012
19724 0.655
16087 0.583
7590 0.308
22869 0.845
1830 0.578
6013 0.523
20579 0.483
20276 0.901
1694 0.932
23464 0.539
5716 0.723
13447 0.550
23044 0.921
19199 0.003
11713 0.451
24790 0.599
22436 0.322
993 0.383
16711 0.865
4805 0.882
17350 0.288
4151 0.970
1480 0.193
23452 0.220
13074 0.975
19626 0.094
2531 0.649
14965 0.923
20006 0.416
10500 0.132
23708 0.280
1583 0.919
8511 0.763
21215 0.435
15422 0.377
18201 0.581
7344 0.018
6600 0.852
22130 0.147
16512 0.244
23093 0.399
17303 0.402
23177 0.763
17987 0.759
22329 0.392
14417 0.720
8004 0.378
4603 0.837
12173 0.476
17349 0.492
15623 0.290
8411 0.274
3520 0.822
5599 0.218
15590 0.713
13215 0.557
9494 0.346
1975 0.328
6027 0.072
24985 0.900
11845 0.089
14864 0.523
1110 0.581
12075 0.790
4455 0.425
6003 0.947
17968 0.479
1308 0.359
15273 0.551
18193 0.362
6654 0.519
2869 0.208
13229 0.654
16570 0.866
8568 0.090
5513 0.112
10239 0.444
6669 0.589
20275 0.865
20253 0.537
14092 0.511
5001 0.242
17752 0.967
18945 0.892
7338 0.225
11606 0.988
16018 0.197
3863 0.825
5223 0.487
20823 0.400
11413 0.968
24064 0.667
15002 0.638
14759 0.557
8996 0.126
5483 0.446
3279 0.256
8345 0.462
14592 0.648
20665 0.373
21777 0.938
15515 0.632
20589 0.497
19792 0.782
8571 0.527
15 0.706
2606 0.945
8394 0.009
5610 0.244
1752 0.472
15697 0.832
16663 0.238
11462 0.365
1231 0.271
3989 0.396
23522 0.773
22062 0.499
1535 0.459
12551 0.004
4731 0.216
1176 0.788
20035 0.007
22570 0.383
17133 0.802
13988 0.925
21440 0.228
3995 0.702
14774 0.790
5042 0.600
12521 0.233
13240 0.376
4412 0.586
15369 0.574
23891 0.746
5714 0.018
2858 0.411
2742 0.357
2439 0.680
6982 0.588
22487 0.046
24670 0.525
3612 0.059
10275 0.999
15696 0.124
15652 0.173
12617 0.029
10560 0.248
22191 0.071
13731 0.690
13808 0.738
2786 0.088
21893 0.240
5377 0.025
14725 0.685
2675 0.446
8755 0.952
10498 0.979
9581 0.724
687 0.561
15790 0.503
17102 0.617
4147 0.207
10890 0.173
24065 0.257
16342 0.554
3970 0.698
20328 0.789
16471 0.512
23127 0.877
6211 0.391
9539 0.183
22131 0.008
1107 0.972
12585 0.179
466 0.770
10454 0.163
7203 0.531
9757 0.946
20986 0.863
5782 0.210
24500 0.342
7433 0.037
5726 0.872
8650 0.495
23344 0.602
16006 0.920
18149 0.654
20950 0.854
12097 0.280
21745 0.852
12951 0.602
11720 0.552
22577 0.662
10210 0.975
15984 0.962
22703 0.773
22696 0.778
17195 0.383
4319 0.960
5830 0.179
21156 0.932
10203 0.424
22431 0.516
19528 0.718
7500 0.604
20177 0.024
15726 0.645
16849 0.308
6673 0.176
9760 0.637
12114 0.991
4286 0.008
23571 0.899
24002 0.757
3552 0.806
24050 0.682
2609 0.405
14108 0.041
6037 0.730
5915 0.480
22503 0.004
11646 0.128
4218 0.775
20892 0.027
9919 0.892
1226 0.283
2085 0.587
20044 0.339
20952 0.990
12230 0.565
14560 0.890
16236 0.042
16848 0.497
10330 0.668
8146 0.588
18596 0.793
214 0.351
20997 0.582
7360 0.833
19603 0.390
13105 0.013
17626 0.076
13141 0.335
6252 0.259
12571 0.754
23342 0.136
20129 0.378
10592 0.016
15298 0.427
14289 0.047
12720 0.158
1850 0.414
24208 0.767
12192 0.120
1799 0.540
13039 0.655
8097 0.873
14093 0.331
21668 0.445
6932 0.905
8247 0.133
4319 0.843
10409 0.332
6718 0.047
21721 0.012
24039 0.277
18724 0.992
7726 0.906
4866 0.186
23355 0.717
14967 0.439
2539 0.280
10062 0.871
18163 0.897
5075 0.890
22068 0.379
5217 0.768
9695 0.372
22452 0.303
8400 0.836
19233 0.194
13856 0.108
8345 0.989
24285 0.337
21578 0.497
17593 0.146
13244 0.688
15284 0.751
8250 0.759
3048 0.395
6772 0.856
13313 0.874
14304 0.285
23499 0.582
5197 0.087
10280 0.637
15684 0.612
19410 0.305
16813 0.885
24866 0.140
6985 0.562
16875 0.891
19824 0.314
16597 0.138
11830 0.296
8739 0.160
7085 0.459
15594 0.861
6607 0.365
22999 0.300
7635 0.358
15203 0.050
5826 0.145
7941 0.717
24997 0.725
624 0.214
6203 0.934
5474 0.095
18207 0.933
15973 0.252
14678 0.089
19812 0.195
2664 0.812
7152 0.332
5043 0.951
2169 0.165
6571 0.435
3869 0.556
12595 0.341
7683 0.709
18027 0.063
16706 0.766
10168 0.280
1436 0.097
23299 0.682
24377 0.949
8783 0.417
16168 0.585
22226 0.735
8506 0.161
17885 0.837
12271 0.801
15884 0.493
22044 0.453
11201 0.512
13745 0.704
7855 0.088
16540 0.248
2410 0.096
20070 0.543
23015 0.776
5106 0.431
8409 0.112
8099 0.014
13275 0.770
6736 0.863
13211 0.066
433 0.412
22134 0.134
24403 0.336
10703 0.544
6956 0.915
7811 0.284
20211 0.585
12886 0.720
24791 0.694
18671 0.332
9962 0.276
16901 0.284
3259 0.172
7254 0.751
14175 0.780
5731 0.568
6515 0.014
10356 0.886
18544 0.051
19076 0.814
15928 0.125
21655 0.980
11562 0.376
6434 0.796
6520 0.861
13201 0.947
11088 0.858
13974 0.671
23762 0.319
14537 0.155
17458 0.808
1205 0.721
19400 0.731
3649 0.474
16452 0.702
23747 0.852
1223 0.058
2381 0.936
2673 0.495
23952 0.674
19583 0.296
2153 0.644
17893 0.387
12251 0.591
8783 0.818
4408 0.378
5749 0.581
24422 0.132
19284 0.309
15737 0.438
19640 0.291
10881 0.362
17816 0.823
17303 0.509
21780 0.049
8098 0.691
11111 0.148
23693 0.844
10405 0.992
9016 0.732
4844 0.133
4706 0.647
12858 0.492
13860 0.592
13856 0.273
6560 0.045
19030 0.189
20889 0.314
18759 0.239
6264 0.979
12069 0.395
11879 0.505
7897 0.413
5764 0.826
15603 0.498
15048 0.690
15878 0.448
1537 0.855
24963 0.511
13683 0.841
17074 0.900
19074 0.382
8051 0.602
4465 0.279
16931 0.503
12297 0.754
5582 0.592
10681 0.469
8282 0.713
13974 0.396
2528 0.925
3385 0.901
23455 0.022
22780 0.840
4134 0.220
11525 0.735
11287 0.662
11117 0.757
19973 0.137
21420 0.290
5641 0.034
2187 0.560
5787 0.686
10935 0.352
5127 0.119
7008 0.897
13217 0.590
20767 0.362
12092 0.306
14067 0.593
1493 0.715
612 0.533
15295 0.317
14592 0.518
7892 0.258
6172 0.697
11698 0.357
758 0.342
13122 0.440
7164 0.944
18495 0.188
2213 0.935
2738 0.656
4379 0.970
24691 0.278
22088 0.133
6908 0.871
11168 0.757
9744 0.647
13230 0.124
6155 0.268
14028 0.714
19909 0.355
18414 0.028
16711 0.662
7975 0.301
8073 0.980
20592 0.001
3450 0.478
11291 0.613
16478 0.797
14900 0.297
15517 0.066
5558 0.357
19981 0.162
12708 0.535
14096 0.241
3576 0.689
8434 0.222
19919 0.314
19986 0.510
8776 0.186
1775 0.608
12017 0.985
15843 0.265
6399 0.118
18061 0.933
8253 0.384
4954 0.463
7301 0.241
260 0.518
13883 0.385
13003 0.228
23826 0.875
9506 0.629
6260 0.382
6007 0.384
8381 0.365
18969 0.980
13 0.521
18042 0.319
9335 0.140
19535 0.210
5737 0.137
4500 0.026
2724 0.240
12068 0.917
16374 0.080
17926 0.405
2408 0.793
7339 0.359
18586 0.944
22640 0.889
21728 0.994
24171 0.384
4076 0.177
813 0.574
12593 0.981
12137 0.685
21516 0.426
19595 0.390
6789 0.559
4125 0.318
15874 0.622
16351 0.103
17705 0.550
19174 0.866
2452 0.227
1369 0.275
22293 0.470
9743 0.752
9201 0.866
4172 0.759
16976 0.274
21954 0.945
14855 0.402
8041 0.424
14615 0.410
13887 0.622
23473 0.509
1713 0.596
2814 0.512
13238 0.512
10303 0.159
2692 0.343
6798 0.034
18451 0.881
1508 0.577
15006 0.791
3663 0.918
14893 0.394
23459 0.200
23785 0.283
7856 0.788
10948 0.017
6395 0.814
572 0.595
12669 0.593
22900 0.965
24442 0.080
13762 0.890
16856 0.107
19318 0.603
14660 0.972
19700 0.149
22839 0.285
17806 0.895
5409 0.159
14589 0.892
5296 0.518
21209 0.076
8952 0.018
12136 0.569
22608 0.452
21692 0.719
13313 0.040
8424 0.440
3438 0.448
5403 0.258
22062 0.681
12317 0.216
2044 0.598
13248 0.050
3428 0.254
21336 0.579
15938 0.806
4090 0.892
7528 0.971
5859 0.327
7478 0.554
21200 0.504
24084 0.672
11767 0.444
15774 0.021
12018 0.378
5041 0.702
2619 0.029
22316 0.969
20944 0.440
15341 0.157
5070 0.776
22041 0.752
21125 0.787
20595 0.749
18583 0.288
12095 0.172
20288 0.486
17088 0.675
9479 0.294
16337 0.634
16053 0.175
3525 0.148
6977 0.690
6260 0.782
16287 0.926
2294 0.165
20131 0.022
6416 0.985
12695 0.745
20713 0.898
17565 0.587
10039 0.669
14444 0.273
2691 0.398
8317 0.414
3987 0.158
9197 0.810
18000 0.345
2305 0.849
11244 0.454
8943 0.439
19645 0.902
481 0.584
19618 0.213
21977 0.729
23023 0.328
2496 0.765
1484 0.731
22792 0.934
23756 0.969
813 0.300
3524 0.303
13800 0.805
13699 0.644
14793 0.032
3897 0.685
7693 0.024
16064 0.712
13671 0.157
5054 0.812
17826 0.282
8956 0.991
5016 0.163
11744 0.792
4766 0.259
1529 0.987
13301 0.812
1575 0.852
24615 0.200
21236 0.915
2243 0.457
12999 0.684
7863 0.673
2864 0.946
24026 0.316
5470 0.022
8729 0.253
10972 0.432
23813 0.888
64 0.418
2212 0.605
21089 0.579
17180 0.150
20083 0.849
14255 0.263
21122 0.637
913 0.647
8024 0.133
3168 0.423
6980 0.867
13729 0.021
6982 0.091
17198 0.094
18347 0.359
14227 0.681
1545 0.297
10136 0.892
588 0.983
17045 0.557
13169 0.281
12139 0.762
21655 0.162
13079 0.652
12687 0.014
23243 0.837
1579 0.709
12168 0.983
24713 0.719
1192 0.394
16714 0.557
3675 0.344
4163 0.490
17986 0.723
12746 0.273
18421 0.359
6946 0.256
15384 0.533
7948 0.758
21459 0.430
24062 0.915
17519 0.458
19481 0.596
5383 0.066
6884 0.782
13051 0.304
6092 0.531
19782 0.531
10276 0.780
18412 0.837
9373 0.796
16299 0.175
20332 0.188
11804 0.035
22325 0.027
8029 0.795
5790 0.036
15597 0.625
1490 0.439
3638 0.371
24722 0.629
24887 0.482
22092 0.707
4824 0.735
23786 0.152
6340 0.072
24108 0.647
19691 0.181
118 0.426
19229 0.891
4304 0.973
18923 0.112
2037 0.464
3505 0.526
2049 0.024
20930 0.279
5150 0.560
10383 0.681
5333 0.059
8649 0.661
15647 0.567
20400 0.135
21257 0.839
799 0.834
1413 0.402
10661 0.832
18052 0.139
19961 0.582
78 0.065
15561 0.302
6952 0.087
10580 0.453
11649 0.310
2663 0.416
119 0.193
6695 0.084
801 0.410
22550 0.226
10417 0.524
1235 0.939
6492 0.660
14953 0.055
21250 0.094
11480 0.812
22323 0.765
6631 0.850
15630 0.958
3161 0.582
6374 0.746
23530 0.874
23106 0.952
768 0.143
16563 0.973
18972 0.388
17303 0.262
23226 0.652
23392 0.433
10455 0.143
13481 0.729
24752 0.345
10195 0.970
19133 0.619
19946 0.963
12147 0.032
10124 0.583
4199 0.897
7113 0.465
16679 0.833
10421 0.380
14307 0.266
2437 0.428
5955 0.725
8933 0.786
21430 0.702
8618 0.110
12445 0.082
14221 0.875
11246 0.060
9853 0.943
12720 0.200
21382 0.799
333 0.162
16236 0.066
11376 0.460
22705 0.164
23786 0.887
1108 0.726
3250 0.186
17253 0.320
16197 0.297
14501 0.552
16125 0.665
17889 0.058
2007 0.072
7768 0.269
23073 0.790
12691 0.956
7737 0.324
2645 0.887
23327 0.735
5956 0.622
24983 0.658
2014 0.948
22848 0.217
4681 0.414
18623 0.695
5829 0.298
23378 0.837
18096 0.305
22930 0.969
24834 0.621
15159 0.097
6448 0.510
9486 0.452
19245 0.131
15562 0.146
14902 0.225
23461 0.204
24053 0.008
24289 0.490
14689 0.065
22206 0.668
7909 0.565
3952 0.233
22053 0.889
8357 0.763
5851 0.465
5993 0.789
10061 0.121
14685 0.063
12504 0.222
7356 0.482
8529 0.381
14565 0.005
20811 0.116
1005 0.932
369 0.601
17220 0.668
20313 0.287
11476 0.775
10869 0.721
25004 0.707
16732 0.871
22524 0.773
10828 0.842
10004 0.380
23347 0.006
24846 0.191
24081 0.041
2329 0.635
21484 0.875
19659 0.967
18895 0.708
375 0.748
18334 0.438
13043 0.342
5939 0.077
1719 0.579
2543 0.711
23481 0.142
13549 0.792
1960 0.044
13199 0.721
14710 0.866
16066 0.342
4156 0.679
2213 0.371
7908 0.716
21912 0.921
8963 0.285
450 0.492
10168 0.373
2428 0.910
3099 0.378
1255 0.635
9030 0.810
2527 0.802
1150 0.288
15187 0.483
16506 0.290
14144 0.798
11489 0.706
751 0.391
9134 0.928
24019 0.451
11864 0.027
23620 0.629
4767 0.075
8012 0.222
10447 0.286
17434 0.328
21254 0.776
18122 0.655
6964 0.382
11936 0.522
13868 0.846
15659 0.538
2930 0.519
12371 0.040
3127 0.099
23482 0.026
1484 0.516
5411 0.552
24833 0.717
14704 0.489
9283 0.340
1352 0.318
226 0.485
21895 0.250
11100 0.269
2756 0.372
3373 0.838
13863 0.726
7176 0.692
23104 0.425
22396 0.631
11316 0.308
4642 0.952
20352 0.832
20408 0.317
17580 0.996
19080 0.083
7142 0.602
1613 0.173
22651 0.534
3310 0.942
19914 0.024
12693 0.758
8385 0.354
5094 0.815
3495 0.284
20803 0.837
5036 0.420
21557 0.158
11701 0.147
13870 0.840
13721 0.830
246 0.661
3116 0.913
16504 0.371
11007 0.458
1834 0.180
6852 0.449
6772 0.032
18847 0.390
4830 0.704
4039 0.891
835 0.320
7420 0.037
24900 0.282
22719 0.353
22151 0.431
2509 0.613
23421 0.362
3475 0.469
18253 0.197
19859 0.486
15092 0.426
210 0.347
23852 0.540
11626 0.029
6238 0.591
8329 0.831
18880 0.519
8659 0.489
10039 0.891
22037 0.844
12298 0.954
11308 0.064
3860 0.672
6499 0.799
24427 0.048
1591 0.941
22591 0.264
17392 0.705
15569 0.287
17400 0.849
10088 0.482
13802 0.599
14309 0.690
18724 0.495
6 0.911
12080 0.432
1053 0.993
1702 0.515
19237 0.286
24572 0.987
4233 0.441
20775 0.852
23608 0.639
6918 0.009
17877 0.160
23808 0.709
14949 0.238
11904 0.590
21164 0.056
9098 0.797
20506 0.319
6491 0.219
20860 0.040
4702 0.728
13865 0.984
13973 0.640
14507 0.025
20281 0.080
3375 0.742
20051 0.134
368 0.695
12482 0.969
12925 0.529
3966 0.017
11001 0.056
12435 0.323
19930 0.392
24139 0.205
5703 0.215
19492 0.914
11373 0.563
12817 0.360
20135 0.962
17381 0.588
20786 0.621
4662 0.082
3629 0.352
5460 0.486
11508 0.200
14254 0.061
12844 0.805
21670 0.595
5479 0.144
136 0.426
7670 0.832
6994 0.454
21043 0.037
6633 0.445
14983 0.318
6127 0.132
14663 0.742
2981 0.826
3474 0.025
4732 0.125
20878 0.836
3909 0.904
15905 0.733
22267 0.547
14887 0.248
6013 0.904
22610 0.879
12364 0.321
14088 0.807
9653 0.104
21689 0.784
3537 0.696
23045 0.473
9201 0.848
19055 0.407
21032 0.019
8951 0.781
12411 0.423
2481 0.433
17086 0.720
1990 0.672
22205 0.159
17127 0.521
23218 0.140
8817 0.438
24348 0.461
14312 0.689
6585 0.803
14900 0.101
1876 0.832
12664 0.284
7408 0.297
924 0.384
3125 0.177
15085 0.899
2504 0.812
7870 0.410
22129 0.887
19909 0.894
12196 0.730
6723 0.556
14146 0.397
15947 0.535
7179 0.635
21774 0.182
3703 0.633
7133 0.867
11815 0.239
2328 0.207
10813 0.712
20280 0.603
12594 0.086
5018 0.691
16001 0.078
7625 0.256
11777 0.180
19400 0.912
23584 0.388
18093 0.847
13628 0.825
306 0.636
11911 0.584
12274 0.602
24500 0.532
24971 0.278
7132 0.285
24091 0.967
20718 0.649
8245 0.014
5740 0.472
3409 0.483
961 0.424
15551 0.186
22074 0.948
14559 0.630
597 0.769
19680 0.631
21442 0.233
8864 0.543
9078 0.414
