5000
20935 0.582
9072 0.661
17958 0.741
20297 0.993
16004 0.605
10617 0.062
598 0.662
1701 0.902
372 0.046
8301 0.881
5282 0.459
15972 0.364
10897 0.578
20285 0.963
2474 0.829
19470 0.998
884 0.797
16806 0.018
19790 0.028
8851 0.461
17272 0.689
18914 0.271
1441 0.114
7274 0.997
21735 0.431
12234 0.963
13549 0.268
18020 0.723
6334 0.823
10527 0.841
19908 0.507
19629 0.923
13471 0.051
11153 0.315
12173 0.849
16677 0.647
442 0.780
12866 0.888
18470 0.361
18821 0.219
14856 0.812
20007 0.472
7701 0.937
19418 0.443
18554 0.289
16003 0.893
6642 0.211
21623 0.520
4926 0.606
14053 0.367
15517 0.883
18019 0.689
8860 0.688
21452 0.197
4242 0.835
9076 0.093
2044 0.637
375 0.039
11401 0.755
8025 0.410
256 0.903
7725 0.840
5862 0.349
6078 0.924
6759 0.811
19694 0.036
3900 0.152
6800 0.505
9257 0.804
6792 0.242
15915 0.148
18653 0.188
14954 0.035
15033 0.573
17222 0.352
4945 0.103
21828 0.783
15493 0.695
1008 0.258
16432 0.096
2042 0.282
18568 0.977
1226 0.590
7360 0.683
4097 0.946
49 0.565
3932 0.561
20605 0.470
9324 0.894
3528 0.583
9300 0.068
16453 0.768
21001 0.545
3170 0.244
17256 0.066
10275 0.292
10099 0.291
12730 0.457
17267 0.766
17378 0.584
13903 0.222
3540 0.637
3588 0.201
20295 0.772
1831 0.807
15117 0.913
2083 0.934
17181 0.028
16871 0.967
9606 0.194
8324 0.843
9916 0.236
10720 0.061
21112 0.050
1804 0.895
17048 0.601
9528 0.118
2970 0.722
12475 0.147
264 0.323
22320 0.431
875 0.932
141 0.420
4100 0.603
5643 0.494
11515 0.632
1532 0.025
3286 0.080
12378 0.613
810 0.314
7568 0.526
4469 0.359
17425 0.028
3993 0.775
384 0.331
8394 0.579
8326 0.748
22298 0.096
2962 0.664
17114 0.019
5883 0.285
17103 0.428
6332 0.969
239 0.239
2659 0.602
15653 0.347
13744 0.745
8759 0.873
17343 0.992
1919 0.703
14308 0.547
17437 0.903
14611 0.889
21770 0.243
3760 0.420
13339 0.583
140 0.251
4234 0.849
14796 0.614
10245 0.815
13179 0.806
6932 0.294
9845 0.474
22015 0.833
2209 0.805
20318 0.262
1134 0.892
22454 0.867
6115 0.659
5836 0.233
15150 0.943
13219 0.990
6254 0.870
8148 0.008
14243 0.227
13275 0.854
14435 0.342
12123 0.358
9170 0.084
2789 0.050
15509 0.396
19553 0.351
15286 0.167
20604 0.427
2070 0.911
18407 0.147
14648 0.349
3322 0.306
16196 0.838
9124 0.953
8206 0.826
10420 0.480
9279 0.650
20469 0.363
300 0.139
7802 0.002
20721 0.706
19623 0.764
5734 0.360
20943 0.362
18074 0.277
7395 0.157
17501 0.357
17508 0.420
3134 0.971
1094 0.073
14220 0.268
10089 0.336
7116 0.143
3014 0.666
13525 0.034
4741 0.890
2826 0.371
15246 0.123
3695 0.484
20144 0.487
1914 0.874
6897 0.500
9017 0.558
10214 0.354
15610 0.149
7453 0.158
11318 0.233
16712 0.554
8904 0.138
4271 0.431
9593 0.675
14046 0.255
18573 0.856
20233 0.099
20250 0.723
6416 0.754
6950 0.140
19137 0.588
12534 0.240
3085 0.879
1923 0.713
11205 0.239
1333 0.501
13949 0.077
3611 0.259
7835 0.440
17345 0.967
3971 0.818
6161 0.487
15173 0.015
16032 0.639
5857 0.078
20980 0.776
1256 0.062
14055 0.810
1547 0.475
4161 0.568
17201 0.798
8129 0.244
3606 0.464
16663 0.185
2482 0.215
11918 0.244
2813 0.017
16435 0.016
21497 0.973
21880 0.029
13723 0.005
1457 0.177
11647 0.478
11651 0.466
4702 0.119
9780 0.723
20726 0.433
16678 0.834
8656 0.838
950 0.398
9854 0.683
11107 0.789
8395 0.737
11320 0.818
791 0.151
5593 0.928
10197 0.042
13931 0.086
10847 0.349
16057 0.401
8005 0.434
20612 0.071
22676 0.025
13981 0.285
19436 0.511
13765 0.930
15568 0.577
16322 0.418
9154 0.402
733 0.957
1955 0.439
1397 0.243
20673 0.832
21527 0.740
12406 0.732
2711 0.519
107 0.150
19722 0.654
12359 0.526
21694 0.625
11611 0.305
1780 0.914
4915 0.278
2982 0.853
14049 0.409
18432 0.255
19440 0.472
4338 0.138
6579 0.963
12384 0.867
20307 0.335
16695 0.070
20679 0.876
2583 0.025
13000 0.646
337 0.808
618 0.470
15204 0.377
13993 0.255
14045 0.202
7896 0.886
3241 0.928
9252 0.783
1716 0.471
18648 0.229
15542 0.849
62 0.958
4373 0.155
9202 0.455
9090 0.160
10509 0.171
7618 0.479
4144 0.586
2025 0.707
6247 0.294
21709 0.777
11435 0.999
20244 0.620
19701 0.468
15840 0.521
1402 0.969
22261 0.400
7659 0.715
9570 0.173
8975 0.068
22247 0.021
11548 0.704
20700 0.960
13679 0.584
16575 0.579
14834 0.296
798 0.180
695 0.971
20250 0.045
13100 0.030
19186 0.182
9753 0.771
14615 0.395
16256 0.571
12428 0.804
19460 0.559
16490 0.120
9055 0.780
10533 0.263
4155 0.841
16812 0.411
10811 0.878
4457 0.354
4182 0.636
15557 0.009
12262 0.845
17463 0.344
15417 0.142
21035 0.232
15727 0.563
11637 0.188
11156 0.069
6085 0.847
17936 0.749
8570 0.676
7174 0.413
6033 0.140
14889 0.500
4982 0.346
13787 0.781
4784 0.679
3488 0.987
7615 0.213
9593 0.860
12172 0.633
12323 0.044
8987 0.712
9832 0.588
5428 0.614
15328 0.419
13754 0.966
5629 0.470
4951 0.256
9734 0.959
418 0.389
10348 0.796
15251 0.728
13052 0.474
21450 0.172
12155 0.496
14544 0.566
12853 0.951
2377 0.873
7202 0.910
780 0.055
2200 0.205
6308 0.610
21051 0.248
891 0.399
6546 0.176
9851 0.044
9085 0.105
15395 0.188
7195 0.177
10130 0.557
5662 0.738
6357 0.206
14488 0.797
19145 0.003
21832 0.478
6928 0.336
17718 0.005
7903 0.120
20087 0.520
9166 0.208
12216 0.370
19687 0.708
19507 0.648
17215 0.498
6348 0.200
10549 0.261
2535 0.668
21825 0.044
22034 0.459
17053 0.539
19077 0.060
1491 0.391
21447 0.327
22243 0.521
514 0.634
6903 0.017
10876 0.912
20430 0.573
13432 0.627
4532 0.963
14027 0.222
17808 0.118
6415 0.442
20992 0.218
13405 0.051
2300 0.833
18132 0.230
12154 0.116
10956 0.168
12547 0.146
6635 0.139
9986 0.499
14291 0.294
18240 0.465
13354 0.038
13680 0.434
2134 0.131
11930 0.363
18031 0.480
17919 0.369
11607 0.617
914 0.896
14565 0.517
5187 0.672
5736 0.679
20804 0.305
17124 0.605
19923 0.967
14883 0.334
7492 0.536
13998 0.638
13521 0.528
16035 0.087
12033 0.899
7017 0.842
20404 0.452
11277 0.369
11791 0.622
15066 0.923
22348 0.249
5801 0.212
8995 0.850
81 0.145
19549 0.194
835 0.407
2517 0.183
11376 0.004
1224 0.040
6815 0.342
4118 0.435
9263 0.170
10209 0.101
18312 0.421
8174 0.674
16905 0.992
1807 0.983
21533 0.989
22311 0.685
15029 0.843
7557 0.618
17734 0.654
9387 0.766
11086 0.651
4657 0.836
20201 0.268
10363 0.519
5223 0.880
15828 0.997
12239 0.354
13932 0.845
15190 0.526
10587 0.637
12998 0.629
3058 0.466
10502 0.575
9044 0.124
5661 0.466
9348 0.117
15032 0.426
8412 0.437
15827 0.413
12723 0.028
2725 0.820
17643 0.087
10197 0.921
20741 0.234
11577 0.218
6747 0.964
2004 0.435
8228 0.961
70 0.992
9673 0.615
9693 0.153
9626 0.448
19919 0.803
16319 0.111
9751 0.787
18636 0.500
6585 0.030
20401 0.249
16811 0.184
12357 0.035
14600 0.904
2655 0.991
3555 0.592
10427 0.183
15116 0.891
15198 0.085
6633 0.314
14411 0.587
32 0.986
14177 0.106
11369 0.097
13886 0.769
7613 0.698
3120 0.691
13173 0.915
21373 0.659
8614 0.483
20737 0.923
18909 0.122
750 0.311
17760 0.948
9137 0.241
298 0.271
21220 0.231
18639 0.093
1091 0.034
14524 0.227
8090 0.613
10008 0.476
13167 0.105
4050 0.163
8496 0.859
6707 0.026
6553 0.224
15408 0.277
3246 0.250
11075 0.980
2538 0.371
13843 0.928
219 0.687
22234 0.482
11097 0.002
3481 0.666
767 0.505
8717 0.431
9035 0.110
21202 0.909
14407 0.895
14620 0.118
10019 0.025
4602 0.785
17003 0.066
13995 0.304
6892 0.179
22683 0.297
11120 0.018
2379 0.089
12018 0.803
2246 0.499
1261 0.695
3321 0.476
22404 0.636
13820 0.456
13041 0.410
9127 0.116
16764 0.510
419 0.938
5353 0.921
1258 0.513
13421 0.058
14104 0.070
11938 0.051
4093 0.182
4758 0.396
13259 0.768
9684 0.242
8400 0.728
7931 0.355
4432 0.115
16942 0.229
8726 0.623
9576 0.015
9150 0.169
8496 0.852
15128 0.526
20258 0.726
15481 0.013
19124 0.876
19573 0.551
20043 0.318
1594 0.489
4316 0.028
16544 0.522
17687 0.091
12229 0.605
262 0.232
3613 0.812
2948 0.023
4125 0.446
2603 0.103
12397 0.566
10651 0.672
13436 0.523
256 0.250
13994 0.733
3933 0.687
4016 0.846
9247 0.986
3446 0.682
20428 0.895
887 0.697
12964 0.955
11126 0.199
19685 0.790
6400 0.850
19611 0.272
12873 0.960
6765 0.023
8803 0.366
12055 0.119
6352 0.805
8646 0.681
21640 0.228
3504 0.067
11517 0.429
9198 0.876
8601 0.482
5390 0.774
780 0.851
19508 0.109
16675 0.045
8762 0.756
17491 0.265
18851 0.911
17325 0.183
14004 0.175
8189 0.453
19981 0.362
21449 0.075
12465 0.835
21884 0.496
2529 0.280
804 0.089
6459 0.522
7289 0.338
13490 0.271
22448 0.546
20591 0.904
9244 0.750
17146 0.624
8365 0.835
12501 0.962
11739 0.804
21640 0.617
10725 0.689
21169 0.001
9251 0.303
185 0.943
14502 0.598
17776 0.680
4008 0.709
13082 0.498
5678 0.786
3624 0.904
17604 0.932
9620 0.453
19252 0.696
1836 0.225
2460 0.273
6676 0.521
2551 0.238
14603 0.684
2834 0.248
14585 0.367
20097 0.686
17688 0.441
20208 0.586
14723 0.923
14125 0.595
9371 0.892
365 0.362
15783 0.436
648 0.282
7360 0.495
17405 0.530
20696 0.652
10704 0.614
18651 0.664
14119 0.155
18931 0.811
10372 0.824
4860 0.657
15798 0.564
159 0.380
10687 0.860
761 0.626
7568 0.116
1529 0.869
21674 0.578
18304 0.162
3126 0.688
19677 0.767
13435 0.728
19503 0.882
4901 0.079
663 0.203
4857 0.359
22305 0.598
21704 0.582
4341 0.269
7553 0.736
10434 0.469
5215 0.906
12876 0.778
22597 0.074
17214 0.961
8978 0.861
3615 0.727
2635 0.860
6119 0.042
16214 0.974
21746 0.048
21990 0.844
12508 0.024
513 0.127
21183 0.862
12338 0.158
6828 0.904
11491 0.221
2539 0.012
19848 0.069
14378 0.443
3857 0.019
22014 0.785
4914 0.359
11783 0.563
14612 0.002
17356 0.051
20833 0.900
19963 0.509
19880 0.954
942 0.711
18143 0.999
20682 0.306
20897 0.948
3377 0.768
4127 0.991
574 0.792
18746 0.684
12727 0.292
13849 0.010
20235 0.179
18066 0.273
5490 0.347
10696 0.124
15123 0.119
3793 0.987
3997 0.734
22114 0.048
19662 0.575
8035 0.014
9050 0.815
11098 0.723
19748 0.471
6736 0.546
18843 0.504
17772 0.497
18908 0.102
10229 0.421
18324 0.984
13868 0.077
13487 0.827
21698 0.689
867 0.387
9055 0.321
14833 0.652
9326 0.518
14758 0.115
15453 0.356
12185 0.128
15408 0.556
12773 0.018
1651 0.332
12871 0.093
2346 0.318
10411 0.205
3405 0.589
16475 0.239
3640 0.032
15375 0.039
6659 0.013
21938 0.734
15661 0.481
13240 0.753
7520 0.474
13724 0.416
14588 0.935
241 0.605
1022 0.159
15769 0.549
16912 0.912
10484 0.952
9127 0.531
16112 0.359
165 0.355
1822 0.814
23 0.912
20794 0.362
7131 0.878
12974 0.942
10509 0.058
21916 0.483
22103 0.412
13848 0.253
11576 0.345
1890 0.672
15195 0.026
21772 0.591
19821 0.119
213 0.662
5513 0.231
9618 0.381
5564 0.496
13481 0.495
17103 0.090
15958 0.927
11755 0.732
10785 0.879
8569 0.089
17242 0.917
21395 0.981
10230 0.983
350 0.294
6539 0.069
7356 0.283
9492 0.801
20035 0.972
22550 0.046
21447 0.190
8813 0.752
9703 0.433
2974 0.394
21813 0.477
4055 0.722
17789 0.666
6552 0.971
11520 0.805
5961 0.769
14270 0.407
2303 0.415
17189 0.411
20065 0.129
905 0.048
6576 0.983
278 0.550
9752 0.881
17047 0.065
20763 0.324
19267 0.310
12729 0.125
3520 0.106
8808 0.432
4183 0.719
13318 0.087
2707 0.490
20457 0.617
19521 0.818
9564 0.264
21977 0.808
3130 0.681
15889 0.668
1417 0.880
8078 0.181
13456 0.387
20815 0.485
17461 0.723
5672 0.960
14732 0.330
14445 0.031
21265 0.690
18784 0.081
213 0.850
13069 0.689
3693 0.303
13567 0.530
21871 0.345
3721 0.780
2469 0.903
11330 0.763
19598 0.505
21463 0.823
2777 0.880
21135 0.689
21216 0.613
15113 0.270
2097 0.173
17600 0.383
13782 0.378
7256 0.065
16088 0.014
6441 0.951
13958 0.343
20359 0.457
17428 0.446
22590 0.210
18225 0.897
4937 0.031
12803 0.541
292 0.389
14524 0.434
11976 0.896
14270 0.736
5143 0.262
14731 0.469
15181 0.126
859 0.415
7783 0.249
13962 0.385
21104 0.384
5548 0.604
19482 0.643
21847 0.773
18405 0.656
17953 0.727
17954 0.236
9684 0.147
10559 0.907
296 0.695
20688 0.802
16842 0.691
10737 0.869
3698 0.541
7369 0.210
5181 0.753
7374 0.783
15126 0.911
3519 0.652
14757 0.934
4833 0.468
15912 0.490
9 0.814
8693 0.857
3245 0.122
22032 0.173
5167 0.921
2064 0.454
1824 0.419
1381 0.743
739 0.294
15152 0.895
10465 0.819
21954 0.861
4452 0.744
11138 0.483
14185 0.901
8482 0.454
6375 0.703
9365 0.240
4318 0.936
16110 0.251
16397 0.516
3189 0.116
17439 0.645
14671 0.380
11186 0.313
19119 0.035
3876 0.965
12921 0.346
21270 0.279
17750 0.116
21133 0.071
18770 0.048
11908 0.032
6248 0.139
11800 0.869
14267 0.833
10088 0.214
16459 0.623
17530 0.776
14329 0.931
545 0.963
713 0.179
9798 0.918
2682 0.387
20031 0.497
12237 0.072
11390 0.140
17736 0.874
15496 0.932
1230 0.330
9799 0.082
5184 0.219
16319 0.184
21932 0.127
9397 0.165
17915 0.274
22032 0.594
4492 0.823
11366 0.284
6617 0.685
9762 0.660
22679 0.180
12531 0.497
7542 0.282
14520 0.177
8793 0.209
20292 0.378
7788 0.220
3516 0.045
19164 0.230
20447 0.381
16207 0.840
15526 0.324
21913 0.555
20128 0.710
13462 0.144
9361 0.386
21951 0.859
15073 0.613
22157 0.309
6096 0.169
18279 0.943
7900 0.684
13032 0.364
3193 0.831
11045 0.708
20617 0.997
1018 0.321
3939 0.855
3819 0.754
7948 0.156
15537 0.365
18532 0.434
15250 0.452
17758 0.061
9222 0.242
13507 0.653
3565 0.680
15964 0.410
4728 0.553
13391 0.491
15655 0.932
1571 0.591
10608 0.526
17881 0.541
21734 0.370
4309 0.280
4622 0.076
12511 0.634
721 0.156
21627 0.049
17249 0.478
12206 0.462
20567 0.136
15828 0.543
5561 0.093
9158 0.342
7239 0.484
20840 0.329
14852 0.009
4951 0.619
16616 0.784
15653 0.968
8909 0.747
9335 0.963
876 0.173
12227 0.128
3391 0.317
7269 0.964
7342 0.650
2820 0.956
14465 0.473
13653 0.029
21120 0.849
20315 0.688
9452 0.165
12263 0.565
5573 0.351
20323 0.933
3668 0.016
9845 0.601
8211 0.937
10096 0.877
8114 0.241
8473 0.276
14360 0.135
12967 0.355
5537 0.298
7467 0.585
2107 0.703
21735 0.188
8786 0.998
18028 0.527
8700 0.445
14176 0.634
2179 0.646
10465 0.126
10867 0.542
21403 0.380
12510 0.250
10242 0.939
1088 0.657
6798 0.151
17442 0.307
5992 0.209
17599 0.670
7219 0.020
929 0.811
7344 0.401
16740 0.810
15576 0.363
20929 0.177
18882 0.907
16254 0.951
11837 0.082
15822 0.488
5645 0.921
21216 0.703
3645 0.907
5022 0.226
13096 0.414
4923 0.658
9298 0.032
12596 0.746
22103 0.100
19969 0.147
356 0.063
4359 0.504
2187 0.514
20136 0.840
6307 0.369
1078 0.112
5 0.295
17500 0.836
22566 0.105
5831 0.321
1621 0.675
906 0.590
11840 0.729
4704 0.543
14985 0.773
13408 0.690
22080 0.886
21491 0.787
16573 0.180
19254 0.343
10866 0.557
12956 0.761
22540 0.355
13109 0.528
3436 0.158
15555 0.038
3792 0.440
16104 0.236
17820 0.180
6099 0.841
3215 0.324
2100 0.615
10921 0.008
10030 0.422
15163 0.041
15406 0.123
1098 0.329
17319 0.534
7191 0.111
7415 0.880
10364 0.940
2556 0.001
6924 0.614
3828 0.671
740 0.627
13128 0.861
4229 0.985
12357 0.807
10325 0.765
22523 0.151
12720 0.097
5884 0.432
18723 0.422
17433 0.310
9974 0.885
9653 0.066
8516 0.065
12398 0.907
667 0.830
16939 0.358
6189 0.478
6639 0.862
9187 0.463
464 0.257
18980 0.708
20223 0.853
10218 0.653
11243 0.500
11273 0.192
6658 0.175
20324 0.139
1545 0.002
5537 0.281
7736 0.104
8382 0.822
1123 0.685
14153 0.925
13672 0.709
8933 0.231
16085 0.469
12707 0.268
4982 0.087
9403 0.048
3116 0.815
4718 0.977
19639 0.619
8339 0.419
11819 0.786
18894 0.184
21299 0.137
1978 0.151
7367 0.617
22130 0.636
11777 0.306
7650 0.345
4214 0.600
13927 0.733
21778 0.112
11770 0.549
10097 0.942
3097 0.464
12387 0.687
3508 0.374
17795 0.018
2651 0.991
18527 0.991
10089 0.855
13147 0.840
15302 0.755
3699 0.655
1312 0.749
10942 0.458
8970 0.694
9785 0.794
18506 0.689
1463 0.653
11056 0.770
7814 0.027
8584 0.357
18643 0.369
9553 0.092
8572 0.046
13220 0.601
13519 0.544
3062 0.569
20474 0.634
9362 0.625
14580 0.628
16835 0.925
7721 0.807
15113 0.248
1836 0.874
6666 0.778
14010 0.777
19104 0.615
4129 0.520
10241 0.518
1484 0.031
4457 0.802
9862 0.712
4642 0.612
5434 0.097
19872 0.152
6198 0.794
22579 0.166
14183 0.658
13398 0.962
21313 0.417
10385 0.797
7528 0.515
20943 0.118
5690 0.922
12238 0.610
805 0.636
7954 0.764
5927 0.259
16956 0.858
3376 0.659
6754 0.108
7425 0.903
18041 0.138
6320 0.068
12141 0.396
130 0.562
2015 0.644
11876 0.044
22008 0.473
5779 0.153
11680 0.081
16615 0.391
10046 0.982
5592 0.506
5433 0.594
21846 0.267
4269 0.939
8192 0.758
7716 0.583
21652 0.965
4551 0.581
8993 0.905
15610 0.217
16451 0.151
139 0.959
14028 0.218
6531 0.111
8142 0.846
19602 0.915
2925 0.609
19514 0.282
10362 0.146
15059 0.449
21571 0.624
5171 0.996
17910 0.663
9219 0.436
14037 0.737
7746 0.918
19736 0.584
4403 0.923
3763 0.056
20553 0.003
9251 0.730
16587 0.295
8397 0.659
16840 0.018
5732 0.677
5154 0.226
7862 0.786
9046 0.411
20075 0.193
5330 0.471
19628 0.900
11358 0.797
12418 0.117
17309 0.203
15031 0.933
21670 0.571
10031 0.615
13413 0.941
12582 0.483
6496 0.793
10386 0.520
15129 0.364
7258 0.934
3634 0.083
13492 0.710
5950 0.623
18964 0.653
5336 0.687
10209 0.583
12076 0.695
1575 0.881
13289 0.823
8294 0.190
15374 0.803
10105 0.826
21286 0.753
15529 0.239
9034 0.449
10667 0.108
9366 0.089
12941 0.763
13587 0.627
20618 0.805
7491 0.657
4183 0.932
10308 0.543
7386 0.112
1132 0.839
16299 0.533
16475 0.214
13739 0.850
19494 0.621
9929 0.806
13401 0.608
8149 0.366
20244 0.441
19608 0.624
13755 0.438
2877 0.554
7446 0.819
4410 0.907
8982 0.747
7208 0.249
1921 0.643
15205 0.360
5931 0.691
16955 0.299
3710 0.422
22506 0.653
1051 0.704
7783 0.436
13845 0.032
6910 0.284
21075 0.688
4750 0.745
6874 0.343
13325 0.294
16915 0.077
1640 0.055
6102 0.941
21988 0.090
9190 0.903
17389 0.627
15132 0.146
21260 0.753
12375 0.952
22308 0.844
13898 0.027
19847 0.293
33 0.083
6573 0.123
9788 0.560
11768 0.074
20407 0.845
13602 0.423
1296 0.257
3944 0.424
19510 0.119
1600 0.345
11428 0.215
8340 0.039
1674 0.610
1366 0.339
22582 0.257
12192 0.698
2646 0.538
22358 0.993
4179 0.941
11557 0.123
3608 0.994
19990 0.259
5565 0.065
22043 0.322
11530 0.759
17802 0.410
2206 0.291
16484 0.886
15177 0.768
18459 0.454
15979 0.278
20987 0.048
19897 0.675
16593 0.562
17387 0.646
21122 0.814
17685 0.575
9426 0.397
11679 0.185
1242 0.973
19000 0.984
9740 0.711
1671 0.812
2580 0.352
2667 0.003
17956 0.356
19138 0.914
22008 0.397
7339 0.359
15234 0.683
3753 0.157
20738 0.292
19552 0.097
14819 0.206
8329 0.825
17950 0.903
18994 0.814
18098 0.026
7799 0.977
8737 0.611
19322 0.605
1814 0.054
6356 0.755
5915 0.897
19429 0.800
3139 0.130
6405 0.181
8888 0.665
12169 0.391
18359 0.614
4852 0.548
5971 0.701
9700 0.856
11870 0.819
7030 0.123
20341 0.054
15515 0.809
16330 0.932
3469 0.602
20646 0.369
12744 0.475
20559 0.277
17056 0.442
9664 0.378
3748 0.408
5263 0.292
11499 0.532
11906 0.277
11413 0.793
11382 0.048
13166 0.111
13527 0.385
17279 0.670
11810 0.543
5766 0.983
20230 0.998
12982 0.865
19369 0.093
4320 0.917
11224 0.934
801 0.712
21316 0.753
642 0.872
9210 0.672
13788 0.360
4485 0.151
4208 0.350
16467 0.712
718 0.160
21556 0.808
15986 0.954
14890 0.931
13761 0.177
333 0.435
7281 0.098
15506 0.314
2322 0.519
10369 0.782
20123 0.450
13483 0.595
5331 0.924
6347 0.307
7429 0.576
12143 0.586
21003 0.303
547 0.068
19259 0.103
18939 0.991
11589 0.480
12239 0.674
12673 0.741
5745 0.044
10374 0.797
20297 0.112
11218 0.002
8533 0.311
19582 0.600
19855 0.245
5409 0.074
18201 0.261
22092 0.391
6260 0.017
6861 0.554
1997 0.929
1261 0.315
201 0.328
13008 0.406
21448 0.703
18818 0.511
20109 0.829
315 0.280
15139 0.310
6287 0.222
5377 0.648
6576 0.467
2029 0.401
14949 0.609
18639 0.184
15760 0.392
252 0.405
9834 0.767
4185 0.781
4254 0.551
16811 0.928
16671 0.233
4133 0.131
18870 0.733
15679 0.598
969 0.566
10126 0.177
9368 0.045
14178 0.957
10520 0.070
12249 0.169
7630 0.086
14736 0.141
18551 0.981
13098 0.246
17461 0.402
2874 0.151
10382 0.847
10141 0.513
5635 0.915
4325 0.275
20761 0.565
21247 0.700
6977 0.434
8582 0.675
16340 0.744
18521 0.967
9377 0.705
755 0.104
17485 0.445
155 0.270
992 0.322
12181 0.260
21522 0.401
12826 0.080
11549 0.124
2412 0.328
8846 0.088
8827 0.731
1594 0.458
7646 0.863
10732 0.143
11458 0.157
518 0.252
20079 0.275
16531 0.660
20909 0.499
20346 0.431
3705 0.666
162 0.405
5614 0.026
13235 0.132
17488 0.610
16792 0.736
11269 0.289
15468 0.175
15281 0.228
10672 0.447
3320 0.588
13994 0.434
8844 0.918
20554 0.522
19615 0.382
20019 0.990
5844 0.457
15467 0.231
9142 0.065
22592 0.691
17120 0.226
20071 0.388
20512 0.946
4883 0.172
10478 0.046
19958 0.540
13657 0.786
5926 0.745
7089 0.511
11038 0.938
10709 0.633
7277 0.761
513 0.900
14571 0.372
7589 0.062
3059 0.403
21239 0.187
7416 0.478
17410 0.690
8698 0.696
4137 0.123
2593 0.266
12981 0.146
1413 0.277
8566 0.792
11824 0.870
1282 0.673
20706 0.749
21655 0.443
5634 0.879
11405 0.458
15568 0.104
15457 0.443
21901 0.452
8808 0.094
13113 0.145
19183 0.482
4486 0.111
21834 0.303
14740 0.176
19160 0.458
19249 0.125
849 0.639
13439 0.148
21732 0.278
13046 0.342
20284 0.325
4524 0.524
10791 0.166
13029 0.479
16259 0.865
18486 0.064
18979 0.588
5338 0.688
12793 0.753
3706 0.686
9945 0.077
15960 0.160
9930 0.795
13658 0.822
17136 0.874
3891 0.052
18702 0.937
2494 0.375
5792 0.109
16206 0.183
20480 0.102
6834 0.696
11284 0.728
869 0.980
20929 0.896
9267 0.926
6749 0.449
14286 0.613
6158 0.774
17612 0.682
10323 0.858
13562 0.635
15751 0.764
14426 0.013
1439 0.291
11206 0.745
5155 0.185
15619 0.078
7721 0.641
20991 0.419
14973 0.204
8404 0.171
13134 0.655
1372 0.565
10661 0.252
9674 0.484
6631 0.839
5529 0.972
16869 0.939
13878 0.928
9835 0.982
6044 0.600
22146 0.113
13142 0.611
442 0.103
21803 0.722
5489 0.044
21135 0.815
16696 0.526
21603 0.121
2622 0.093
6290 0.190
13225 0.159
9929 0.014
8263 0.560
18582 0.928
2860 0.344
7577 0.609
689 0.337
1743 0.927
5858 0.295
17274 0.320
5576 0.161
8484 0.202
4929 0.352
12976 0.481
4155 0.002
3146 0.933
14748 0.226
19969 0.474
21662 0.094
166 0.906
6911 0.271
7386 0.551
11344 0.074
4743 0.552
13210 0.239
770 0.347
9413 0.076
9590 0.684
7251 0.340
7006 0.069
3901 0.549
19535 0.285
21869 0.944
18633 0.981
13809 0.815
18580 0.086
6609 0.659
14222 0.630
8783 0.602
7309 0.862
7817 0.741
19323 0.205
9002 0.676
19877 0.288
21292 0.069
20772 0.581
18982 0.705
5080 0.659
5239 0.592
17129 0.714
7980 0.484
11371 0.053
16618 0.764
4322 0.446
10082 0.334
5045 0.187
6457 0.610
11107 0.376
8091 0.012
2849 0.502
4498 0.264
21857 0.991
16667 0.145
12407 0.089
16288 0.503
1752 0.898
10815 0.999
19773 0.523
15666 0.846
9281 0.735
17778 0.535
3120 0.694
10324 0.609
7522 0.304
10218 0.597
17274 0.769
5465 0.171
8387 0.390
14407 0.618
3118 0.217
2908 0.701
2881 0.899
7700 0.318
1512 0.680
19139 0.157
18454 0.677
1248 0.853
14003 0.331
4861 0.824
252 0.599
8515 0.512
19554 0.391
11364 0.272
12432 0.387
7775 0.638
12926 0.158
17011 0.677
14657 0.274
6327 0.426
5281 0.623
11421 0.559
1974 0.689
8421 0.167
14803 0.640
10746 0.685
8340 0.646
10143 0.563
17253 0.368
19466 0.069
973 0.858
9351 0.643
10498 0.439
15194 0.012
8254 0.062
20974 0.709
8980 0.244
13775 0.237
5448 0.698
19106 0.518
8751 0.890
15628 0.770
3370 0.216
17798 0.144
3305 0.103
15891 0.501
16779 0.778
8948 0.776
15262 0.572
18232 0.926
10596 0.803
9438 0.176
13850 0.713
13632 0.279
18932 0.112
2262 0.823
22555 0.030
11780 0.325
8838 0.139
19499 0.074
21667 0.002
14404 0.125
10962 0.248
17174 0.560
4220 0.033
3655 0.835
9104 0.272
11487 0.747
6246 0.165
15889 0.366
13412 0.124
551 0.242
19416 0.096
21340 0.150
21546 0.632
15915 0.154
21345 0.867
12115 0.204
16447 0.027
6820 0.148
9075 0.357
8506 0.521
17703 0.359
14942 0.761
796 0.121
9012 0.127
18356 0.235
5341 0.375
6287 0.330
11853 0.296
20358 0.601
16772 0.350
11579 0.926
16178 0.448
8701 0.498
9498 0.675
6913 0.849
7147 0.673
9841 0.817
12199 0.222
18397 0.393
764 0.649
15753 0.300
12388 0.049
11879 0.629
12614 0.117
15413 0.740
204 0.727
18123 0.971
14735 0.748
21326 0.467
1706 0.528
19806 0.585
12719 0.486
15843 0.504
19783 0.084
19940 0.848
11692 0.104
16050 0.776
9178 0.327
4361 0.110
13490 0.060
5355 0.832
17452 0.665
13849 0.750
4189 0.043
9439 0.204
16400 0.652
11751 0.106
20287 0.919
2956 0.719
12777 0.517
6828 0.942
183 0.006
12814 0.094
1478 0.859
17223 0.874
7004 0.878
9954 0.405
19219 0.642
20752 0.738
14281 0.777
16271 0.909
15699 0.054
17516 0.333
5928 0.487
16954 0.232
21928 0.807
10293 0.250
21340 0.233
15434 0.020
3714 0.320
14632 0.747
9117 0.428
16835 0.269
19698 0.870
13183 0.438
1190 0.602
18184 0.928
15865 0.996
1437 0.496
14758 0.650
9372 0.688
20982 0.588
1061 0.173
22441 0.447
3527 0.038
6820 0.615
22480 0.156
4714 0.837
14785 0.159
15951 0.418
14315 0.719
18715 0.147
11206 0.180
7004 0.202
20006 0.364
7093 0.711
16865 0.915
4386 0.823
7153 0.601
3410 0.196
12692 0.773
9256 0.875
2634 0.439
11788 0.931
7213 0.316
712 0.598
21654 0.358
993 0.038
22600 0.056
14220 0.540
5037 0.607
5167 0.062
11331 0.107
4504 0.263
8930 0.986
13631 0.163
13699 0.970
10284 0.129
228 0.322
17451 0.286
12986 0.390
11223 0.223
19229 0.203
13477 0.566
11316 0.489
12348 0.106
13733 0.123
16798 0.287
21520 0.027
9320 0.225
1106 0.064
12792 0.521
20161 0.231
22504 0.693
595 0.209
16603 0.743
22439 0.649
21030 0.510
5121 0.015
17531 0.250
19346 0.873
20185 0.224
8698 0.628
6537 0.642
10986 0.687
11894 0.118
11869 0.871
5708 0.785
15124 0.595
13335 0.510
4595 0.842
7389 0.881
15242 0.182
9930 0.212
13874 0.407
5444 0.375
15717 0.113
1239 0.049
4259 0.517
2425 0.705
12368 0.317
8772 0.220
3078 0.821
13630 0.435
6403 0.917
1954 0.054
12501 0.916
13194 0.773
16364 0.419
3124 0.288
11912 0.475
12794 0.421
22219 0.028
13971 0.198
17562 0.425
4387 0.256
7493 0.430
12669 0.875
16601 0.528
17396 0.805
18579 0.155
13629 0.995
9875 0.217
20230 0.901
3124 0.570
14892 0.495
11550 0.579
22257 0.518
7714 0.947
18201 0.496
15782 0.328
22646 0.792
6147 0.981
1532 0.416
5392 0.446
16196 0.628
10061 0.891
21229 0.169
2816 0.436
1281 0.228
3179 0.905
5114 0.081
14325 0.689
2047 0.179
14633 0.011
11759 0.100
517 0.804
3188 0.177
20064 0.392
7538 0.991
22533 0.218
11873 0.860
2894 0.703
11179 0.937
7882 0.639
7159 0.525
8808 0.050
6611 0.316
12739 0.176
4225 0.700
14330 0.290
12493 0.542
12655 0.125
19845 0.098
22280 0.716
16494 0.911
15813 0.364
7034 0.978
5149 0.505
11583 0.774
9367 0.112
9338 0.586
9592 0.144
19942 0.009
11787 0.271
18407 0.554
3381 0.882
15183 0.530
11835 0.520
7998 0.153
9874 0.849
20836 0.835
17569 0.821
8696 0.163
13067 0.073
19138 0.611
9502 0.268
15289 0.820
21145 0.250
4098 0.288
15511 0.740
13302 0.296
8950 0.014
14824 0.576
19888 0.917
18400 0.592
16849 0.029
18121 0.922
19409 0.999
22657 0.513
11672 0.758
14098 0.236
13060 0.173
4002 0.509
3627 0.721
832 0.991
21890 0.471
2999 0.144
22132 0.511
5019 0.308
17846 0.007
20011 0.139
10066 0.218
4065 0.146
3591 0.200
3033 0.493
3882 0.471
21748 0.874
5300 0.197
3873 0.544
22175 0.994
19072 0.163
11952 0.407
11346 0.001
18087 0.303
10568 0.393
17179 0.142
20872 0.077
468 0.720
2727 0.748
16738 0.534
17333 0.590
19815 0.689
19802 0.053
11547 0.133
5664 0.809
18347 0.514
6297 0.174
4819 0.810
2223 0.915
21603 0.470
12738 0.321
12548 0.752
3874 0.917
1737 0.467
7451 0.813
17069 0.423
178 0.821
19462 0.930
17179 0.059
19972 0.860
13825 0.731
18912 0.797
15179 0.547
4367 0.496
12435 0.013
22314 0.731
869 0.411
22294 0.031
4396 0.940
18589 0.414
936 0.019
7362 0.228
10874 0.565
21101 0.433
12338 0.808
20461 0.208
16497 0.762
10523 0.492
5449 0.329
17259 0.361
11744 0.264
7091 0.374
21307 0.157
1862 0.066
14327 0.381
18430 0.660
21002 0.948
5486 0.050
13119 0.138
1592 0.992
931 0.816
15784 0.887
21220 0.809
30 0.779
6363 0.400
6689 0.064
3083 0.443
14875 0.358
4115 0.830
22053 0.682
17155 0.301
7339 0.985
7363 0.190
12164 0.192
13978 0.689
3268 0.004
22263 0.560
16177 0.266
1751 0.170
11081 0.524
20058 0.603
8926 0.394
9901 0.776
17684 0.303
8998 0.849
16628 0.475
14026 0.776
2610 0.014
19448 0.183
15810 0.071
19177 0.083
22347 0.160
2296 0.319
9721 0.722
17441 0.932
5197 0.036
9224 0.739
21619 0.001
6069 0.936
16575 0.022
15250 0.059
11557 0.856
2566 0.507
10781 0.216
13182 0.978
5240 0.183
13818 0.166
8310 0.903
19748 0.240
11324 0.139
22049 0.675
19306 0.222
10909 0.889
14012 0.021
22674 0.701
6379 0.592
8604 0.339
14908 0.285
21177 0.700
17143 0.032
7390 0.993
7261 0.088
15902 0.795
8445 0.679
1310 0.101
1625 0.033
13428 0.317
6844 0.996
20148 0.752
16801 0.273
14132 0.631
5648 0.289
11779 0.666
1430 0.006
16066 0.053
3009 0.212
996 0.945
14904 0.575
22333 0.440
19571 0.065
2106 0.119
22078 0.321
13485 0.872
18662 0.256
13161 0.196
18101 0.132
13225 0.102
20083 0.664
2122 0.344
19606 0.719
9617 0.124
595 0.830
8238 0.998
3814 0.023
3270 0.515
6231 0.816
3758 0.463
7564 0.567
836 0.686
4676 0.482
5202 0.770
2492 0.268
13411 0.965
22484 0.921
3110 0.461
3769 0.307
7142 0.741
19602 0.677
18207 0.806
18546 0.355
3248 0.907
163 0.903
556 0.773
15379 0.143
8698 0.876
8440 0.338
715 0.756
3857 0.171
19375 0.234
10499 0.147
20655 0.292
7370 0.165
10484 0.659
880 0.739
10909 0.904
7181 0.069
8553 0.063
16610 0.797
13737 0.605
8981 0.987
12320 0.403
21286 0.859
6220 0.094
12182 0.351
18901 0.410
8435 0.559
10580 0.450
14977 0.689
18471 0.031
9938 0.591
5375 0.113
19198 0.274
15405 0.619
8345 0.939
10250 0.354
17486 0.750
9010 0.209
7639 0.035
11513 0.126
1457 0.642
15152 0.722
19380 0.180
239 0.456
3166 0.994
13845 0.964
7766 0.164
20200 0.833
3413 0.662
13849 0.668
2631 0.297
21077 0.812
22636 0.552
5589 0.013
13106 0.237
18458 0.309
14424 0.999
912 0.805
20488 0.431
14018 0.481
4010 0.672
7493 0.002
12585 0.696
1882 0.865
11040 0.598
19700 0.875
8366 0.611
976 0.696
14819 0.562
758 0.660
6372 0.327
9018 0.202
19134 0.073
2178 0.813
2584 0.507
21718 0.937
17383 0.229
9976 0.416
8342 0.517
20976 0.957
21786 0.393
15470 0.005
18845 0.061
8590 0.821
11217 0.031
21854 0.488
13586 0.889
6266 0.766
11431 0.035
3253 0.044
12386 0.947
2353 0.269
6753 0.353
19296 0.019
14330 0.337
20463 0.473
4315 0.505
404 0.514
12829 0.731
12025 0.453
7455 0.300
2433 0.375
1663 0.804
20679 0.898
1679 0.050
3213 0.369
2305 0.033
4891 0.258
3572 0.229
3528 0.853
11167 0.614
9887 0.563
20074 0.927
21772 0.601
11087 0.769
19389 0.824
12005 0.704
3514 0.632
6836 0.314
10889 0.263
16518 0.965
13074 0.359
22466 0.276
5236 0.380
16900 0.707
16609 0.107
21589 0.852
19258 0.782
11616 0.823
3882 0.996
1149 0.728
11287 0.316
10698 0.788
16848 0.188
20100 0.883
6509 0.777
19000 0.971
18081 0.989
18396 0.236
8598 0.029
8285 0.544
2850 0.173
21715 0.502
20348 0.286
7054 0.211
3412 0.295
4656 0.377
13692 0.939
20167 0.685
1248 0.651
21871 0.932
1843 0.724
20754 0.530
10409 0.600
5897 0.767
14054 0.571
16321 0.933
21475 0.973
22028 0.501
9369 0.289
18766 0.552
5503 0.545
13457 0.078
11679 0.461
3460 0.404
19121 0.870
10839 0.450
2356 0.346
17532 0.813
12121 0.164
4057 0.113
11474 0.920
10572 0.068
19013 0.764
11199 0.253
5313 0.394
17665 0.227
18016 0.545
14139 0.515
11320 0.434
388 0.668
15091 0.573
18424 0.613
1179 0.442
11810 0.872
1563 0.822
8591 0.835
7509 0.187
9383 0.792
6593 0.326
19703 0.568
10735 0.483
1284 0.212
3991 0.658
11195 0.718
2593 0.467
15299 0.983
216 0.250
2387 0.574
156 0.161
21762 0.353
10228 0.074
13878 0.904
4492 0.536
13951 0.092
18943 0.028
11286 0.930
9908 0.951
13498 0.727
13127 0.499
3296 0.047
11646 0.730
3048 0.317
19855 0.893
10964 0.368
12354 0.775
8978 0.872
5622 0.068
1337 0.300
17765 0.222
16900 0.123
18814 0.216
10866 0.533
17967 0.159
20435 0.749
8733 0.954
8128 0.195
493 0.556
3653 0.595
6855 0.529
4989 0.641
4210 0.577
8599 0.079
15486 0.363
22484 0.788
14454 0.087
13167 0.079
21682 0.871
657 0.597
20724 0.253
12282 0.655
6475 0.773
14462 0.359
11760 0.388
6654 0.706
8349 0.163
20166 0.962
10674 0.069
5458 0.386
3582 0.435
3151 0.786
6974 0.839
21548 0.720
2459 0.559
16066 0.997
9309 0.726
6894 0.746
6487 0.834
15192 0.555
18601 0.025
5009 0.792
13803 0.522
5247 0.637
19494 0.397
5348 0.175
20672 0.251
2172 0.804
12889 0.104
2667 0.814
9232 0.495
12827 0.106
10847 0.783
9790 0.536
19338 0.259
10435 0.380
3834 0.814
6885 0.208
333 0.092
16411 0.281
1659 0.286
14529 0.747
21802 0.742
9769 0.686
16221 0.825
18169 0.637
3935 0.700
6527 0.826
17072 0.325
16420 0.954
6289 0.711
2769 0.485
11077 0.209
5159 0.639
15357 0.629
14221 0.107
19249 0.990
10339 0.805
8319 0.392
2685 0.903
7662 0.337
19726 0.071
11767 0.524
20137 0.378
11344 0.179
18074 0.363
9449 0.900
3907 0.596
19530 0.597
19373 0.894
1664 0.075
450 0.172
20040 0.310
2871 0.539
2312 0.884
945 0.402
11934 0.369
3918 0.886
9027 0.426
2987 0.035
7319 0.303
20178 0.298
6896 0.636
19412 0.410
13313 0.938
12060 0.722
16965 0.218
21770 0.006
9658 0.277
10098 0.514
9906 0.054
14822 0.007
10747 0.795
22182 0.922
17172 0.395
9178 0.907
17266 0.580
19148 0.414
5693 0.949
12284 0.377
2222 0.029
12946 0.243
20497 0.692
8366 0.496
13006 0.762
19325 0.085
21661 0.258
7139 0.043
12193 0.044
22297 0.425
9252 0.339
6466 0.834
20884 0.393
21124 0.496
308 0.648
5388 0.090
11343 0.057
22070 0.883
1461 0.783
4891 0.620
2380 0.521
350 0.812
7698 0.055
16658 0.738
16007 0.581
8980 0.407
13082 0.609
21876 0.888
7322 0.258
2030 0.673
12612 0.152
7752 0.462
14809 0.020
17469 0.152
19198 0.466
17055 0.691
5086 0.970
6655 0.589
19220 0.924
15939 0.272
19287 0.312
9790 0.858
8828 0.173
5391 0.081
9132 0.875
4042 0.465
16470 0.208
4736 0.689
841 0.638
8441 0.887
21699 0.199
12962 0.606
10713 0.590
21377 0.482
13039 0.298
15512 0.272
6407 0.968
13754 0.010
4777 0.318
16035 0.407
13302 0.457
20838 0.204
15534 0.626
7200 0.278
14522 0.304
6669 0.329
8249 0.389
14594 0.107
10116 0.747
4594 0.040
9063 0.559
2447 0.671
7485 0.930
21975 0.479
5410 0.197
16159 0.920
6693 0.499
4821 0.026
9719 0.374
20923 0.126
13631 0.647
20137 0.877
22622 0.284
15654 0.743
1428 0.746
15029 0.091
851 0.102
13254 0.883
17682 0.153
17315 0.732
1979 0.149
10386 0.363
20503 0.636
8296 0.032
22172 0.766
1953 0.636
14394 0.508
12386 0.796
551 0.270
16298 0.792
6128 0.220
5833 0.035
6043 0.078
6259 0.178
6514 0.207
10224 0.715
14679 0.051
15354 0.143
9098 0.318
6455 0.519
13434 0.288
18797 0.453
5378 0.074
5775 0.450
8097 0.184
15709 0.199
10352 0.117
12871 0.585
4866 0.208
11614 0.773
11054 0.126
8028 0.966
3159 0.118
5166 0.441
22524 0.058
18320 0.922
18998 0.000
4111 0.865
17959 0.495
21459 0.299
14815 0.976
20778 0.296
10969 0.158
19272 0.857
21443 0.791
3966 0.917
13385 0.804
4717 0.918
311 0.476
14568 0.924
5195 0.451
14191 0.662
195 0.512
15593 0.594
12592 0.833
2764 0.310
5674 0.598
2599 0.802
12180 0.704
5830 0.112
9123 0.760
21700 0.257
4312 0.215
8204 0.989
7802 0.238
3134 0.447
2595 0.607
5736 0.915
20866 0.057
9837 0.405
15300 0.134
10547 0.696
16205 0.916
3153 0.377
13451 0.298
10732 0.446
19450 0.862
11927 0.147
20614 0.162
15642 0.621
22663 0.005
19189 0.387
2572 0.450
16722 0.191
21398 0.612
22436 0.276
3531 0.316
8476 0.414
17731 0.735
1351 0.520
17363 0.351
853 0.980
22508 0.432
12762 0.755
1224 0.897
19272 0.580
2004 0.894
3484 0.843
19016 0.922
13308 0.831
7302 0.775
1689 0.045
1093 0.635
2424 0.442
15927 0.559
942 0.585
9833 0.270
5640 0.528
6998 0.284
4 0.387
9914 0.338
6732 0.537
20895 0.262
16422 0.028
3140 0.247
2121 0.277
17691 0.148
20800 0.269
13080 0.516
17963 0.762
7229 0.854
2328 0.252
1907 0.200
10114 0.021
22172 0.710
15133 0.520
10793 0.711
5074 0.110
3746 0.831
6546 0.784
15530 0.911
7708 0.649
21111 0.601
9477 0.270
9963 0.365
15739 0.565
15557 0.047
5819 0.770
17858 0.772
16564 0.383
3210 0.954
10301 0.126
3589 0.139
264 0.268
11760 0.823
2982 0.756
2594 0.777
10198 0.061
12550 0.849
11846 0.996
1747 0.159
3203 0.886
2574 0.989
17105 0.040
19277 0.405
16631 0.067
14407 0.857
6424 0.659
15871 0.928
7239 0.519
22330 0.298
8330 0.098
2572 0.382
7123 0.932
17043 0.277
10665 0.421
4180 0.659
7002 0.175
19532 0.524
17112 0.756
4579 0.459
7685 0.696
7912 0.437
15640 0.632
13616 0.617
22349 0.451
7587 0.966
11442 0.729
150 0.634
6018 0.755
7255 0.236
22062 0.352
13120 0.406
5068 0.092
10082 0.682
15242 0.458
21297 0.101
18090 0.346
3312 0.939
13779 0.040
6344 0.049
18959 0.035
13558 0.500
9515 0.278
10410 0.263
12238 0.051
5815 0.483
8834 0.310
21848 0.373
2192 0.276
3335 0.075
19363 0.418
10500 0.061
3473 0.403
19450 0.691
7598 0.208
22465 0.180
21391 0.444
20400 0.375
4241 0.110
17232 0.895
2272 0.272
9530 0.115
18797 0.917
4518 0.170
826 0.529
11157 0.607
6942 0.280
2041 0.530
9501 0.314
14822 0.241
13365 0.331
17684 0.300
13629 0.323
2332 0.225
5577 0.665
7736 0.277
8731 0.091
3596 0.629
10423 0.545
18028 0.608
4645 0.704
12244 0.718
18254 0.100
18043 0.685
4925 0.476
18772 0.275
10484 0.481
7384 0.087
1237 0.896
15311 0.305
19277 0.099
4117 0.434
14693 0.818
1745 0.088
15937 0.084
15666 0.674
11536 0.005
19238 0.808
4478 0.728
6025 0.499
17635 0.197
19129 0.995
6602 0.240
12624 0.866
9005 0.743
21520 0.296
18309 0.968
4578 0.607
6528 0.680
5707 0.867
10123 0.227
6022 0.465
14171 0.817
11872 0.422
11477 0.167
4602 0.391
16586 0.307
4008 0.391
21055 0.128
4808 0.038
9743 0.468
7332 0.190
3368 0.797
17866 0.819
742 0.436
7801 0.532
10047 0.420
14059 0.925
16945 0.164
158 0.421
18440 0.417
3841 0.456
19005 0.946
16628 0.794
5027 0.903
14942 0.713
5130 0.157
10185 0.723
9998 0.179
10293 0.568
3192 0.142
14970 0.784
21787 0.339
12062 0.536
11596 0.225
617 0.184
1268 0.165
21432 0.027
8925 0.297
20077 0.235
17929 0.102
8455 0.513
8420 0.843
2709 0.168
11054 0.429
13647 0.072
15300 0.587
5623 0.555
10912 0.977
21685 0.806
313 0.007
11186 0.805
12787 0.914
13551 0.027
8809 0.908
8028 0.552
19797 0.606
10278 0.535
6694 0.729
3966 0.952
16662 0.594
17868 0.201
192 0.991
662 0.951
10616 0.868
6768 0.929
13790 0.240
15642 0.218
21110 0.041
9173 0.026
15428 0.069
2809 0.394
5172 0.231
13976 0.876
13598 0.303
958 0.372
9292 0.013
7936 0.073
15345 0.495
19022 0.591
3773 0.520
22290 0.240
8980 0.093
15969 0.703
12116 0.194
5008 0.546
6095 0.458
18366 0.707
15445 0.001
6238 0.456
11750 0.420
8070 0.471
12717 0.090
18492 0.775
16826 0.163
10981 0.861
19316 0.935
9630 0.551
8709 0.146
9484 0.068
5541 0.566
21535 0.219
17349 0.595
11657 0.934
317 0.834
3764 0.971
9787 0.943
15992 0.755
14510 0.043
16538 0.349
19126 0.779
11475 0.520
7948 0.840
10250 0.668
16375 0.798
7764 0.902
21962 0.686
22202 0.836
13794 0.519
6753 0.375
6478 0.236
616 0.294
11937 0.836
20394 0.153
1948 0.876
16697 0.588
5509 0.635
6879 0.053
10048 0.472
15606 0.125
2936 0.115
978 0.103
3676 0.532
20 0.985
19579 0.939
6007 0.941
3338 0.823
5332 0.843
11624 0.550
6037 0.450
9869 0.714
10372 0.593
4419 0.792
21834 0.498
1350 0.609
10880 0.729
1097 0.366
4026 0.667
1059 0.150
15348 0.454
14502 0.377
15121 0.245
22103 0.257
2616 0.325
17257 0.105
19583 0.195
21287 0.873
19058 0.897
16283 0.603
17230 0.863
9451 0.901
6194 0.497
12079 0.093
11704 0.587
16313 0.762
17023 0.423
4759 0.312
6249 0.345
6262 0.554
2188 0.752
17941 0.327
1886 0.401
13131 0.331
21819 0.812
9364 0.296
15770 0.711
8942 0.163
6189 0.361
16529 0.869
1829 0.783
2886 0.518
3679 0.967
21265 0.488
14915 0.275
8924 0.341
6614 0.174
6473 0.267
2646 0.692
4062 0.299
7051 0.710
17383 0.995
16012 0.244
3943 0.681
15154 0.284
4592 0.622
13217 0.676
13944 0.394
11868 0.517
17224 0.503
13153 0.385
9934 0.222
8189 0.140
21674 0.236
13010 0.080
18088 0.654
21410 0.040
1407 0.819
2108 0.747
18709 0.865
20298 0.814
9099 0.145
13070 0.193
21754 0.603
12025 0.049
19581 0.112
7400 0.192
5296 0.579
18020 0.935
6777 0.665
7961 0.692
7448 0.480
19086 0.953
4093 0.639
19170 0.480
7832 0.013
5480 0.740
4310 0.508
16069 0.431
1097 0.894
7379 0.536
15385 0.399
21998 0.200
17025 0.886
1476 0.206
5320 0.439
12097 0.517
16654 0.313
19574 0.275
6541 0.400
200 0.106
20711 0.003
17617 0.799
12492 0.010
1964 0.441
16704 0.462
6844 0.083
3361 0.907
13898 0.362
8205 0.914
19047 0.226
17375 0.838
15294 0.483
9475 0.209
15750 0.727
7268 0.852
16970 0.904
5750 0.404
8852 0.553
21985 0.720
4299 0.023
17386 0.357
4261 0.930
14187 0.457
17578 0.587
16760 0.477
4336 0.571
7709 0.874
10488 0.258
5123 0.940
21454 0.667
17281 0.491
8666 0.304
15030 0.006
19790 0.268
12700 0.129
13029 0.056
5413 0.043
15568 0.703
18453 0.335
10205 0.041
22333 0.901
4329 0.560
6178 0.146
11237 0.456
7570 0.407
6062 0.842
8668 0.612
10049 0.440
2432 0.558
19016 0.249
19779 0.820
8803 0.733
3708 0.827
3268 0.377
16873 0.296
5923 0.964
19956 0.224
10707 0.091
6665 0.921
5365 0.210
11394 0.658
8645 0.169
20469 0.594
11003 0.398
15532 0.508
20144 0.578
9642 0.644
7609 0.546
4256 0.816
16874 0.142
4654 0.392
14833 0.844
1184 0.303
16116 0.723
12470 0.529
2742 0.660
10484 0.487
16652 0.532
10639 0.725
12463 0.738
12907 0.534
1031 0.315
17686 0.266
11681 0.416
64 0.317
15617 0.067
3941 0.443
18439 0.321
21027 0.982
21245 0.785
8250 0.869
20041 0.834
11067 0.442
6274 0.528
22141 0.701
18597 0.840
9838 0.004
17370 0.423
11385 0.193
7924 0.704
15492 0.294
16125 0.678
7650 0.416
21528 0.980
4730 0.104
8241 0.514
13274 0.669
18079 0.065
4366 0.869
108 0.075
20415 0.078
10106 0.674
5024 0.972
1993 0.030
8887 0.552
21608 0.041
1416 0.388
16819 0.560
17067 0.115
6175 0.915
22368 0.017
15040 0.716
18162 0.042
15591 0.832
2112 0.464
16152 0.797
9152 0.978
6750 0.353
11128 0.648
3918 0.416
20937 0.316
21280 0.221
21534 0.998
1574 0.559
16609 0.831
4763 0.139
1712 0.422
17339 0.137
21853 0.658
15683 0.245
20626 0.043
1171 0.491
12728 0.496
1137 0.631
1212 0.280
7967 0.913
6245 0.333
14956 0.286
19581 0.498
16030 0.361
13771 0.180
15818 0.532
2955 0.929
541 0.077
4805 0.988
13691 0.516
18949 0.895
5261 0.456
14128 0.800
7681 0.614
2682 0.175
5026 0.926
15027 0.274
22644 0.763
8570 0.443
1757 0.228
18561 0.596
17572 0.866
4651 0.885
5654 0.837
6551 0.667
503 0.940
1258 0.049
20624 0.054
15390 0.661
21743 0.220
10566 0.404
9699 0.863
5686 0.117
22442 0.513
18560 0.532
7453 0.000
20867 0.737
4042 0.361
18190 0.664
18660 0.310
3829 0.148
8622 0.176
7469 0.692
10245 0.988
10302 0.043
14 0.580
13953 0.791
10811 0.371
7936 0.657
20548 0.622
6971 0.061
3459 0.444
17187 0.065
382 0.261
3447 0.158
15287 0.073
13236 0.427
18675 0.775
4886 0.766
6971 0.135
21688 0.601
20994 0.410
7062 0.209
2436 0.110
8527 0.121
11547 0.252
8163 0.405
17892 0.952
17539 0.129
14035 0.424
13792 0.924
18814 0.362
11287 0.611
9927 0.065
8893 0.611
9105 0.758
14635 0.926
2694 0.083
17516 0.681
14100 0.956
14622 0.121
2908 0.963
14618 0.573
20850 0.370
20093 0.908
21490 0.833
8449 0.718
15786 0.602
9877 0.712
6048 0.325
12221 0.569
20604 0.293
5656 0.928
12799 0.503
15196 0.051
10038 0.553
5027 0.689
6461 0.617
12833 0.646
13952 0.465
1235 0.564
1854 0.512
3817 0.153
16347 0.981
5172 0.513
12388 0.456
9628 0.464
10433 0.538
17712 0.407
9090 0.989
18085 0.282
21190 0.610
17657 0.744
5482 0.671
12273 0.132
641 0.554
5680 0.183
16255 0.996
13316 0.980
6882 0.813
5595 0.035
16044 0.628
6817 0.374
2184 0.952
13098 0.046
18551 0.834
19331 0.983
10209 0.915
17088 0.879
17167 0.483
5827 0.465
2215 0.489
4507 0.123
5300 0.823
20308 0.968
7746 0.226
16381 0.519
1027 0.320
5088 0.888
18410 0.583
16319 0.628
3776 0.568
20913 0.136
12901 0.258
11788 0.428
12589 0.881
15454 0.715
13091 0.587
20782 0.569
10694 0.671
19021 0.430
14288 0.073
3479 0.084
11979 0.661
7196 0.583
11283 0.398
21859 0.319
18856 0.548
12039 0.604
11287 0.105
21397 0.332
8469 0.550
21397 0.795
12398 0.054
15800 0.295
874 0.008
21840 0.376
20819 0.371
21059 0.089
18234 0.044
9073 0.436
18831 0.737
7597 0.150
21093 0.930
6704 0.370
20459 0.159
19052 0.299
11972 0.957
4599 0.062
16788 0.707
2461 0.579
13342 0.832
18826 0.297
8139 0.017
8377 0.726
9619 0.019
16053 0.046
16231 0.415
9227 0.826
22552 0.896
9065 0.533
13948 0.914
558 0.460
16220 0.853
21331 0.748
1897 0.559
4797 0.959
1694 0.104
11322 0.799
8103 0.052
18995 0.126
21472 0.668
14359 0.192
9894 0.633
21515 0.003
20095 0.628
21247 0.827
12507 0.067
17006 0.824
11438 0.632
21063 0.803
19477 0.297
17019 0.836
15485 0.362
2752 0.733
865 0.622
16830 0.083
15142 0.365
7137 0.112
14599 0.065
2748 0.644
20487 0.264
13798 0.580
11321 0.481
8583 0.642
10186 0.588
6093 0.156
15095 0.412
15757 0.706
18146 0.568
13471 0.699
13978 0.336
4137 0.084
777 0.924
18994 0.771
12999 0.995
19276 0.042
17863 0.262
395 0.305
11743 0.779
1562 0.862
8121 0.359
10858 0.536
5637 0.852
8714 0.361
22269 0.688
4959 0.361
20268 0.861
7344 0.950
7618 0.007
14781 0.166
11701 0.627
8221 0.481
15444 0.969
11857 0.260
6088 0.216
15680 0.855
6103 0.818
15628 0.940
8854 0.443
16087 0.937
18506 0.086
19735 0.918
18486 0.670
745 0.676
8084 0.648
1963 0.769
21116 0.993
8557 0.232
5713 0.370
10477 0.999
15738 0.256
9801 0.892
7914 0.731
7594 0.387
1601 0.393
17915 0.342
16994 0.482
4047 0.183
20214 0.468
6558 0.382
7105 0.367
16009 0.688
15550 0.241
18793 0.682
22486 0.262
15280 0.892
7862 0.577
10808 0.896
12973 0.047
20638 0.429
9037 0.091
17474 0.211
1164 0.589
5151 0.007
17842 0.548
6285 0.190
16213 0.153
1513 0.155
1007 0.531
15575 0.850
16627 0.297
20770 0.010
113 0.161
16310 0.960
5580 0.783
6076 0.298
215 0.547
2206 0.014
2131 0.733
11435 0.243
7196 0.791
10280 0.276
21157 0.731
16168 0.559
16019 0.032
14940 0.771
16616 0.591
3780 0.298
17978 0.458
16370 0.683
6528 0.402
8263 0.475
16505 0.980
2541 0.600
11579 0.870
13002 0.291
5768 0.299
13564 0.680
1603 0.907
20480 0.392
12060 0.801
12268 0.705
14785 0.193
16101 0.996
16800 0.988
15483 0.829
21669 0.882
16362 0.668
11295 0.854
15775 0.581
8399 0.005
4387 0.540
6732 0.822
6813 0.404
10223 0.972
15725 0.434
7065 0.349
1813 0.543
4812 0.937
2022 0.815
19664 0.784
8760 0.735
3046 0.798
8462 0.342
7591 0.990
2820 0.852
329 0.637
3862 0.926
13426 0.942
5158 0.006
13581 0.732
90 0.775
11581 0.439
21641 0.667
1584 0.517
12193 0.669
4850 0.796
12798 0.633
14198 0.661
1987 0.163
2936 0.083
20510 0.549
16635 0.526
17730 0.214
21665 0.541
22474 0.262
21264 0.938
9145 0.862
6115 0.652
3020 0.059
14948 0.629
1516 0.224
15779 0.673
19839 0.761
7834 0.852
5232 0.759
17926 0.696
6071 0.656
13669 0.678
22593 0.327
5544 0.721
7360 0.100
18801 0.750
16423 0.540
3507 0.272
7263 0.568
18583 0.125
2361 0.799
2571 0.163
5549 0.288
15330 0.910
21716 0.739
11176 0.444
7469 0.566
10174 0.730
16609 0.256
15464 0.396
16165 0.772
1438 0.966
13800 0.548
959 0.163
20902 0.416
14660 0.127
10184 0.691
19511 0.857
7352 0.329
5580 0.869
14537 0.972
5346 0.912
5437 0.877
9213 0.241
6455 0.728
10845 0.090
4265 0.407
2088 0.504
7268 0.803
16814 0.140
11594 0.388
13232 0.359
16683 0.646
15188 0.824
178 0.770
20925 0.414
3115 0.751
16320 0.018
481 0.658
14303 0.179
5525 0.688
14940 0.091
6700 0.466
4360 0.638
225 0.060
9745 0.656
19738 0.501
18140 0.015
18975 0.705
2896 0.294
3674 0.966
11059 0.352
7425 0.554
10265 0.014
2125 0.046
12413 0.812
18300 0.009
17618 0.153
18212 0.027
18172 0.325
6189 0.612
3522 0.128
6579 0.448
16512 0.458
12775 0.635
20094 0.113
11659 0.080
15039 0.958
7115 0.659
19389 0.614
3871 0.874
18475 0.936
499 0.280
1685 0.528
6861 0.294
6033 0.439
13761 0.443
13850 0.660
1764 0.841
1460 0.884
4837 0.201
12281 0.944
989 0.835
5999 0.204
17398 0.978
5186 0.664
5020 0.351
14004 0.407
15141 0.545
18889 0.973
10729 0.054
906 0.167
2467 0.081
3256 0.386
18091 0.583
17680 0.154
7034 0.785
4618 0.942
1095 0.199
2395 0.745
3350 0.811
14615 0.768
12683 0.477
374 0.045
10732 0.284
17483 0.375
15764 0.703
16523 0.023
4814 0.606
12898 0.724
8575 0.600
10640 0.070
5971 0.295
411 0.592
15454 0.824
11884 0.164
3263 0.114
13332 0.261
13293 0.890
13791 0.656
14867 0.698
140 0.212
21222 0.892
2320 0.417
14058 0.778
4570 0.534
19525 0.990
2340 0.762
22446 0.352
19935 0.034
11472 0.525
2737 0.768
14797 0.425
16583 0.984
20349 0.245
3543 0.819
1415 0.022
2154 0.682
12334 0.213
3059 0.500
18773 0.822
21621 0.627
8714 0.768
4442 0.282
18622 0.102
19196 0.642
649 0.652
7785 0.439
924 0.872
17831 0.389
15281 0.500
4510 0.539
9134 0.216
18960 0.812
196 0.398
14729 0.498
21607 0.012
3829 0.006
15222 0.738
2918 0.546
501 0.999
20456 0.652
7117 0.046
521 0.242
21607 0.754
12501 0.283
4601 0.954
11697 0.851
19061 0.125
390 0.836
11630 0.350
5720 0.808
19449 0.790
14827 0.358
5020 0.951
16762 0.981
13185 0.730
6152 0.678
18756 0.435
15341 0.324
12676 0.334
20931 0.230
13276 0.877
19584 0.559
10693 0.244
7435 0.651
17639 0.566
3675 0.730
16641 0.465
146 0.278
22390 0.419
13671 0.932
18967 0.332
10108 0.394
2378 0.240
20435 0.073
4522 0.255
8603 0.729
7368 0.060
21920 0.374
15834 0.836
19234 0.503
18193 0.974
7847 0.544
4003 0.806
3529 0.311
7180 0.374
18643 0.902
12690 0.925
3692 0.976
8508 0.593
2987 0.006
2863 0.872
13223 0.910
9049 0.543
863 0.579
480 0.996
21281 0.066
1083 0.256
15314 0.614
9333 0.987
1240 0.713
17099 0.934
4575 0.393
2661 0.352
3424 0.088
14502 0.140
8672 0.656
20773 0.900
683 0.404
3978 0.297
8507 0.208
10089 0.904
4127 0.679
15500 0.868
8818 0.335
18924 0.306
1162 0.936
9918 0.816
16775 0.953
3110 0.224
6470 0.634
13585 0.403
19803 0.206
11492 0.105
12028 0.004
5158 0.944
7866 0.266
2117 0.497
2660 0.215
11208 0.634
2450 0.469
13183 0.346
19415 0.580
20769 0.381
18864 0.046
15233 0.361
19342 0.939
721 0.499
15734 0.523
19075 0.384
2040 0.519
1819 0.012
21116 0.392
8212 0.760
21395 0.482
6432 0.433
12191 0.691
6521 0.629
16476 0.443
4134 0.319
4802 0.601
21730 0.662
12761 0.440
173 0.071
874 0.380
16793 0.949
6924 0.713
21793 0.019
7082 0.834
13472 0.342
14861 0.632
14926 0.652
7970 0.764
14746 0.455
18726 0.460
14930 0.980
10804 0.754
16693 0.581
3890 0.472
17868 0.905
16531 0.701
8729 0.800
17300 0.931
2290 0.002
8008 0.365
10661 0.215
17393 0.218
3964 0.377
4352 0.456
14955 0.904
11204 0.104
15934 0.018
20639 0.453
10377 0.239
7289 0.216
1178 0.051
10327 0.599
73 0.430
13247 0.471
12298 0.376
3297 0.468
14940 0.434
19308 0.777
4752 0.325
9667 0.441
16289 0.773
1245 0.888
11581 0.767
14170 0.734
3089 0.309
11751 0.443
1958 0.333
16079 0.602
5138 0.128
4874 0.739
17367 0.600
19642 0.750
15424 0.924
5402 0.110
19553 0.266
16118 0.202
21332 0.657
8444 0.181
15263 0.573
11818 0.849
296 0.310
20976 0.307
19551 0.798
19954 0.981
3531 0.131
16621 0.795
9326 0.909
1163 0.183
13926 0.372
22637 0.263
1408 0.704
12232 0.394
18932 0.637
12165 0.004
16188 0.281
3695 0.353
22616 0.334
7924 0.802
6309 0.946
14826 0.901
22525 0.926
10152 0.070
15604 0.021
13901 0.564
18385 0.316
16421 0.833
3922 0.648
3651 0.120
8626 0.429
3466 0.913
3183 0.511
9264 0.190
9639 0.794
21560 0.729
19495 0.204
4691 0.817
5320 0.053
2157 0.351
10523 0.290
19170 0.815
18985 0.912
3224 0.517
11822 0.465
4843 0.667
18153 0.710
2171 0.939
16482 0.948
7254 0.908
8150 0.891
6212 0.265
10057 0.823
19672 0.948
11087 0.874
1199 0.861
9786 0.537
14569 0.826
4550 0.670
3368 0.304
10814 0.956
14591 0.621
10479 0.750
3917 0.694
13017 0.008
18028 0.391
9758 0.011
8191 0.493
2458 0.664
14138 0.138
16337 0.608
5393 0.663
1044 0.221
18198 0.840
22039 0.621
15035 0.485
313 0.775
10003 0.133
16738 0.355
4579 0.597
8682 0.000
12205 0.579
3753 0.167
13193 0.095
1098 0.925
11352 0.970
1938 0.674
19866 0.884
10023 0.126
17597 0.274
9404 0.808
21122 0.377
17491 0.616
19255 0.118
9654 0.027
245 0.669
14030 0.030
41 0.374
2060 0.832
21062 0.837
15242 0.262
17306 0.600
20250 0.438
1868 0.686
11955 0.534
9375 0.801
18833 0.991
20736 0.556
13639 0.956
8489 0.857
5337 0.858
552 0.970
6547 0.621
5269 0.091
6300 0.288
3451 0.070
1151 0.088
6085 0.848
20590 0.546
14800 0.975
7310 0.071
15400 0.968
14857 0.526
12381 0.393
15178 0.755
14390 0.832
10865 0.760
9539 0.444
16579 0.721
16957 0.095
12809 0.933
20897 0.455
1693 0.134
15106 0.739
21178 0.482
17088 0.754
13123 0.909
12249 0.880
4052 0.618
12643 0.197
4832 0.720
16101 0.874
4679 0.239
784 0.745
22325 0.923
785 0.986
18753 0.351
13522 0.897
1748 0.693
19077 0.635
21769 0.281
17591 0.775
2980 0.705
15835 0.841
235 0.423
6533 0.176
12564 0.405
12569 0.558
6766 0.955
5095 0.921
6688 0.630
5892 0.113
541 0.306
795 0.001
15415 0.227
2833 0.884
8905 0.953
18072 0.070
3289 0.592
22582 0.776
20906 0.251
5600 0.000
5308 0.658
6991 0.066
20785 0.904
13791 0.020
4656 0.768
15668 0.161
6510 0.311
6965 0.841
12217 0.178
448 0.571
16821 0.027
2874 0.127
6000 0.924
9371 0.141
9311 0.622
6053 0.774
5675 0.746
888 0.862
19011 0.333
9363 0.540
20780 0.881
8775 0.518
6915 0.960
16252 0.579
7439 0.435
4772 0.678
10698 0.165
16082 0.177
4862 0.794
21592 0.620
3600 0.753
15685 0.423
15337 0.637
5216 0.005
10786 0.443
12602 0.599
13300 0.434
8445 0.257
13081 0.566
3207 0.789
10018 0.296
6428 0.935
17614 0.945
8889 0.268
9032 0.245
18364 0.040
16404 0.565
5238 0.266
10164 0.933
4751 0.576
8971 0.706
888 0.267
2378 0.496
4376 0.010
15215 0.547
5669 0.452
9623 0.445
14803 0.311
19188 0.510
5060 0.298
14196 0.366
16819 0.475
13099 0.180
2138 0.372
12088 0.112
15455 0.045
4083 0.735
12008 0.278
10512 0.412
14125 0.443
17728 0.932
4964 0.795
17369 0.683
1727 0.366
16613 0.322
13555 0.855
20971 0.199
11832 0.918
1316 0.473
7092 0.092
18543 0.259
12894 0.300
18230 0.646
15555 0.589
21423 0.249
5610 0.983
19754 0.507
8182 0.955
22476 0.096
14946 0.286
17949 0.002
12611 0.265
22343 0.535
17044 0.877
1251 0.510
2700 0.672
10769 0.978
1487 0.708
2321 0.858
3375 0.071
13180 0.797
21066 0.855
14057 0.121
12194 0.525
2561 0.122
11853 0.581
21902 0.423
6623 0.127
2451 0.637
8488 0.624
9600 0.926
8568 0.356
17958 0.680
13400 0.981
8981 0.311
6053 0.909
10228 0.505
11872 0.128
18813 0.856
12895 0.556
5742 0.618
21292 0.588
19250 0.310
13699 0.137
18786 0.452
15627 0.055
14684 0.413
10994 0.653
9995 0.008
15600 0.209
10922 0.095
1159 0.785
12557 0.766
3194 0.787
28 0.825
17800 0.365
13873 0.045
13738 0.112
22083 0.105
18291 0.140
13296 0.284
1969 0.251
7277 0.644
15357 0.821
16862 0.591
18374 0.066
2283 0.014
20852 0.227
10081 0.114
10576 0.101
4202 0.923
4080 0.811
11176 0.419
15096 0.425
7298 0.523
13235 0.960
5565 0.623
10942 0.717
18355 0.874
7628 0.647
3723 0.095
6496 0.052
5150 0.463
3168 0.134
13490 0.669
12729 0.409
11474 0.811
2648 0.534
6056 0.751
3345 0.889
19955 0.860
12923 0.736
13127 0.838
14005 0.487
5680 0.898
16851 0.052
615 0.882
20785 0.061
17988 0.267
10688 0.092
2560 0.313
19579 0.877
599 0.252
8248 0.148
14050 0.711
655 0.630
9150 0.258
3866 0.105
18428 0.443
9648 0.187
18068 0.523
13149 0.348
1596 0.973
495 0.990
14771 0.218
20353 0.252
2962 0.847
19576 0.019
7306 0.887
1787 0.279
10757 0.473
16762 0.487
16695 0.069
21342 0.373
217 0.433
21759 0.515
13340 0.069
4353 0.539
13649 0.545
4135 0.663
10918 0.610
940 0.794
22652 0.612
3498 0.002
20864 0.029
13775 0.533
8166 0.310
20755 0.421
21885 0.797
21632 0.865
2103 0.730
21419 0.585
9214 0.065
21488 0.629
14123 0.193
8032 0.495
19616 0.995
4712 0.858
5895 0.242
19562 0.036
1826 0.646
8454 0.150
21846 0.499
4533 0.082
9185 0.552
6464 0.876
9220 0.004
1412 0.028
13996 0.774
12060 0.651
13243 0.196
8070 0.921
21246 0.699
4625 0.463
15313 0.945
20710 0.711
11169 0.162
8893 0.625
8893 0.400
12814 0.788
17525 0.696
10539 0.274
1767 0.091
11401 0.144
14512 0.286
5734 0.525
1280 0.389
9953 0.103
7857 0.467
1338 0.629
19180 0.954
1402 0.861
21927 0.761
17296 0.695
18006 0.953
1831 0.484
15275 0.587
21766 0.167
11168 0.086
19659 0.675
9460 0.450
16835 0.300
1796 0.787
2238 0.843
14312 0.493
18446 0.011
18827 0.291
4025 0.532
15831 0.605
5869 0.428
2558 0.836
21664 0.396
13123 0.067
19716 0.368
3906 0.110
20576 0.798
6546 0.303
637 0.635
21414 0.823
10496 0.061
20991 0.120
15571 0.639
19481 0.978
3016 0.687
741 0.544
9884 0.013
1735 0.701
20366 0.665
4843 0.801
2650 0.799
10903 0.606
67 0.270
20351 0.542
7874 0.017
6141 0.567
18192 0.597
11080 0.529
764 0.080
21684 0.729
19278 0.194
11677 0.919
14791 0.251
16397 0.624
18858 0.295
453 0.214
21911 0.570
3770 0.941
21500 0.035
8468 0.997
10305 0.552
14942 0.952
17302 0.599
12689 0.117
17663 0.008
14535 0.514
10824 0.019
10348 0.219
7225 0.370
8579 0.185
15537 0.565
17651 0.261
6943 0.203
3776 0.607
4495 0.329
16756 0.409
10741 0.055
2835 0.591
6769 0.296
15153 0.440
17125 0.357
17923 0.728
18355 0.665
15036 0.972
1976 0.327
1120 0.662
7480 0.806
20406 0.691
17581 0.004
2519 0.240
16510 0.678
5624 0.111
14253 0.624
14088 0.402
17195 0.647
16790 0.824
9374 0.384
4366 0.671
21250 0.625
6441 0.513
13400 0.355
5006 0.341
22111 0.585
14750 0.935
15191 0.666
19783 0.483
18269 0.760
10077 0.316
21404 0.432
6890 0.006
7890 0.931
8756 0.655
11177 0.396
2415 0.648
19183 0.593
18352 0.491
2969 0.225
9013 0.768
6878 0.586
6641 0.217
10586 0.266
17126 0.601
905 0.624
20330 0.636
8548 0.410
15432 0.708
464 0.360
9042 0.917
18225 0.242
14523 0.950
19726 0.477
6124 0.034
19358 0.672
7185 0.766
15788 0.265
15248 0.496
11037 0.140
5953 0.473
3795 0.450
2264 0.710
1686 0.817
3098 0.169
2680 0.388
22533 0.388
15468 0.113
3930 0.551
12934 0.492
17691 0.298
6669 0.477
3146 0.508
4668 0.216
13463 0.168
10594 0.181
13006 0.333
7062 0.961
2933 0.136
5431 0.616
14485 0.799
11879 0.289
6131 0.336
8807 0.282
6206 0.493
16627 0.569
14231 0.068
14969 0.603
7472 0.341
14600 0.233
18308 0.003
9443 0.431
17950 0.424
1003 0.715
13809 0.100
355 0.906
17562 0.994
17008 0.939
3699 0.751
21979 0.738
20912 0.981
8879 0.234
10989 0.969
53 0.097
21302 0.397
6918 0.189
6489 0.711
11416 0.136
13686 0.081
18915 0.863
12779 0.324
15215 0.422
17517 0.548
161 0.951
15628 0.864
1123 0.321
7679 0.586
18926 0.175
12584 0.648
9271 0.569
7558 0.459
9902 0.914
6264 0.548
15901 0.421
5361 0.262
3131 0.474
3899 0.566
10890 0.329
6951 0.369
11224 0.126
20992 0.106
5866 0.094
22622 0.458
4679 0.152
16748 0.468
20773 0.530
4668 0.021
3258 0.944
10473 0.434
7364 0.306
19858 0.987
21762 0.191
19962 0.371
3832 0.507
9046 0.639
4180 0.164
15044 0.011
17287 0.674
17542 0.189
17461 0.643
1896 0.441
14559 0.444
18198 0.255
11155 0.659
8470 0.882
15096 0.318
7056 0.254
11376 0.744
15953 0.629
7364 0.553
4492 0.678
2300 0.192
19068 0.946
10049 0.999
17074 0.418
14268 0.294
19953 0.752
20775 0.026
12437 0.848
12366 0.382
13437 0.902
12122 0.952
20396 0.397
1903 0.415
7364 0.930
2643 0.661
11748 0.564
15366 0.094
8759 0.616
21745 0.818
6064 0.067
13929 0.293
15452 0.410
19755 0.879
18353 0.154
6268 0.751
5365 0.744
1185 0.141
5197 0.258
21143 0.998
17883 0.834
17678 0.125
10882 0.459
9730 0.965
16338 0.948
9828 0.441
19280 0.898
635 0.713
20497 0.884
16376 0.232
18780 0.162
17722 0.722
5317 0.027
22379 0.272
18515 0.565
10544 0.970
22493 0.043
7388 0.955
17089 0.689
10693 0.393
21010 0.385
16530 0.918
19433 0.301
21040 0.341
16365 0.133
20642 0.891
21337 0.048
7782 0.323
6814 0.316
4767 0.547
11442 0.511
14756 0.460
4730 0.363
704 0.611
3450 0.070
1547 0.078
19997 0.338
7242 0.999
14276 0.039
3126 0.935
20415 0.782
19955 0.220
5824 0.377
14320 0.470
10184 0.992
5525 0.364
7711 0.040
13197 0.084
1041 0.870
2289 0.932
2446 0.697
2356 0.145
8036 0.224
3903 0.879
18962 0.021
18015 0.683
5366 0.478
17082 0.205
13545 0.650
13449 0.731
21148 0.875
6264 0.350
16257 0.473
8635 0.313
2831 0.817
4922 0.150
5150 0.087
12182 0.650
15224 0.056
545 0.586
17755 0.108
17323 0.114
15057 0.746
