5000
7453 0.717
18877 0.771
14330 0.081
22960 0.293
23713 0.701
18516 0.444
15653 0.063
18745 0.979
5 0.216
12295 0.265
21406 0.139
745 0.013
22278 0.036
416 0.614
10331 0.957
2983 0.820
10191 0.380
14079 0.411
8845 0.251
18027 0.647
16397 0.546
25489 0.246
9355 0.919
3746 0.943
625 0.174
11276 0.813
19451 0.338
6861 0.724
19642 0.743
8298 0.899
6184 0.320
20137 0.250
15147 0.328
25013 0.740
6709 0.457
20334 0.159
12797 0.628
15596 0.152
20638 0.568
24769 0.311
25574 0.514
20882 0.777
22601 0.263
26327 0.128
215 0.011
25026 0.749
8350 0.506
9754 0.130
19202 0.907
14948 0.122
16094 0.623
10795 0.917
14990 0.009
4360 0.106
15935 0.703
1431 0.016
9207 0.527
612 0.733
5524 0.151
23367 0.520
3478 0.224
4838 0.468
17189 0.844
7382 0.743
19348 0.437
5361 0.854
7249 0.721
9566 0.567
10754 0.551
18469 0.708
10569 0.899
24205 0.155
7911 0.848
3365 0.370
7083 0.725
23631 0.286
22824 0.795
11524 0.253
25377 0.058
2647 0.805
7133 0.515
18414 0.147
11248 0.818
25819 0.007
6443 0.772
1219 0.153
18778 0.750
14987 0.564
24306 0.572
1571 0.949
24737 0.202
20553 0.293
18090 0.353
10036 0.611
15249 0.990
17350 0.186
20740 0.334
22623 0.501
8714 0.091
18146 0.831
10780 0.347
124 0.494
7467 0.398
12402 0.358
25041 0.097
20403 0.435
17837 0.181
12041 0.985
2168 0.656
1673 0.251
5848 0.148
1932 0.654
13254 0.122
6222 0.704
13806 0.050
8885 0.452
5262 0.749
18647 0.578
26334 0.867
15537 0.355
22535 0.813
20107 0.072
11848 0.600
13603 0.447
5758 0.214
21087 0.079
19095 0.478
20181 0.567
10408 0.981
19485 0.623
16003 0.729
3139 0.742
14333 0.790
5536 0.811
473 0.333
1556 0.490
2573 0.014
5567 0.297
3074 0.809
22936 0.476
25139 0.477
19502 0.008
20473 0.906
25628 0.523
1766 0.292
15842 0.066
15319 0.738
10880 0.880
773 0.855
696 0.277
25628 0.467
24876 0.054
578 0.006
17878 0.208
1864 0.395
22242 0.480
14234 0.441
22119 0.458
3891 0.461
2245 0.584
12902 0.810
10751 0.963
726 0.312
51 0.676
3878 0.463
130 0.677
2262 0.526
22020 0.078
16280 0.004
4109 0.666
17758 0.092
7951 0.097
3912 0.378
21677 0.100
6339 0.901
2309 0.265
7332 0.171
20557 0.849
5626 0.049
5650 0.490
13167 0.354
5308 0.939
11291 0.298
24566 0.636
14172 0.919
24954 0.426
6967 0.042
23120 0.695
16585 0.353
17809 0.246
19075 0.865
1146 0.759
25064 0.242
2006 0.934
15434 0.872
6172 0.717
12317 0.689
7101 0.044
21499 0.423
9073 0.690
21934 0.523
25531 0.638
24430 0.572
16961 0.849
5212 0.747
17038 0.349
25780 0.523
25492 0.386
20399 0.075
16287 0.975
3861 0.452
14770 0.759
11926 0.138
8948 0.391
20871 0.262
9429 0.947
10385 0.649
24111 0.297
9307 0.866
9386 0.346
14644 0.644
1848 0.388
12240 0.110
19040 0.456
21558 0.087
25798 0.913
16409 0.326
17981 0.855
510 0.366
12014 0.710
24206 0.329
24686 0.259
17599 0.016
11892 0.775
23484 0.947
10851 0.889
25720 0.862
2947 0.701
19061 0.196
17258 0.016
13180 0.671
15341 0.634
16188 0.923
26064 0.105
19683 0.424
19708 0.455
22886 0.741
12589 0.635
23555 0.377
17889 0.136
25678 0.068
36 0.151
23344 0.850
22918 0.209
25024 0.318
20343 0.680
8826 0.772
15132 0.486
23758 0.117
9215 0.259
9647 0.141
23769 0.001
6096 0.640
7289 0.891
24006 0.083
9373 0.662
23658 0.619
24802 0.746
12991 0.443
2834 0.700
1899 0.477
15551 0.978
20493 0.806
19785 0.594
10784 0.010
18714 0.161
16589 0.049
12286 0.945
11015 0.767
20654 0.666
2595 0.979
6976 0.525
22163 0.630
18559 0.351
14802 0.399
4169 0.549
16448 0.429
4170 0.784
25389 0.609
13414 0.695
11650 0.272
22312 0.593
1897 0.686
10883 0.657
6994 0.024
5393 0.426
23841 0.068
25212 0.603
25840 0.209
15183 0.985
21820 0.315
20802 0.569
19660 0.482
15940 0.697
4401 0.205
7591 0.461
22138 0.291
8388 0.204
16256 0.182
9447 0.221
18867 0.283
17114 0.581
17642 0.945
5068 0.647
19768 0.783
12047 0.248
15836 0.738
4358 0.037
930 0.514
18315 0.285
588 0.814
18738 0.392
8137 0.796
4392 0.036
6046 0.356
10509 0.859
12453 0.931
18885 0.759
4993 0.279
18019 0.317
4518 0.441
20655 0.543
7747 0.665
1203 0.434
21464 0.345
18085 0.858
11884 0.372
13974 0.851
15840 0.488
24249 0.673
14092 0.745
23229 0.980
19186 0.981
14612 0.686
5608 0.989
5798 0.908
25467 0.852
13905 0.958
12850 0.439
4359 0.046
8334 0.999
22876 0.604
10723 0.887
5307 0.507
4094 0.944
15155 0.525
15723 0.901
8854 0.052
11369 0.896
11593 0.970
16613 0.516
7962 0.231
17495 0.992
14404 0.667
13549 0.572
17828 0.282
18003 0.621
23089 0.805
6318 0.345
19719 0.370
21398 0.596
9339 0.233
16861 0.474
21762 0.467
2461 0.146
4118 0.406
1199 0.008
4661 0.414
14423 0.262
12056 0.975
6000 0.806
232 0.551
11554 0.197
1125 0.466
11452 0.720
20280 0.718
19322 0.611
9728 0.855
9167 0.932
9279 0.203
6970 0.813
23518 0.216
6335 0.825
15591 0.323
20048 0.059
20724 0.194
8776 0.519
7926 0.339
4625 0.429
10891 0.351
23654 0.367
9963 0.305
18588 0.357
19173 0.906
24788 0.090
25233 0.252
17708 0.824
18148 0.550
17754 0.085
23371 0.641
20446 0.082
6338 0.507
3699 0.712
7375 0.609
304 0.448
2106 0.691
9054 0.080
8243 0.898
18861 0.803
17643 0.578
4833 0.715
12889 0.343
10738 0.630
14494 0.698
26267 0.625
6183 0.020
4361 0.566
10336 0.319
11634 0.972
7839 0.694
24614 0.554
1455 0.677
15338 0.562
5999 0.042
24636 0.422
1894 0.590
10789 0.755
15214 0.025
5710 0.201
25632 0.490
12570 0.077
4326 0.485
2546 0.866
17840 0.494
14806 0.429
7287 0.017
13972 0.224
20755 0.603
9862 0.628
15972 0.483
26425 0.805
986 0.329
15113 0.737
16533 0.216
10185 0.929
24930 0.638
5305 0.524
19631 0.570
14709 0.252
2738 0.704
19395 0.288
16498 0.233
1995 0.814
5279 0.030
12567 0.260
11884 0.615
5614 0.617
9580 0.841
25476 0.124
25280 0.158
1066 0.017
2677 0.649
5789 0.470
4342 0.616
6577 0.939
5097 0.734
8559 0.169
16679 0.546
1565 0.251
20200 0.783
14116 0.514
15811 0.019
4390 0.837
9289 0.709
24893 0.848
9203 0.100
7549 0.890
21004 0.081
25879 0.884
16353 0.870
26109 0.127
23104 0.996
829 0.601
908 0.336
7145 0.103
22476 0.633
20392 0.196
4661 0.032
2192 0.516
15035 0.585
4644 0.361
438 0.231
478 0.799
13025 0.628
9712 0.552
15257 0.376
20594 0.905
11728 0.065
4846 0.003
15841 0.236
22815 0.841
7306 0.371
18910 0.805
14305 0.159
10629 0.458
21844 0.419
5417 0.947
20768 0.354
12595 0.422
7459 0.799
15796 0.375
20355 0.709
7037 0.114
19629 0.378
10876 0.387
19904 0.303
21602 0.688
22619 0.853
528 0.886
15992 0.364
6230 0.354
765 0.559
21362 0.477
22030 0.004
23602 0.735
11435 0.780
15160 0.213
11380 0.165
17440 0.198
23033 0.163
20524 0.559
10621 0.717
5332 0.526
4382 0.947
5373 0.596
8682 0.025
11811 0.409
25150 0.660
3982 0.781
11794 0.370
57 0.653
5148 0.393
19051 0.381
6415 0.327
17746 0.382
14997 0.864
8224 0.578
18619 0.690
7232 0.167
17517 0.952
3445 0.503
2610 0.869
26146 0.011
11247 0.446
6604 0.146
19196 0.864
24470 0.896
19537 0.450
24312 0.329
219 0.532
14292 0.023
4772 0.446
20209 0.641
17083 0.884
10514 0.476
15572 0.870
18637 0.656
26186 0.515
11527 0.498
1295 0.594
21488 0.863
15944 0.944
18307 0.326
8013 0.636
11528 0.731
16093 0.791
5 0.084
10387 0.137
11443 0.617
8246 0.810
7449 0.848
7656 0.369
6458 0.720
716 0.579
6425 0.467
8132 0.374
13909 0.963
18518 0.759
21568 0.394
16117 0.110
10966 0.519
17565 0.175
17860 0.172
18869 0.952
4947 0.066
17281 0.659
920 0.626
10880 0.200
11511 0.454
11372 0.439
8049 0.661
2980 0.267
19219 0.585
12941 0.253
24880 0.963
7037 0.633
8845 0.383
2759 0.718
5056 0.918
6240 0.983
20708 0.973
9782 0.840
19516 0.150
26126 0.426
521 0.617
13756 0.727
17553 0.706
14288 0.043
11679 0.338
11804 0.078
10942 0.741
18980 0.763
22402 0.741
24984 0.088
16240 0.408
19074 0.403
17939 0.980
5059 0.251
26114 0.423
6567 0.091
24114 0.176
19891 0.660
14877 0.779
57 0.887
11497 0.405
1133 0.698
11443 0.881
8819 0.112
10211 0.879
13794 0.015
18998 0.597
13805 0.947
11469 0.174
21094 0.095
24634 0.814
24068 0.976
7781 0.506
12417 0.853
13867 0.335
24207 0.376
15348 0.259
3892 0.031
17467 0.784
14730 0.897
16417 0.711
9133 0.630
5131 0.292
4684 0.410
25804 0.492
18456 0.126
22478 0.133
21037 0.981
16114 0.275
17978 0.967
12610 0.830
3920 0.522
22795 0.877
8270 0.905
8569 0.383
10191 0.461
22253 0.330
11001 0.000
14041 0.598
2153 0.051
9355 0.885
11447 0.682
6414 0.921
2368 0.424
12873 0.862
6500 0.798
15775 0.887
15396 0.198
16402 0.606
12512 0.158
14252 0.627
22555 0.045
4219 0.672
13682 0.338
5231 0.109
18646 0.638
10594 0.724
14277 0.978
8573 0.880
2054 0.146
323 0.480
4426 0.080
17084 0.508
8246 0.503
22729 0.621
3463 0.958
1451 0.562
26234 0.322
12129 0.165
7501 0.971
15528 0.604
14299 0.399
15364 0.824
10113 0.689
11693 0.305
23477 0.888
12716 0.659
3184 0.384
24364 0.134
18892 0.370
8630 0.359
3511 0.880
6881 0.649
24833 0.315
7856 0.077
11804 0.945
18118 0.533
11498 0.981
6833 0.812
14264 0.192
21119 0.889
14221 0.482
10673 0.946
15291 0.895
19873 0.198
16797 0.576
2164 0.977
23744 0.412
5569 0.265
5935 0.864
5582 0.095
25342 0.065
5093 0.546
13272 0.236
19464 0.275
20262 0.105
24208 0.476
18864 0.700
8902 0.998
18926 0.963
19755 0.899
7444 0.579
13015 0.980
21284 0.822
10891 0.621
1673 0.669
2111 0.988
5568 0.409
12380 0.039
2598 0.419
4004 0.323
1060 0.541
4996 0.123
11732 0.015
19939 0.289
24516 0.134
4059 0.444
23219 0.575
14084 0.537
8455 0.958
24330 0.188
18645 0.853
21729 0.379
6512 0.071
22390 0.791
25545 0.490
1246 0.270
7420 0.249
11827 0.033
4421 0.802
3999 0.392
6192 0.259
16266 0.930
7323 0.039
2966 0.153
1520 0.176
22074 0.175
10276 0.839
3584 0.394
3536 0.361
13076 0.481
8890 0.179
25091 0.003
7630 0.641
17506 0.297
8620 0.510
5457 0.173
1746 0.662
4701 0.862
24797 0.579
25761 0.601
26319 0.420
1011 0.108
19503 0.947
21314 0.149
18739 0.827
16957 0.683
8217 0.290
18733 0.737
25244 0.121
21796 0.408
7555 0.932
20445 0.968
25869 0.022
1605 0.445
22795 0.327
2552 0.956
16470 0.410
25362 0.534
25586 0.116
26498 0.613
2005 0.290
24114 0.463
5550 0.525
12896 0.752
7233 0.746
21101 0.652
2877 0.498
4538 0.162
7126 0.502
8719 0.604
3659 0.797
3083 0.681
16816 0.058
13124 0.339
10653 0.345
21372 0.869
10154 0.049
15003 0.204
6551 0.321
532 0.388
21516 0.689
12127 0.439
18090 0.952
23071 0.322
1439 0.218
21513 0.958
17531 0.411
5983 0.416
24991 0.153
24383 0.851
12708 0.783
473 0.320
7998 0.485
7979 0.530
8320 0.228
9738 0.149
24635 0.901
9917 0.276
13049 0.073
13883 0.257
22771 0.202
23816 0.051
1096 0.262
8748 0.406
5449 0.233
17518 0.560
9586 0.489
22985 0.212
16855 0.743
17601 0.890
17693 0.547
26128 0.585
25644 0.870
19759 0.639
383 0.419
14804 0.064
4903 0.657
25608 0.850
14638 0.815
5493 0.846
26198 0.580
818 0.291
21922 0.010
6516 0.493
25129 0.739
10478 0.817
8919 0.271
23824 0.505
21775 0.778
18716 0.230
856 0.702
17125 0.517
890 0.044
16244 0.845
4516 0.882
21407 0.103
1215 0.708
19555 0.965
21465 0.642
19473 0.738
15230 0.351
9711 0.755
25724 0.936
20571 0.331
22115 0.275
4586 0.156
12973 0.051
15454 0.319
2962 0.205
3356 0.094
3283 0.003
4441 0.674
8738 0.693
14242 0.435
12476 0.933
14046 0.044
2013 0.177
10229 0.128
12159 0.988
20786 0.091
977 0.308
2711 0.362
25946 0.005
11305 0.406
20130 0.290
24001 0.894
9024 0.826
934 0.715
13243 0.546
3242 0.120
7582 0.780
3488 0.189
4023 0.196
11557 0.365
12493 0.316
25631 0.730
8024 0.897
14294 0.491
2411 0.717
5536 0.713
21975 0.396
21687 0.363
15859 0.831
18058 0.392
4446 0.399
14197 0.117
18510 0.470
4139 0.502
20218 0.266
12655 0.355
18000 0.736
1972 0.109
2548 0.713
170 0.340
445 0.407
25097 0.373
5965 0.570
9047 0.740
10649 0.988
9397 0.424
21596 0.289
22716 0.629
22747 0.499
11197 0.853
17998 0.321
14371 0.267
9103 0.549
12510 0.769
17902 0.948
7859 0.184
18514 0.653
23511 0.181
1405 0.640
22607 0.147
23209 0.928
22566 0.194
15772 0.799
15935 0.183
8213 0.476
16204 0.593
12818 0.834
14886 0.437
19918 0.742
2462 0.765
12934 0.489
18144 0.709
10212 0.114
14498 0.813
9264 0.041
20428 0.894
21177 0.296
13522 0.704
2616 0.078
3395 0.972
14992 0.339
6693 0.177
16228 0.708
18990 0.271
20956 0.886
5586 0.450
7458 0.200
10093 0.074
9953 0.411
24425 0.649
2926 0.102
12133 0.168
2526 0.623
9153 0.763
23593 0.154
12247 0.090
12456 0.909
4779 0.599
11635 0.704
9489 0.386
16326 0.222
6637 0.848
20315 0.411
3323 0.102
3714 0.912
3918 0.337
15940 0.596
11448 0.767
10852 0.051
18117 0.986
17625 0.913
14760 0.462
1857 0.603
16464 0.817
13546 0.736
7661 0.568
20010 0.971
5604 0.554
2075 0.305
4317 0.316
25617 0.574
14298 0.631
14947 0.911
8596 0.523
16715 0.977
13528 0.174
25754 0.123
18191 0.598
3492 0.532
23554 0.003
16431 0.579
507 0.363
4717 0.311
19251 0.968
13391 0.351
15232 0.590
19231 0.164
3712 0.497
12085 0.011
2241 0.245
12187 0.343
19003 0.719
9511 0.467
20413 0.033
25222 0.390
9045 0.220
21063 0.431
23220 0.859
22363 0.151
8139 0.914
18257 0.592
959 0.430
8663 0.532
21541 0.608
14625 0.904
13612 0.203
19418 0.185
16957 0.985
14903 0.838
6095 0.618
21713 0.394
13807 0.471
17339 0.491
18606 0.709
8628 0.323
12935 0.386
10845 0.735
17208 0.439
2321 0.910
4393 0.027
2465 0.901
21787 0.646
24223 0.743
8193 0.693
8018 0.824
23402 0.590
13685 0.256
9545 0.480
14842 0.485
11269 0.576
2341 0.194
226 0.340
5521 0.947
16524 0.064
16589 0.801
11992 0.905
22159 0.035
7754 0.513
7797 0.398
75 0.982
25808 0.881
18922 0.058
9976 0.152
13490 0.453
9574 0.637
25027 0.719
12963 0.543
19968 0.096
16388 0.731
15908 0.793
10827 0.114
6019 0.358
7560 0.800
16850 0.406
8517 0.050
15588 0.294
8617 0.645
25798 0.218
23420 0.999
9114 0.734
25588 0.322
9255 0.814
21601 0.619
20930 0.355
4513 0.391
7033 0.514
17729 0.567
13765 0.160
22326 0.619
963 0.026
1967 0.740
3416 0.699
26332 0.151
3250 0.731
24067 0.032
19342 0.786
13144 0.114
22938 0.866
24086 0.498
25234 0.340
585 0.287
24478 0.481
24304 0.146
20179 0.320
755 0.398
7900 0.067
537 0.833
25735 0.955
11773 0.086
25504 0.916
13639 0.798
10128 0.966
6682 0.721
4946 0.288
9706 0.857
24236 0.130
11142 0.215
7171 0.255
16049 0.875
13610 0.233
8100 0.033
15556 0.142
6756 0.412
16556 0.756
13455 0.803
13737 0.578
6471 0.767
6173 0.920
3526 0.492
3496 0.445
25578 0.061
26157 0.869
23327 0.426
22661 0.044
3761 0.789
790 0.378
15755 0.428
21727 0.909
22055 0.303
20100 0.696
22854 0.223
4536 0.787
15518 0.665
12892 0.078
26004 0.815
3989 0.704
23528 0.249
3409 0.517
14582 0.863
14398 0.189
12258 0.142
21508 0.457
1154 0.475
9506 0.580
8325 0.597
19497 0.320
18595 0.858
25866 0.511
6785 0.019
18189 0.175
7189 0.474
3746 0.956
19595 0.392
26329 0.705
23904 0.347
4574 0.883
14249 0.042
2181 0.509
2164 0.671
2249 0.055
5079 0.164
12056 0.962
13578 0.033
3011 0.076
16203 0.972
13167 0.469
22617 0.994
15697 0.696
10708 0.865
24326 0.225
23531 0.387
6439 0.064
25983 0.386
10395 0.569
7934 0.280
4332 0.253
6511 0.811
10481 0.633
16814 0.494
21695 0.075
5526 0.376
15946 0.921
22903 0.403
11968 0.926
20219 0.879
10438 0.877
1176 0.671
15601 0.597
7332 0.478
8659 0.423
17555 0.563
5083 0.444
22446 0.319
2972 0.237
13484 0.514
15931 0.732
12423 0.379
6583 0.363
10856 0.327
22405 0.187
3704 0.263
12788 0.888
20238 0.585
4743 0.637
5951 0.930
24224 0.036
3427 0.887
540 0.741
8559 0.483
3686 0.188
12027 0.169
10416 0.944
7950 0.321
103 0.812
8434 0.911
19793 0.257
17592 0.329
14917 0.893
20477 0.011
4574 0.437
14459 0.054
6032 0.685
7495 0.895
15598 0.692
17348 0.426
1013 0.725
11793 0.909
16315 0.847
7393 0.690
7097 0.069
14772 0.673
19002 0.567
9371 0.062
26271 0.385
22102 0.159
19639 0.469
11343 0.974
3503 0.800
8827 0.746
5182 0.254
13338 0.100
6642 0.383
12771 0.771
18920 0.113
23102 0.138
9560 0.067
3143 0.131
23150 0.309
15746 0.400
23814 0.516
6722 0.479
19159 0.258
338 0.650
13932 0.705
17300 0.376
11076 0.372
8101 0.637
21758 0.902
15213 0.169
14886 0.598
2121 0.601
1106 0.973
14614 0.718
25389 0.155
20802 0.314
18160 0.647
15878 0.881
4368 0.382
15303 0.627
17987 0.020
15977 0.773
9794 0.827
25490 0.198
4348 0.451
21596 0.738
10411 0.153
21128 0.690
9376 0.728
9605 0.729
1632 0.331
25111 0.077
8634 0.972
15414 0.573
1111 0.469
18686 0.860
21778 0.243
9456 0.157
219 0.118
18051 0.962
25848 0.868
20076 0.151
13342 0.361
2506 0.700
7257 0.296
2528 0.579
20619 0.657
7176 0.903
18252 0.522
20346 0.320
25233 0.540
743 0.734
11334 0.777
14010 0.873
2548 0.218
7696 0.201
22387 0.942
23056 0.499
11324 0.123
8692 0.864
24913 0.538
9879 0.073
20575 0.550
20676 0.301
25401 0.174
1101 0.274
19300 0.442
18194 0.374
1341 0.515
22126 0.482
63 0.110
23252 0.113
13432 0.876
11455 0.081
14725 0.515
8647 0.473
10961 0.717
25255 0.749
19639 0.479
18710 0.293
31 0.948
5944 0.903
3252 0.807
20717 0.110
14017 0.960
4470 0.091
2311 0.646
7760 0.907
8095 0.281
10758 0.141
2884 0.312
7207 0.412
16146 0.256
18667 0.116
10104 0.006
19146 0.826
23477 0.330
11523 0.836
526 0.616
11446 0.879
14246 0.803
23717 0.570
15391 0.976
24819 0.180
14391 0.909
18101 0.138
12989 0.960
8707 0.602
12941 0.284
16721 0.372
1109 0.605
10535 0.929
11427 0.346
22011 0.404
19368 0.115
8527 0.069
20054 0.641
5774 0.910
23539 0.933
15844 0.738
22378 0.661
2214 0.520
22405 0.277
12774 0.736
26228 0.159
23418 0.238
22805 0.796
6794 0.297
9181 0.462
24454 0.360
16017 0.569
7188 0.827
24408 0.871
1493 0.143
13423 0.858
15821 0.765
15986 0.091
4279 0.698
19517 0.483
16171 0.788
10836 0.373
24492 0.866
14429 0.899
10741 0.210
24770 0.813
7170 0.362
25777 0.378
17316 0.036
20870 0.886
18305 0.255
25337 0.263
12797 0.334
19474 0.245
26472 0.739
1958 0.683
14271 0.509
4649 0.799
58 0.334
26115 0.468
13960 0.050
2098 0.536
15572 0.186
25535 0.727
5889 0.539
3652 0.910
3040 0.339
981 0.575
10122 0.056
21755 0.943
24509 0.004
10607 0.687
22620 0.598
10609 0.634
4158 0.277
21645 0.472
406 0.915
18567 0.577
23755 0.657
18166 0.422
4662 0.663
18827 0.889
26385 0.890
19952 0.639
20050 0.681
9211 0.162
25298 0.807
24458 0.839
11789 0.420
25188 0.184
8937 0.379
13727 0.016
10817 0.662
1635 0.452
16370 0.375
17631 0.756
179 0.435
3763 0.502
11250 0.539
4524 0.251
18193 0.105
6295 0.049
9752 0.669
26333 0.267
12689 0.047
2336 0.587
6576 0.830
26375 0.188
22009 0.905
12920 0.376
23462 0.799
7065 0.807
23699 0.219
6698 0.431
22026 0.899
8828 0.368
1133 0.594
12576 0.291
24989 0.599
12413 0.900
11625 0.428
2546 0.870
9413 0.710
23231 0.085
3547 0.605
13307 0.045
26404 0.510
16673 0.917
11064 0.754
7172 0.017
14354 0.063
6017 0.788
7806 0.986
21449 0.233
25980 0.854
20565 0.943
23762 0.658
1290 0.836
21682 0.388
18531 0.750
22595 0.552
19428 0.764
20370 0.380
23801 0.838
19261 0.169
20128 0.414
24283 0.097
9976 0.584
987 0.112
390 0.197
9026 0.893
20191 0.344
9639 0.720
350 0.886
11379 0.565
14748 0.424
868 0.243
20007 0.061
7991 0.580
19575 0.054
13363 0.836
16290 0.059
8798 0.019
6768 0.311
26205 0.895
4175 0.917
6442 0.351
18845 0.368
5507 0.928
24658 0.898
19321 0.284
21054 0.785
8351 0.353
6696 0.486
9666 0.815
2503 0.163
17758 0.896
1355 0.871
5874 0.860
3447 0.455
9694 0.236
2854 0.613
282 0.086
443 0.808
10043 0.359
12312 0.728
19232 0.482
7308 0.077
25667 0.897
2691 0.684
521 0.700
12308 0.806
9740 0.440
9788 0.669
17587 0.233
22530 0.142
7233 0.066
11544 0.908
144 0.648
9002 0.274
7796 0.531
3362 0.863
1946 0.341
1284 0.032
20617 0.881
25746 0.870
5651 0.364
10799 0.886
8684 0.892
15305 0.165
2960 0.575
7129 0.657
21112 0.341
22800 0.928
14508 0.006
3117 0.839
5459 0.807
3273 0.538
12646 0.401
25066 0.132
8380 0.044
18781 0.280
1267 0.729
12843 0.917
221 0.291
6313 0.403
15017 0.532
12052 0.974
11904 0.435
24928 0.816
5423 0.528
24066 0.586
8636 0.333
15332 0.374
408 0.660
14490 0.910
18023 0.161
18052 0.301
11025 0.407
14773 0.500
8666 0.451
11944 0.900
25723 0.870
4542 0.730
18541 0.005
21852 0.434
21541 0.670
12652 0.862
1700 0.062
20090 0.098
21463 0.204
23175 0.068
4258 0.581
18471 0.539
15399 0.446
6871 0.637
4203 0.452
2438 0.344
25687 0.247
13788 0.631
2770 0.180
2001 0.227
9186 0.983
22781 0.919
25303 0.920
971 0.517
18700 0.901
20155 0.544
1248 0.943
18525 0.152
2490 0.658
4067 0.378
9638 0.334
11186 0.212
1681 0.680
3813 0.311
3479 0.417
116 0.657
23610 0.966
11210 0.011
9174 0.556
5717 0.741
1087 0.922
7009 0.468
21091 0.156
13526 0.394
11377 0.423
19825 0.309
3649 0.289
13432 0.467
17629 0.082
13981 0.683
8650 0.780
7977 0.530
6052 0.607
3425 0.722
25648 0.604
8565 0.140
15969 0.745
7939 0.879
2313 0.827
3465 0.589
1719 0.908
9039 0.314
6502 0.513
5190 0.729
21910 0.261
3771 0.012
15991 0.948
14790 0.313
815 0.091
16962 0.753
19123 0.136
9214 0.219
22677 0.945
7575 0.214
6562 0.276
22969 0.549
2374 0.750
6666 0.155
26082 0.197
12033 0.496
4166 0.070
19839 0.083
15353 0.032
501 0.470
19827 0.964
20515 0.230
1984 0.052
3219 0.212
23162 0.328
12968 0.265
20343 0.559
12782 0.522
19825 0.746
16738 0.604
4910 0.036
22838 0.579
7511 0.389
1455 0.690
8741 0.969
7398 0.775
176 0.264
26409 0.748
12004 0.838
21455 0.568
26334 0.970
15363 0.174
25341 0.105
24022 0.839
24064 0.194
11333 0.728
3438 0.753
22495 0.787
24496 0.006
24210 0.291
6177 0.588
26289 0.834
14393 0.656
3803 0.401
554 0.386
22557 0.433
21101 0.732
21234 0.162
26136 0.979
10231 0.595
12262 0.830
5626 0.191
1457 0.245
22713 0.164
15154 0.747
21427 0.317
7064 0.403
1974 0.725
13111 0.134
24887 0.147
10549 0.716
22294 0.991
9972 0.620
5675 0.701
17388 0.052
18616 0.829
16696 0.451
6286 0.300
12128 0.299
7467 0.235
9190 0.956
25968 0.869
3753 0.502
19845 0.881
11911 0.323
3205 0.707
3947 0.997
11714 0.623
5181 0.133
17228 0.378
17137 0.190
24353 0.189
8302 0.537
14525 0.034
19909 0.608
12976 0.294
10274 0.293
13502 0.270
21552 0.835
15617 0.721
24829 0.332
26403 0.649
10185 0.937
6336 0.721
23153 0.214
24264 0.449
2280 0.297
5184 0.008
9970 0.824
7762 0.031
1010 0.504
4966 0.660
3720 0.315
6104 0.896
14596 0.895
15346 0.133
22102 0.626
5694 0.319
21922 0.492
22102 0.508
19704 0.554
5750 0.665
8025 0.400
24875 0.955
12410 0.542
16164 0.746
2807 0.439
12273 0.228
7277 0.998
6688 0.482
25856 0.535
8227 0.603
7947 0.395
13702 0.074
930 0.682
12207 0.382
25100 0.644
16890 0.017
5078 0.933
7028 0.249
19297 0.543
15294 0.284
3894 0.339
7370 0.291
21219 0.770
20521 0.033
8507 0.607
16368 0.020
19704 0.370
5829 0.584
4566 0.660
17455 0.028
16154 0.890
3353 0.219
25206 0.348
4309 0.181
17864 0.953
2934 0.674
4849 0.102
7823 0.204
5029 0.961
25544 0.558
19182 0.319
11294 0.457
24000 0.169
18427 0.756
16366 0.270
6110 0.072
17516 0.920
461 0.195
23731 0.739
7940 0.226
1591 0.319
23375 0.944
8846 0.374
9757 0.843
10773 0.316
24442 0.463
19499 0.397
6793 0.000
8476 0.658
12045 0.982
6537 0.567
4539 0.858
10831 0.268
6320 0.315
12930 0.747
5801 0.494
17128 0.648
8990 0.106
19923 0.859
17666 0.699
643 0.117
17275 0.414
6295 0.049
6848 0.378
15404 0.431
22185 0.173
25 0.850
22085 0.500
19108 0.393
17873 0.235
16185 0.730
16405 0.699
17272 0.185
22972 0.107
16421 0.179
3692 0.398
7077 0.368
7243 0.247
22819 0.168
13786 0.707
13596 0.280
12516 0.351
12755 0.342
19770 0.775
10087 0.333
17068 0.549
21847 0.878
9129 0.305
13919 0.126
24341 0.614
11888 0.732
3630 0.920
1766 0.880
18819 0.585
8736 0.593
12503 0.281
738 0.654
25598 0.955
12729 0.235
17825 0.983
20824 0.181
25289 0.068
18064 0.709
26103 0.199
4140 0.969
13491 0.658
16926 0.860
8209 0.979
3716 0.695
7137 0.735
2712 0.637
14672 0.745
20641 0.966
11484 0.453
5361 0.978
16352 0.666
17495 0.120
10839 0.124
7332 0.542
16190 0.292
8645 0.421
24633 0.456
3467 0.107
18604 0.850
25843 0.715
19050 0.754
20629 0.106
23276 0.321
21198 0.049
3900 0.868
22814 0.370
19519 0.122
10103 0.146
4021 0.976
19824 0.616
8246 0.155
10110 0.319
8396 0.549
25704 0.276
15478 0.682
20044 0.994
13408 0.775
23056 0.077
14146 0.530
15604 0.050
4339 0.924
21642 0.764
7132 0.381
5053 0.278
17365 0.562
18333 0.167
13735 0.702
19925 0.289
8527 0.319
4304 0.842
9439 0.905
12891 0.284
23467 0.107
10442 0.308
10392 0.390
388 0.924
5352 0.547
1448 0.734
13819 0.982
17894 0.038
20308 0.874
22596 0.864
25525 0.920
4240 0.990
19616 0.511
14214 0.991
8084 0.414
3253 0.073
3089 0.653
13989 0.263
278 0.351
20424 0.088
23155 0.507
18177 0.220
16633 0.154
10842 0.010
6546 0.018
3856 0.442
23466 0.034
16867 0.927
4851 0.024
3335 0.208
9749 0.858
8535 0.497
16581 0.344
25801 0.048
25640 0.147
6541 0.945
243 0.022
26016 0.452
17796 0.054
6439 0.248
6130 0.133
1675 0.541
7448 0.117
13718 0.823
5867 0.024
13024 0.590
21451 0.818
10434 0.979
3962 0.782
18118 0.622
5714 0.214
23488 0.821
7043 0.937
3618 0.221
24346 0.034
26326 0.416
11410 0.489
6157 0.950
9979 0.574
10596 0.307
22743 0.859
5384 0.673
6137 0.578
20256 0.325
17089 0.640
20771 0.833
8354 0.481
24668 0.280
19852 0.894
10400 0.197
26018 0.838
23213 0.674
8781 0.033
22657 0.566
22099 0.046
17796 0.989
7057 0.507
10612 0.648
23000 0.360
659 0.694
1725 0.611
25183 0.008
6706 0.355
25112 0.170
22156 0.164
23919 0.462
101 0.249
16439 0.472
2348 0.621
8268 0.368
20369 0.797
16144 0.051
15892 0.610
25734 0.867
319 0.953
9319 0.058
8904 0.111
6025 0.455
7324 0.595
10113 0.648
8664 0.830
24068 0.649
10426 0.837
14097 0.961
4605 0.012
20505 0.559
1389 0.555
22308 0.045
18920 0.623
15842 0.958
16170 0.702
1472 0.693
3103 0.393
13729 0.008
14183 0.453
25935 0.563
10733 0.423
4242 0.356
14761 0.662
11593 0.139
12764 0.000
7293 0.437
13372 0.584
11640 0.471
20401 0.492
10889 0.662
7246 0.674
19933 0.320
8669 0.155
20767 0.429
9049 0.349
1560 0.721
4160 0.508
19236 0.109
13959 0.256
7821 0.799
12465 0.474
1506 0.646
10201 0.396
16962 0.840
2143 0.762
7989 0.079
17329 0.809
3358 0.023
2393 0.059
18079 0.208
15624 0.797
5445 0.549
1625 0.073
8008 0.875
4424 0.457
327 0.684
6785 0.494
7340 0.411
5274 0.179
6963 0.184
12614 0.545
14361 0.690
3184 0.123
14084 0.854
16499 0.636
3873 0.050
15762 0.136
15522 0.127
8199 0.900
9987 0.111
8244 0.213
23871 0.494
14448 0.372
9495 0.686
20470 0.946
17328 0.306
23632 0.092
21347 0.723
18505 0.231
14315 0.161
16568 0.076
14126 0.984
16502 0.368
24956 0.711
5813 0.303
4071 0.945
18083 0.183
3760 0.195
10627 0.823
2493 0.608
23392 0.180
9982 0.179
5006 0.702
17976 0.575
22362 0.718
8310 0.751
318 0.535
17426 0.177
14018 0.420
3399 0.869
8500 0.284
16308 0.527
3906 0.089
6247 0.670
4519 0.491
8643 0.460
9567 0.933
23826 0.418
9096 0.729
18828 0.513
25340 0.718
21130 0.132
18041 0.206
13961 0.059
633 0.254
14885 0.958
21220 0.845
20628 0.251
3290 0.735
25930 0.698
2006 0.320
682 0.046
1198 0.789
19995 0.559
13834 0.679
25599 0.354
13177 0.756
1521 0.205
14058 0.718
4804 0.514
21147 0.839
10588 0.734
2262 0.462
2481 0.835
1828 0.564
12417 0.282
1053 0.680
20660 0.818
17544 0.890
19857 0.092
25648 0.297
19890 0.920
15922 0.642
18630 0.003
12599 0.406
25668 0.430
833 0.954
967 0.223
16264 0.634
1690 0.615
23675 0.873
13129 0.511
427 0.077
25562 0.681
22914 0.604
243 0.275
20334 0.943
10742 0.488
26261 0.663
22253 0.704
13703 0.829
6852 0.453
8229 0.739
24557 0.365
22652 0.519
14035 0.150
9682 0.306
7136 0.235
17632 0.668
622 0.651
5002 0.924
6185 0.554
6146 0.620
18693 0.134
12265 0.461
14587 0.006
5053 0.744
18346 0.907
10025 0.883
25354 0.743
9132 0.453
3197 0.443
24686 0.569
6695 0.685
24949 0.539
12179 0.010
381 0.015
4103 0.169
5327 0.475
6705 0.626
6437 0.329
6480 0.103
19251 0.895
11892 0.371
26277 0.965
5074 0.174
13681 0.655
14706 0.318
1108 0.021
19181 0.410
5246 0.249
2613 0.679
5481 0.876
7414 0.701
7327 0.055
11535 0.449
14196 0.535
24391 0.801
21785 0.184
2137 0.519
1874 0.485
10415 0.616
5377 0.318
19970 0.902
16012 0.452
4358 0.511
5829 0.341
11191 0.975
21587 0.334
11838 0.746
9199 0.669
3254 0.444
13650 0.668
7517 0.236
17923 0.724
20395 0.391
6729 0.642
15969 0.669
25529 0.507
9111 0.671
6440 0.823
23791 0.406
14656 0.938
4860 0.102
25598 0.543
3160 0.971
6385 0.752
23501 0.953
23056 0.060
11476 0.083
4896 0.020
2946 0.097
6221 0.709
11520 0.073
17525 0.864
22480 0.243
8139 0.209
2175 0.973
10067 0.079
12001 0.714
11537 0.841
15009 0.550
16472 0.059
23075 0.600
14410 0.800
22200 0.602
17253 0.259
4125 0.520
20114 0.686
20790 0.548
2736 0.375
14548 0.287
9697 0.064
851 0.184
12005 0.155
10532 0.204
4452 0.922
8258 0.106
5620 0.105
227 0.944
18068 0.702
16096 0.829
1840 0.363
21949 0.755
435 0.256
10516 0.478
14871 0.700
19607 0.772
8427 0.581
13391 0.925
11984 0.156
21618 0.755
4295 0.203
5793 0.424
6684 0.200
19413 0.263
20337 0.839
19859 0.535
3639 0.609
19153 0.096
8765 0.587
14811 0.701
9040 0.912
25866 0.568
14345 0.705
2914 0.150
22750 0.153
16277 0.655
14138 0.691
5471 0.112
14769 0.452
16243 0.568
13475 0.244
12446 0.599
4707 0.378
5791 0.868
14727 0.523
3146 0.856
9036 0.732
729 0.150
23546 0.546
7305 0.667
24410 0.691
20656 0.131
20575 0.142
4114 0.602
16275 0.047
13808 0.085
12032 0.482
23205 0.316
15804 0.130
19626 0.840
6440 0.645
15449 0.948
21224 0.059
14595 0.501
7172 0.087
7047 0.770
14947 0.505
16296 0.222
6536 0.225
16786 0.810
2359 0.614
19967 0.524
1775 0.974
12086 0.969
10962 0.038
17224 0.656
24050 0.068
3579 0.558
14636 0.341
1465 0.856
9992 0.497
24137 0.343
7711 0.268
7536 0.486
25436 0.398
1363 0.163
13812 0.819
17882 0.233
25630 0.212
19904 0.989
10501 0.358
3758 0.896
22246 0.457
24829 0.398
8676 0.169
20266 0.950
10824 0.298
244 0.869
22360 0.341
6932 0.300
15491 0.744
19892 0.588
3843 0.067
2140 0.935
25591 0.671
9559 0.446
4889 0.631
7267 0.142
22613 0.266
23875 0.773
2655 0.043
2240 0.326
5847 0.575
613 0.556
25250 0.637
7688 0.530
21480 0.400
25582 0.988
20077 0.604
24149 0.466
12681 0.839
25871 0.405
23081 0.687
12626 0.289
23843 0.838
43 0.423
20972 0.814
11341 0.677
1814 0.480
21200 0.740
1710 0.863
3211 0.213
8467 0.653
357 0.981
19389 0.449
20543 0.537
8061 0.727
13219 0.028
7792 0.447
6872 0.495
1927 0.866
1534 0.290
649 0.213
3876 0.032
5674 0.004
12580 0.567
17963 0.114
25747 0.689
8873 0.179
7095 0.850
7455 0.537
7724 0.834
9369 0.285
5038 0.410
14607 0.795
22563 0.257
167 0.171
14174 0.352
4390 0.242
10982 0.924
25328 0.029
577 0.788
7478 0.966
16589 0.668
8672 0.790
11768 0.568
5770 0.414
1708 0.344
23216 0.620
12879 0.116
7217 0.649
23713 0.511
16915 0.879
13337 0.645
16178 0.076
865 0.392
13021 0.933
14003 0.809
17587 0.390
5655 0.951
26183 0.198
8311 0.867
7673 0.231
10920 0.491
20832 0.117
5614 0.503
7118 0.966
2563 0.870
3875 0.111
18400 0.445
4412 0.809
13862 0.796
2167 0.267
17231 0.600
13479 0.778
14933 0.398
13731 0.078
8337 0.426
24436 0.011
15584 0.347
5241 0.946
4438 0.357
15993 0.805
23702 0.622
536 0.049
18405 0.082
7931 0.864
22564 0.793
23162 0.714
15292 0.672
24965 0.371
577 0.921
664 0.187
4915 0.533
8102 0.192
23162 0.941
17645 0.121
3008 0.899
18035 0.184
17423 0.369
21983 0.062
11805 0.603
10908 0.438
25379 0.584
6715 0.006
11236 0.652
24283 0.416
7008 0.330
14869 0.247
6961 0.980
6836 0.304
3758 0.196
20523 0.196
4453 0.209
6905 0.859
11596 0.979
2852 0.110
11692 0.961
1033 0.744
11682 0.397
16393 0.504
15667 0.221
21889 0.611
11944 0.713
4697 0.788
11138 0.148
4104 0.641
13664 0.364
4632 0.922
6715 0.273
25302 0.576
11283 0.660
24695 0.193
5470 0.504
6347 0.340
25991 0.899
16502 0.809
4908 0.193
25753 0.772
13621 0.094
2089 0.058
9046 0.270
24459 0.277
6878 0.842
21317 0.992
17315 0.796
12041 0.437
18704 0.472
1005 0.865
22874 0.017
677 0.220
22035 0.090
14789 0.425
6565 0.362
2896 0.337
20244 0.145
26500 0.432
5365 0.137
1177 0.153
11184 0.533
15446 0.058
19554 0.657
4122 0.783
528 0.914
19598 0.389
23853 0.499
4383 0.881
24782 0.370
1961 0.491
19315 0.702
16691 0.187
11715 0.255
19565 0.504
15793 0.991
331 0.024
19416 0.877
13065 0.107
11186 0.224
25406 0.723
1797 0.562
14870 0.592
13751 0.635
7752 0.163
17118 0.057
21004 0.428
12591 0.167
13260 0.397
12152 0.504
18900 0.524
21002 0.267
3416 0.317
7595 0.074
16456 0.246
25316 0.695
5584 0.444
2551 0.423
1827 0.260
26203 0.490
6068 0.032
8079 0.627
22481 0.132
4033 0.375
26084 0.992
17571 0.017
11092 0.240
12165 0.681
10644 0.473
10076 0.668
13119 0.958
23897 0.097
18313 0.355
23379 0.246
1207 0.671
21890 0.999
23248 0.429
10655 0.773
16765 0.027
17758 0.392
19256 0.569
1278 0.650
25351 0.223
21037 0.232
25590 0.812
6292 0.287
18325 0.814
17334 0.619
18947 0.778
15067 0.049
5348 0.380
15539 0.540
6874 0.056
5889 0.480
10164 0.710
19528 0.853
20027 0.959
6479 0.862
9591 0.496
9557 0.861
11502 0.363
2812 0.676
5002 0.238
21583 0.991
12956 0.047
16716 0.893
10350 0.463
697 0.540
8804 0.599
15513 0.032
20555 0.860
19931 0.578
3770 0.185
20917 0.865
19479 0.065
3934 0.972
22377 0.730
1653 0.124
19445 0.495
13194 0.319
5705 0.934
22577 0.501
1752 0.384
2431 0.549
3754 0.639
13978 0.952
9927 0.936
204 0.855
3706 0.473
25612 0.041
3919 0.649
843 0.645
1746 0.235
8826 0.491
10799 0.103
8897 0.497
14307 0.275
8180 0.447
23872 0.628
25059 0.550
22510 0.775
9960 0.140
7883 0.931
9452 0.472
14791 0.543
25479 0.507
22771 0.500
12816 0.864
20330 0.702
5649 0.360
8386 0.027
10589 0.939
26312 0.111
20194 0.984
5227 0.219
9028 0.355
31 0.070
18599 0.131
26413 0.496
3227 0.306
160 0.040
6900 0.014
19209 0.127
23020 0.267
19276 0.210
9918 0.924
8584 0.514
16305 0.912
18042 0.458
5748 0.767
17851 0.353
10063 0.218
20260 0.689
10747 0.116
17016 0.790
1042 0.552
10671 0.014
12224 0.325
13988 0.374
22121 0.232
20624 0.234
11923 0.236
26412 0.883
8824 0.713
22276 0.123
19511 0.406
8319 0.548
20848 0.109
9316 0.272
26103 0.864
22958 0.354
17767 0.471
2212 0.113
23420 0.137
11869 0.489
5242 0.998
2434 0.558
9664 0.194
11269 0.538
665 0.516
19198 0.653
12176 0.307
12066 0.294
12195 0.208
6887 0.235
9791 0.766
25609 0.375
11178 0.315
23191 0.906
2627 0.980
3097 0.232
21015 0.474
3441 0.368
19215 0.835
24830 0.265
9043 0.917
19508 0.640
14465 0.554
4215 0.267
14666 0.207
6499 0.995
22295 0.972
16532 0.785
17025 0.841
24685 0.359
5297 0.759
4218 0.297
23246 0.856
2895 0.254
18875 0.755
7030 0.458
4451 0.064
443 0.573
7307 0.633
22837 0.041
22549 0.982
5674 0.409
9201 0.621
7464 0.550
3421 0.475
1785 0.029
23197 0.228
15158 0.768
25440 0.808
12126 0.637
15827 0.144
7422 0.255
24929 0.578
4084 0.557
8190 0.003
11035 0.937
17735 0.934
88 0.601
5153 0.411
9960 0.262
2231 0.553
1852 0.593
19504 0.915
10947 0.997
21704 0.838
23687 0.745
13603 0.422
19415 0.985
14161 0.870
13242 0.976
7578 0.831
8003 0.236
12156 0.542
12875 0.221
23513 0.041
25965 0.192
6590 0.453
22214 0.779
16628 0.201
3059 0.050
22147 0.170
13694 0.172
21932 0.725
8285 0.452
3544 0.009
20310 0.147
24663 0.050
13566 0.462
20510 0.967
5463 0.865
23958 0.939
8422 0.805
15295 0.889
15921 0.069
13385 0.377
19814 0.136
4387 0.519
14997 0.434
3045 0.937
18346 0.443
551 0.084
20147 0.665
1856 0.138
2512 0.566
895 0.427
14122 0.240
16337 0.243
21447 0.242
2427 0.675
16258 0.337
11081 0.942
650 0.933
6430 0.011
5220 0.803
13636 0.456
11818 0.908
14340 0.006
1596 0.873
26061 0.929
15901 0.474
2565 0.146
11846 0.945
16497 0.149
13322 0.171
24517 0.701
4443 0.458
18209 0.744
1344 0.363
3004 0.464
22653 0.940
19165 0.760
24647 0.916
16656 0.324
17362 0.850
3379 0.198
360 0.690
25567 0.971
315 0.165
6274 0.696
319 0.786
21862 0.134
8714 0.108
20165 0.814
12465 0.941
21673 0.497
5808 0.582
9547 0.178
1437 0.638
14635 0.806
2675 0.357
17968 0.084
22623 0.051
22446 0.034
10335 0.249
2146 0.307
11796 0.961
8529 0.264
19202 0.939
5293 0.156
17926 0.710
20187 0.674
17155 0.418
798 0.053
24386 0.513
11247 0.360
3059 0.124
11839 0.728
3676 0.732
15530 0.617
10185 0.842
25607 0.659
16549 0.683
24533 0.793
25358 0.010
426 0.502
8634 0.899
16880 0.961
19622 0.049
17985 0.712
21036 0.044
22388 0.916
23020 0.026
4118 0.563
18687 0.175
25820 0.859
17451 0.588
15793 0.764
423 0.617
4647 0.591
1670 0.446
1031 0.530
2575 0.188
2757 0.173
4003 0.172
24552 0.349
584 0.222
18218 0.764
4218 0.768
24426 0.860
9247 0.327
10330 0.706
24670 0.920
17785 0.021
23806 0.152
24194 0.474
2950 0.625
14484 0.610
9972 0.873
19941 0.735
4455 0.499
21061 0.628
14933 0.519
14071 0.331
2691 0.661
20560 0.584
3633 0.670
9744 0.745
15611 0.775
5777 0.996
16656 0.294
11909 0.872
5000 0.852
17160 0.248
15867 0.415
14014 0.613
270 0.741
6295 0.604
4172 0.133
16821 0.411
12700 0.598
13433 0.110
22547 0.567
19626 0.890
23494 0.193
16185 0.424
16767 0.444
24366 0.805
22084 0.096
14563 0.745
6255 0.803
26079 0.358
15277 0.704
16186 0.128
16775 0.797
24268 0.192
1318 0.579
9132 0.508
21883 0.591
15257 0.165
13555 0.008
24797 0.179
24751 0.446
17205 0.560
24914 0.453
23746 0.724
3696 0.833
16185 0.474
6721 0.215
24695 0.873
17933 0.654
13245 0.976
25009 0.399
22421 0.639
13787 0.322
4096 0.038
437 0.869
12393 0.826
17548 0.325
5805 0.887
9556 0.454
23518 0.505
4958 0.525
3559 0.737
21864 0.707
14680 0.012
7253 0.949
2742 0.278
26169 0.104
472 0.716
85 0.447
24545 0.784
433 0.462
23269 0.379
4072 0.397
14179 0.331
12495 0.865
15673 0.581
3567 0.416
12548 0.416
26054 0.371
11619 0.587
9864 0.309
1654 0.591
14010 0.988
323 0.027
1781 0.058
9604 0.065
18885 0.199
988 0.730
13868 0.898
13509 0.310
3145 0.394
6185 0.083
20022 0.083
6238 0.890
16382 0.697
17358 0.508
26465 0.873
14803 0.958
5280 0.387
18744 0.613
21981 0.649
26328 0.583
22731 0.114
2882 0.598
16380 0.279
258 0.411
19010 0.324
1748 0.085
20196 0.375
14149 0.051
24040 0.553
15630 0.806
13972 0.037
26281 0.298
19365 0.133
25739 0.803
13558 0.528
12301 0.157
5792 0.363
14578 0.635
19877 0.756
14476 0.387
8615 0.833
17799 0.301
20958 0.753
23704 0.480
24475 0.808
2168 0.589
22951 0.684
5553 0.316
24736 0.762
10374 0.054
18378 0.805
6728 0.933
7728 0.857
7678 0.538
17371 0.762
8566 0.118
4335 0.767
15571 0.612
25861 0.234
18481 0.232
24846 0.753
23816 0.700
6480 0.299
14003 0.049
21581 0.816
3471 0.949
25737 0.835
2485 0.399
468 0.830
14253 0.583
9755 0.513
15529 0.530
574 0.136
166 0.975
24318 0.406
23703 0.673
11740 0.413
21733 0.779
26108 0.934
15222 0.827
17473 0.656
24538 0.223
8107 0.518
17256 0.740
5337 0.327
5183 0.292
7330 0.084
8723 0.469
17671 0.303
14129 0.911
17525 0.374
13687 0.376
5174 0.520
613 0.338
26367 0.600
23337 0.445
11707 0.685
4221 0.838
7073 0.594
1451 0.581
18266 0.748
506 0.501
4445 0.326
15681 0.181
6057 0.718
11196 0.921
17642 0.235
17080 0.408
11719 0.581
23939 0.164
16685 0.002
7134 0.468
10489 0.496
9916 0.713
13094 0.305
8307 0.515
20247 0.214
19479 0.055
20574 0.855
18761 0.926
22671 0.453
12285 0.329
25349 0.356
17403 0.990
613 0.606
1548 0.431
20052 0.189
4216 0.217
17030 0.323
3700 0.661
7664 0.817
10779 0.881
415 0.927
23645 0.153
19093 0.006
8584 0.126
8142 0.325
8512 0.318
1273 0.137
22979 0.110
23581 0.517
60 0.296
20962 0.464
1604 0.138
19904 0.363
1975 0.751
4427 0.908
1532 0.301
17595 0.517
6381 0.764
9320 0.943
12164 0.265
16080 0.473
6115 0.593
22611 0.063
3521 0.328
6677 0.606
10310 0.173
18975 0.881
5686 0.395
22073 0.141
6310 0.819
10717 0.296
8753 0.105
10022 0.860
2362 0.115
1550 0.225
560 0.776
6412 0.003
23864 0.719
8443 0.777
12006 0.366
22073 0.635
20503 0.785
16839 0.515
15097 0.953
4045 0.427
5186 0.774
1296 0.423
2156 0.865
22803 0.650
23122 0.941
8669 0.225
1482 0.715
25491 0.276
10050 0.150
17795 0.299
13932 0.762
7607 0.185
11550 0.411
5651 0.720
25050 0.081
8908 0.280
12288 0.891
21871 0.040
19208 0.138
5310 0.837
11556 0.639
17752 0.590
21950 0.530
5255 0.782
8867 0.676
8816 0.805
24680 0.116
2910 0.820
795 0.876
21834 0.420
5215 0.961
1969 0.215
19955 0.039
13890 0.406
1152 0.222
23859 0.573
15902 0.895
19928 0.330
3533 0.751
17716 0.140
19330 0.227
14881 0.592
25611 0.596
1717 0.981
26312 0.903
18189 0.105
15157 0.315
14816 0.298
4403 0.530
3467 0.983
628 0.190
19275 0.332
22247 0.344
5146 0.357
14919 0.500
9816 0.539
11294 0.503
10438 0.648
13662 0.104
10603 0.548
15476 0.535
22864 0.586
6509 0.828
21814 0.681
2305 0.633
10563 0.882
21899 0.516
21443 0.347
16384 0.279
20868 0.868
484 0.731
6422 0.253
23656 0.183
21903 0.178
2831 0.675
13413 0.948
26281 0.501
11533 0.169
4278 0.666
6337 0.277
14229 0.633
1238 0.433
11831 0.704
16561 0.155
2775 0.804
14852 0.044
23984 0.907
13195 0.656
13435 0.637
11349 0.750
14938 0.687
12013 0.710
17470 0.901
11931 0.018
14596 0.459
24006 0.358
17738 0.504
21231 0.174
4641 0.642
5104 0.623
19782 0.245
240 0.555
11741 0.988
20632 0.996
23704 0.574
22778 0.940
22873 0.025
20072 0.890
24891 0.579
13885 0.385
23906 0.645
20242 0.961
16318 0.084
10619 0.131
15408 0.537
5188 0.793
14979 0.731
17473 0.988
15886 0.287
8085 0.721
5592 0.694
1447 0.244
15734 0.108
22437 0.390
24455 0.173
6390 0.897
13951 0.670
24723 0.147
4495 0.461
965 0.513
7126 0.456
7621 0.050
16541 0.181
1888 0.014
13806 0.673
4163 0.103
24883 0.256
3566 0.776
11765 0.139
4793 0.786
11709 0.589
4293 0.421
18153 0.111
13816 0.958
17786 0.974
2761 0.296
22766 0.526
17093 0.946
626 0.596
20863 0.424
22694 0.350
22085 0.646
4275 0.444
22428 0.977
23957 0.393
17719 0.641
5316 0.173
9045 0.965
2673 0.316
14675 0.713
387 0.021
10334 0.293
7264 0.657
4218 0.851
8694 0.780
14913 0.310
18130 0.615
14008 0.106
13324 0.818
1308 0.833
21211 0.187
8963 0.900
3375 0.477
25801 0.163
22813 0.124
1629 0.010
16138 0.273
24989 0.025
2911 0.432
21815 0.781
25541 0.980
12822 0.383
1461 0.214
629 0.591
2434 0.756
20620 0.516
7027 0.815
19060 0.241
3371 0.515
11287 0.270
20343 0.132
14353 0.674
18391 0.881
6447 0.390
25327 0.734
12637 0.705
13526 0.542
15891 0.478
12562 0.378
4659 0.131
1519 0.465
22190 0.965
15689 0.123
7115 0.803
9348 0.781
1929 0.932
5323 0.175
2412 0.302
17695 0.816
18571 0.405
15948 0.198
18857 0.773
772 0.268
16715 0.704
18766 0.157
13326 0.832
3681 0.507
17110 0.142
13432 0.317
806 0.956
24153 0.223
14513 0.914
9302 0.105
25431 0.747
24141 0.234
2493 0.535
17036 0.737
4104 0.306
26279 0.048
14687 0.165
13937 0.491
22178 0.990
14011 0.797
9210 0.367
4663 0.582
17985 0.508
8897 0.847
1449 0.600
22487 0.894
13962 0.330
21762 0.869
23750 0.306
15330 0.293
12651 0.390
25279 0.298
22120 0.102
6697 0.250
2504 0.934
8264 0.133
23944 0.613
21960 0.356
25907 0.995
9443 0.321
19098 0.923
22326 0.231
9295 0.166
16534 0.144
1092 0.495
22039 0.458
21333 0.694
4882 0.001
8242 0.483
12935 0.594
17955 0.427
1134 0.978
3786 0.799
23689 0.483
10143 0.766
22922 0.553
25607 0.018
7778 0.168
2340 0.626
11429 0.521
10336 0.243
15194 0.658
11283 0.073
23746 0.485
23303 0.105
16263 0.276
26213 0.309
16103 0.215
18050 0.904
13262 0.622
14737 0.362
20151 0.730
17919 0.619
9057 0.925
17753 0.280
12515 0.488
12585 0.763
2963 0.201
7432 0.715
12347 0.392
11374 0.643
7095 0.535
12396 0.856
21221 0.725
292 0.824
19258 0.396
8591 0.690
13880 0.326
13183 0.912
22937 0.510
12895 0.680
9949 0.218
1372 0.382
11457 0.255
10743 0.361
22887 0.406
11130 0.518
22430 0.953
25162 0.389
25934 0.485
12721 0.907
4448 0.434
14592 0.757
6209 0.380
12449 0.198
8830 0.605
20155 0.067
11233 0.930
10134 0.648
19629 0.043
3933 0.209
17926 0.727
19794 0.813
7149 0.117
16036 0.832
2466 0.434
4543 0.247
21773 0.113
15930 0.159
25483 0.829
9913 0.960
2235 0.490
21449 0.917
9870 0.089
14361 0.914
10554 0.995
6805 0.912
23738 0.764
22170 0.429
13238 0.785
19663 0.783
13405 0.669
11962 0.969
6716 0.305
1068 0.646
426 0.594
19585 0.901
20337 0.555
23269 0.748
7726 0.638
4879 0.788
1235 0.526
1166 0.971
25132 0.311
12649 0.360
20887 0.880
16263 0.040
6449 0.289
26169 0.293
19939 0.828
7133 0.609
9492 0.485
14274 0.949
12808 0.591
18741 0.299
385 0.333
24050 0.429
5247 0.677
1159 0.903
14620 0.685
40 0.586
10647 0.868
18236 0.262
25014 0.462
22104 0.312
19929 0.630
11783 0.658
6703 0.228
24121 0.560
7097 0.403
19588 0.237
2859 0.610
6366 0.173
1278 0.327
20003 0.881
2512 0.022
15901 0.221
10041 0.014
16096 0.614
372 0.432
151 0.803
15615 0.768
22302 0.895
17611 0.066
5100 0.738
16671 0.383
15802 0.565
24582 0.357
11876 0.145
17194 0.859
22381 0.412
5081 0.806
26078 0.692
19782 0.635
157 0.492
1218 0.311
17991 0.938
15691 0.870
7883 0.058
2853 0.648
19497 0.711
8121 0.913
1912 0.880
8976 0.745
12753 0.882
25753 0.349
23268 0.846
13902 0.940
3385 0.251
16760 0.754
17542 0.845
1709 0.192
16079 0.567
5408 0.326
9460 0.760
18483 0.418
17243 0.702
21401 0.576
13292 0.774
12295 0.892
25095 0.584
21763 0.005
21102 0.308
3652 0.527
24126 0.251
11064 0.490
16164 0.865
19960 0.453
4323 0.932
26184 0.718
14363 0.374
15364 0.157
5640 0.497
8246 0.501
13584 0.498
24548 0.745
6064 0.942
23968 0.550
16901 0.812
1223 0.712
16501 0.241
322 0.618
19491 0.584
13705 0.547
15021 0.154
6833 0.045
24520 0.409
20154 0.758
22503 0.702
5209 0.805
24265 0.039
5748 0.454
158 0.693
17626 0.847
11999 0.571
20920 0.731
3520 0.315
14871 0.010
10086 0.258
12851 0.455
24594 0.840
18799 0.943
14929 0.641
3938 0.834
20680 0.011
10020 0.824
7289 0.724
23348 0.561
17321 0.551
13098 0.248
25845 0.478
7485 0.824
25529 0.131
18765 0.191
1228 0.889
23983 0.210
14357 0.625
12511 0.457
1014 0.704
10612 0.205
1771 0.867
15314 0.013
4021 0.816
2161 0.814
19575 0.630
9915 0.159
311 0.910
25965 0.993
16116 0.952
23018 0.494
8295 0.657
13462 0.607
6297 0.958
1268 0.410
22928 0.503
4520 0.446
2128 0.246
17644 0.875
20796 0.839
10922 0.958
19552 0.562
5064 0.366
4328 0.767
16557 0.269
14359 0.560
12870 0.968
7572 0.928
16604 0.952
15483 0.660
4715 0.306
24771 0.815
22713 0.383
3388 0.286
14618 0.058
21024 0.619
14251 0.047
22498 0.127
58 0.490
24607 0.508
26135 0.869
11348 0.438
23161 0.812
4647 0.961
17544 0.973
19136 0.633
6832 0.762
25210 0.577
16506 0.703
553 0.947
16831 0.575
16226 0.585
17959 0.446
22202 0.896
9045 0.723
7148 0.731
25362 0.416
26242 0.104
19403 0.639
24485 0.942
3682 0.964
4773 0.501
16136 0.218
7999 0.701
21651 0.608
5499 0.507
17944 0.336
24717 0.018
9563 0.930
6833 0.130
14851 0.758
1262 0.489
4583 0.516
2104 0.246
22755 0.148
9372 0.587
15123 0.559
13504 0.195
23038 0.407
15380 0.757
14891 0.072
10193 0.472
24682 0.490
19554 0.515
20627 0.855
21046 0.695
15164 0.200
19838 0.556
4431 0.233
16792 0.055
7121 0.496
3102 0.579
16379 0.556
22778 0.436
10329 0.249
6382 0.936
14028 0.894
23807 0.049
9418 0.821
3354 0.723
15096 0.245
5466 0.985
17211 0.170
12131 0.106
21776 0.300
5646 0.890
15535 0.905
12060 0.563
20889 0.820
24783 0.089
6968 0.170
22523 0.399
12243 0.465
24467 0.155
9942 0.107
12427 0.050
23166 0.908
16207 0.880
10432 0.764
5598 0.756
22020 0.475
4560 0.679
5303 0.164
10937 0.621
15431 0.542
12272 0.333
1615 0.630
20058 0.553
4938 0.462
26274 0.176
13080 0.939
8233 0.100
17191 0.184
23103 0.396
19131 0.536
9367 0.003
3746 0.330
3731 0.654
16013 0.223
3679 0.554
320 0.152
24918 0.780
10792 0.950
3763 0.466
3830 0.134
4329 0.155
8324 0.105
18339 0.600
20923 0.228
16979 0.652
12811 0.370
9957 0.593
19777 0.504
25389 0.612
3823 0.605
18551 0.695
21243 0.650
15956 0.119
21771 0.565
14753 0.698
23666 0.577
16151 0.216
15960 0.293
961 0.802
24864 0.678
10222 0.217
11042 0.675
9133 0.495
5114 0.817
577 0.947
4184 0.585
3384 0.845
8628 0.949
23883 0.617
3665 0.628
11455 0.517
25290 0.300
14373 0.222
15151 0.342
15719 0.998
2103 0.311
5368 0.738
4090 0.360
15160 0.751
652 0.935
18808 0.855
8172 0.631
1775 0.296
24215 0.766
20724 0.658
6434 0.977
18093 0.275
8395 0.161
9061 0.661
17721 0.979
16154 0.286
10336 0.140
19141 0.947
1087 0.119
21509 0.414
22531 0.032
4494 0.466
11349 0.335
4906 0.737
31 0.095
18092 0.049
26318 0.027
9586 0.727
24330 0.018
15445 0.192
11469 0.451
6127 0.596
24157 0.384
22692 0.039
11207 0.476
18912 0.669
21917 0.733
13207 0.769
13519 0.489
23492 0.241
14292 0.746
17842 0.574
22015 0.633
2490 0.620
8059 0.615
5454 0.043
15837 0.832
5224 0.644
16152 0.575
7625 0.226
1911 0.243
21852 0.996
5015 0.013
26183 0.693
7892 0.258
11054 0.213
11350 0.256
11049 0.121
21264 0.076
8656 0.474
12908 0.656
9737 0.416
3232 0.094
25950 0.978
13713 0.452
9862 0.329
16657 0.451
22607 0.806
18461 0.113
24379 0.547
19422 0.636
12608 0.158
13970 0.671
2850 0.510
22185 0.701
17749 0.312
611 0.111
11429 0.498
7431 0.852
8949 0.443
21555 0.980
606 0.567
22620 0.275
18275 0.411
25441 0.313
9225 0.172
18166 0.356
10539 0.495
7102 0.277
6774 0.898
14382 0.118
17789 0.439
10837 0.633
25872 0.216
19280 0.849
7374 0.921
3424 0.138
2570 0.933
4794 0.077
16450 0.910
2007 0.927
21451 0.710
18772 0.822
935 0.727
8718 0.518
21613 0.184
19766 0.057
23970 0.961
25681 0.053
10016 0.782
5531 0.233
14911 0.218
3322 0.601
14021 0.177
20938 0.179
21133 0.721
14312 0.163
18322 0.193
1814 0.870
25959 0.542
4803 0.984
2836 0.441
17730 0.475
12879 0.975
23506 0.478
2929 0.275
19293 0.302
7181 0.717
9908 0.806
17766 0.581
18936 0.385
8524 0.477
3061 0.042
5378 0.036
22428 0.268
7908 0.924
4292 0.626
24956 0.519
7448 0.410
18988 0.890
6015 0.132
21088 0.379
16913 0.316
11012 0.875
9722 0.491
23458 0.264
14574 0.554
13220 0.108
25475 0.271
12142 0.757
13746 0.445
14134 0.495
20230 0.604
23318 0.550
20946 0.933
9746 0.683
22542 0.381
20975 0.712
83 0.038
1484 0.684
5696 0.537
21614 0.938
22053 0.296
22151 0.824
11205 0.947
22512 0.741
12941 0.670
10489 0.446
22723 0.528
21004 0.145
2629 0.723
3948 0.784
18122 0.785
14214 0.994
13344 0.162
4599 0.238
855 0.951
9851 0.285
22602 0.665
1995 0.686
24279 0.050
17332 0.049
2619 0.240
11723 0.114
13156 0.903
5606 0.011
8981 0.918
6269 0.445
9862 0.756
22395 0.876
11995 0.614
25077 0.792
3669 0.610
6499 0.470
18721 0.050
23386 0.163
21075 0.047
1931 0.012
1213 0.530
2489 0.229
17634 0.349
208 0.453
18007 0.865
16856 0.396
20341 0.362
1169 0.204
16083 0.123
794 0.191
4591 0.940
20214 0.120
19273 0.762
2699 0.854
12542 0.756
24791 0.564
18496 0.378
19094 0.240
16147 0.299
6888 0.310
2643 0.641
8888 0.656
20579 0.818
20999 0.394
2317 0.036
25708 0.983
18053 0.838
5047 0.383
10487 0.725
12923 0.632
20146 0.589
16211 0.528
14658 0.848
9902 0.948
25684 0.760
11050 0.172
13379 0.406
18191 0.311
6697 0.591
2387 0.589
7723 0.059
5930 0.585
18337 0.774
7887 0.118
11263 0.649
5902 0.783
24426 0.929
22994 0.884
14399 0.403
20228 0.773
6403 0.627
16806 0.222
7292 0.645
20940 0.645
6321 0.991
1867 0.586
5745 0.398
1614 0.419
10563 0.740
3483 0.740
14697 0.431
836 0.383
14418 0.817
15618 0.203
14380 0.606
7004 0.644
14408 0.485
7322 0.833
8049 0.493
909 0.534
21044 0.098
22615 0.005
15763 0.104
6720 0.383
4244 0.010
6000 0.347
5788 0.156
25742 0.773
24638 0.758
7440 0.724
8760 0.934
11356 0.501
20196 0.194
11751 0.327
11157 0.882
24258 0.428
12668 0.503
13813 0.026
21947 0.398
17489 0.137
196 0.824
25673 0.083
25838 0.241
15852 0.415
20455 0.096
14845 0.273
14386 0.161
4840 0.478
10758 0.039
9077 0.991
10796 0.689
18238 0.624
15813 0.036
24176 0.777
19819 0.779
18241 0.794
24415 0.863
18420 0.534
239 0.021
16422 0.105
1487 0.804
11875 0.225
25428 0.075
23915 0.594
16899 0.529
17713 0.780
7649 0.446
11994 0.883
15294 0.866
20050 0.222
4618 0.682
17316 0.827
556 0.282
6804 0.462
13477 0.465
7463 0.885
22369 0.429
9077 0.228
8584 0.958
5149 0.255
23310 0.147
9622 0.897
1095 0.469
6630 0.435
22381 0.247
5749 0.918
10256 0.350
16692 0.819
20190 0.698
7138 0.917
5582 0.091
25053 0.765
23934 0.461
22793 0.055
23448 0.541
3736 0.274
4993 0.723
94 0.140
17382 0.096
7661 0.858
25616 0.689
4655 0.578
550 0.803
3772 0.057
3922 0.226
6578 0.778
2817 0.406
5526 0.419
21857 0.992
17680 0.346
23980 0.358
9332 0.164
17554 0.291
13986 0.366
18545 0.958
23677 0.076
17563 0.601
17038 0.143
17494 0.283
23510 0.469
9237 0.600
8261 0.155
9608 0.000
2147 0.144
17955 0.616
24971 0.411
113 0.103
17027 0.141
22808 0.912
1364 0.101
17711 0.613
6522 0.224
21683 0.716
22157 0.459
20663 0.837
25128 0.537
7637 0.836
3742 0.832
1021 0.006
17704 0.819
11927 0.332
16177 0.810
14886 0.493
14192 0.492
995 0.975
24316 0.146
2485 0.519
410 0.240
16987 0.712
25910 0.482
21849 0.020
7103 0.744
10662 0.716
22751 0.276
10655 0.039
16535 0.601
25293 0.626
14022 0.724
16019 0.944
14106 0.662
22061 0.745
23925 0.335
3197 0.048
445 0.166
22987 0.338
24047 0.088
7263 0.670
5982 0.797
19551 0.403
9254 0.776
6678 0.697
9222 0.158
1036 0.842
19513 0.311
25069 0.158
24088 0.359
14709 0.842
6807 0.351
20617 0.113
22063 0.035
18276 0.662
4533 0.313
14321 0.631
20921 0.271
12131 0.842
25427 0.857
5265 0.328
20035 0.196
24418 0.025
5388 0.230
5177 0.173
24046 0.581
13820 0.469
7184 0.892
7450 0.002
18729 0.237
14485 0.187
12300 0.430
22883 0.792
20265 0.324
25836 0.745
20920 0.708
18751 0.087
15789 0.098
17098 0.100
6903 0.247
281 0.487
20799 0.083
3490 0.178
10335 0.632
6921 0.013
14195 0.704
1707 0.882
5640 0.440
5074 0.265
1216 0.745
13551 0.765
4927 0.539
18241 0.830
18007 0.575
26104 0.658
12674 0.895
17576 0.699
4225 0.913
18237 0.120
15355 0.118
1891 0.926
21044 0.529
6308 0.539
11065 0.535
2523 0.060
22898 0.397
7857 0.153
1151 0.410
11597 0.346
11468 0.826
10061 0.667
13449 0.546
15054 0.108
6744 0.220
11450 0.150
8837 0.936
24134 0.021
3265 0.934
5630 0.077
22538 0.519
7161 0.716
15384 0.908
22134 0.431
362 0.828
6282 0.164
14039 0.799
5509 0.841
13427 0.548
12506 0.366
9486 0.565
12480 0.286
18880 0.791
6309 0.982
9728 0.721
9098 0.857
20463 0.923
12383 0.135
19389 0.959
2224 0.741
24969 0.068
2818 0.406
5822 0.614
14599 0.236
22078 0.612
15953 0.300
6652 0.258
6298 0.671
3005 0.031
25435 0.901
22325 0.092
6335 0.240
20394 0.177
7457 0.734
18786 0.608
15233 0.015
14204 0.309
11873 0.757
723 0.490
2228 0.206
6690 0.460
11690 0.844
15592 0.296
15246 0.150
1661 0.273
15984 0.178
6836 0.699
5028 0.213
19124 0.116
19187 0.358
15845 0.717
12710 0.602
25721 0.238
14750 0.814
4775 0.217
15968 0.829
775 0.231
2713 0.442
3071 0.517
18579 0.639
14981 0.441
19453 0.472
10062 0.819
25991 0.456
494 0.738
13294 0.345
24463 0.179
1705 0.311
12738 0.093
1003 0.710
19073 0.750
16960 0.620
12108 0.504
15464 0.546
9315 0.045
22038 0.276
12623 0.750
9739 0.648
16415 0.378
17600 0.555
25168 0.048
13856 0.090
13220 0.917
6468 0.494
10231 0.552
12959 0.842
20091 0.139
15936 0.603
21331 0.523
17138 0.779
25013 0.102
3591 0.194
13843 0.960
24788 0.762
14925 0.960
4534 0.434
10416 0.714
20922 0.544
5110 0.863
9432 0.126
23516 0.827
24180 0.383
12916 0.142
6316 0.725
7660 0.077
22309 0.860
6666 0.475
17112 0.078
18730 0.726
26312 0.964
276 0.437
23838 0.860
18332 0.724
13346 0.699
11061 0.744
25422 0.645
23357 0.254
1597 0.491
17171 0.288
3510 0.692
8696 0.394
14809 0.029
18044 0.077
5237 0.246
10858 0.434
7256 0.116
13629 0.971
24853 0.477
25258 0.474
4834 0.977
8838 0.066
3927 0.937
25872 0.134
2892 0.126
13628 0.207
26043 0.444
829 0.298
8945 0.930
21473 0.101
27 0.438
11297 0.716
780 0.399
8407 0.965
2676 0.100
20859 0.760
12010 0.736
14001 0.236
21310 0.076
15985 0.762
7839 0.598
16467 0.748
20981 0.608
21969 0.983
7671 0.316
17077 0.599
2959 0.541
7908 0.865
26179 0.885
9830 0.715
13869 0.933
21933 0.623
13086 0.502
23244 0.219
13298 0.471
21156 0.938
6573 0.737
10985 0.338
25334 0.502
12689 0.829
2368 0.017
13817 0.369
23162 0.077
23203 0.313
5740 0.222
8623 0.558
17442 0.518
7448 0.908
13393 0.018
21798 0.361
2587 0.284
7622 0.403
2016 0.877
10576 0.662
3111 0.696
9818 0.844
24620 0.113
8530 0.477
22947 0.648
12312 0.585
1019 0.468
8587 0.967
820 0.480
5716 0.269
18616 0.112
22221 0.527
15442 0.852
3642 0.580
8054 0.788
15684 0.138
18192 0.479
24522 0.597
23068 0.035
1878 0.350
15100 0.488
4917 0.759
16390 0.572
6995 0.081
10885 0.307
6359 0.211
2211 0.539
19593 0.972
12520 0.621
19021 0.489
9350 0.831
7703 0.872
20714 0.022
20498 0.799
10980 0.079
23262 0.586
14355 0.367
2539 0.133
671 0.255
19652 0.200
4177 0.961
1515 0.664
22980 0.303
6182 0.918
19496 0.116
21541 0.135
8074 0.609
20137 0.213
7159 0.659
9437 0.838
19342 0.819
8373 0.963
9491 0.551
3121 0.480
2624 0.413
16894 0.176
1810 0.364
9578 0.603
2675 0.521
14605 0.111
4629 0.150
9434 0.477
435 0.065
5546 0.711
8137 0.288
12843 0.535
25413 0.002
17121 0.102
26232 0.891
9704 0.004
13396 0.048
863 0.744
10300 0.789
14496 0.325
23771 0.752
16896 0.197
25801 0.800
22121 0.023
24734 0.137
3105 0.976
14891 0.121
18981 0.337
21878 0.303
20608 0.337
1176 0.090
9550 0.757
11293 0.033
23654 0.568
18585 0.586
24702 0.095
15018 0.712
5724 0.011
20118 0.463
1220 0.521
21415 0.391
20341 0.130
23010 0.512
6246 0.106
10265 0.175
13291 0.850
24428 0.584
11024 0.262
14297 0.220
19029 0.862
25530 0.763
7271 0.721
10441 0.462
6515 0.959
10712 0.766
23622 0.784
24206 0.445
3802 0.717
8303 0.523
235 0.704
16532 0.239
15044 0.570
12054 0.641
924 0.181
25842 0.325
22816 0.035
7484 0.966
17791 0.802
16745 0.312
10698 0.995
20071 0.030
4577 0.859
6056 0.003
14336 0.476
254 0.151
8846 0.234
4901 0.473
23432 0.485
11271 0.811
23336 0.413
4078 0.208
18774 0.852
3584 0.980
21966 0.364
8283 0.830
17894 0.516
14814 0.194
14124 0.315
18239 0.832
25245 0.293
6079 0.304
4281 0.813
23456 0.010
2565 0.937
12827 0.663
19992 0.340
22217 0.561
1159 0.005
6684 0.055
18836 0.474
15557 0.950
9924 0.473
26001 0.829
10788 0.816
10884 0.847
10343 0.932
11079 0.341
13295 0.838
10068 0.025
8940 0.902
18081 0.199
12455 0.187
11930 0.259
20720 0.627
17958 0.267
15672 0.702
11 0.173
21190 0.778
24906 0.103
7508 0.276
631 0.335
21838 0.028
25011 0.057
18322 0.828
23378 0.992
13365 0.697
25738 0.448
18171 0.600
18246 0.989
24190 0.997
7398 0.379
18075 0.587
22540 0.631
12680 0.198
5304 0.783
17945 0.603
24692 0.990
18926 0.037
7671 0.471
21553 0.048
1226 0.554
19725 0.574
22364 0.552
1530 0.349
25727 0.438
9209 0.691
6792 0.992
20580 0.419
9982 0.559
19146 0.484
9970 0.102
18690 0.322
20801 0.748
21391 0.152
18752 0.454
17531 0.222
2792 0.413
20176 0.691
20508 0.225
2657 0.838
1785 0.368
9205 0.402
10629 0.939
8684 0.112
24497 0.118
14099 0.367
24886 0.228
12417 0.929
1474 0.460
20295 0.835
15699 0.840
9596 0.864
3410 0.692
21054 0.455
7599 0.137
881 0.490
23231 0.952
2279 0.628
19196 0.792
1617 0.265
13230 0.221
18196 0.365
8083 0.590
9434 0.764
493 0.133
11892 0.160
18045 0.119
349 0.429
16751 0.610
21031 0.766
25524 0.215
8933 0.672
24468 0.844
6551 0.944
18954 0.567
5233 0.289
22096 0.369
8233 0.960
23866 0.054
25786 0.311
25047 0.285
185 0.262
7231 0.684
21533 0.686
9550 0.934
19891 0.064
17343 0.260
26194 0.077
2386 0.910
13584 0.830
8019 0.916
19603 0.977
9588 0.643
4870 0.192
19131 0.447
14827 0.629
3797 0.895
20793 0.724
19032 0.124
10251 0.972
17657 0.663
25489 0.441
1158 0.578
19053 0.359
13106 0.862
18296 0.605
3778 0.921
17802 0.487
1820 0.944
5046 0.411
25434 0.911
18927 0.196
3020 0.639
18427 0.239
9031 0.397
5771 0.222
3505 0.994
23318 0.014
6205 0.201
17713 0.687
10757 0.888
7100 0.244
22685 0.815
17195 0.221
7540 0.751
7448 0.929
6801 0.243
2168 0.808
17398 0.358
24745 0.068
3952 0.275
2172 0.302
4795 0.425
7985 0.407
17178 0.021
16718 0.914
25398 0.763
24079 0.886
20711 0.025
22240 0.497
17735 0.173
10642 0.356
23568 0.277
5923 0.537
25415 0.643
6648 0.763
24060 0.005
25909 0.607
14446 0.028
6287 0.390
21550 0.627
22075 0.983
9224 0.184
6831 0.089
22450 0.898
11075 0.830
4508 0.293
8464 0.595
13157 0.346
14604 0.965
11564 0.082
8782 0.883
15296 0.249
19904 0.131
20637 0.430
18228 0.607
13464 0.523
13619 0.618
14335 0.192
8473 0.744
23927 0.968
3581 0.793
572 0.016
20011 0.534
4995 0.019
23656 0.645
9246 0.830
25794 0.294
18337 0.947
618 0.835
12885 0.056
7480 0.219
6977 0.750
10019 0.920
7304 0.579
5537 0.926
5509 0.757
4399 0.385
24006 0.188
3363 0.453
12828 0.366
8295 0.543
11412 0.621
5023 0.843
5820 0.810
