5000
11907 0.150
11404 0.957
34606 0.542
33497 0.406
32218 0.315
25481 0.486
26505 0.090
10040 0.792
11874 0.559
6802 0.701
29215 0.311
11857 0.803
2106 0.162
3141 0.982
2548 0.047
18464 0.651
32384 0.475
19235 0.292
14528 0.081
25401 0.359
12236 0.256
9866 0.286
27005 0.746
25170 0.434
14683 0.550
10966 0.939
31176 0.042
29119 0.806
24298 0.717
21875 0.133
22871 0.845
34557 0.298
2061 0.461
124 0.790
33074 0.886
23119 0.212
8221 0.696
34466 0.429
17080 0.222
3577 0.769
20392 0.969
9292 0.967
3697 0.714
28508 0.746
22805 0.881
33378 0.321
21066 0.469
21005 0.656
27645 0.899
7991 0.122
600 0.087
10565 0.889
32450 0.230
443 0.999
29748 0.425
32747 0.398
23255 0.177
31621 0.124
6013 0.428
26354 0.945
7362 0.266
32034 0.528
34719 0.083
22996 0.225
18685 0.512
1765 0.883
13405 0.647
30383 0.938
33954 0.943
594 0.061
31037 0.776
19425 0.133
11273 0.198
3693 0.399
18515 0.777
32101 0.153
19946 0.285
17253 0.627
10454 0.453
24545 0.315
12636 0.453
13286 0.267
29140 0.761
25280 0.328
29668 0.686
27134 0.993
27861 0.626
15092 0.263
34324 0.705
27953 0.005
32809 0.787
18339 0.592
11842 0.644
32305 0.539
7610 0.005
34348 0.046
27550 0.789
4845 0.235
17976 0.991
23857 0.483
25871 0.002
31377 0.527
32496 0.353
6122 0.184
9950 0.572
4320 0.310
11055 0.757
33351 0.778
19543 0.871
35021 0.766
29359 0.134
21167 0.593
27677 0.071
2221 0.340
1357 0.030
35199 0.563
22670 0.761
18740 0.861
19761 0.985
3399 0.624
6622 0.062
34139 0.405
17933 0.728
7678 0.632
24888 0.052
29170 0.632
12238 0.052
11368 0.312
33966 0.917
18410 0.382
25620 0.632
11339 0.341
22996 0.351
24092 0.510
17285 0.449
3516 0.360
21636 0.666
8249 0.630
4551 0.345
26202 0.247
13202 0.192
19061 0.580
22073 0.150
2167 0.896
18726 0.961
16268 0.911
34829 0.445
24303 0.639
25416 0.838
20632 0.351
18897 0.087
30219 0.184
9683 0.289
35361 0.869
27930 0.992
19620 0.142
29588 0.299
36132 0.324
26690 0.498
31620 0.635
16127 0.051
35155 0.588
6484 0.576
3213 0.517
31044 0.639
8909 0.682
16109 0.935
13211 0.170
3772 0.150
29715 0.654
13864 0.127
35561 0.853
34726 0.764
35742 0.977
30994 0.337
21487 0.485
22895 0.506
28395 0.358
32659 0.850
3685 0.500
29626 0.221
1808 0.237
20247 0.361
3251 0.414
24561 0.548
15993 0.756
30612 0.389
31136 0.387
35166 0.661
35559 0.149
26691 0.627
17736 0.318
32724 0.295
7667 0.839
35323 0.629
25395 0.257
29696 0.894
2806 0.402
29494 0.163
36394 0.610
14590 0.197
32717 0.309
5875 0.106
35763 0.738
11955 0.139
13422 0.663
24004 0.344
2224 0.392
32919 0.364
14762 0.607
20125 0.438
12270 0.139
453 0.646
29181 0.721
33769 0.366
14540 0.837
7963 0.004
25185 0.894
24578 0.966
24907 0.717
28726 0.657
367 0.701
19344 0.820
28387 0.381
24027 0.667
1056 0.664
10284 0.595
12675 0.698
3640 0.639
23205 0.572
32767 0.411
10789 0.851
7236 0.350
9103 0.969
4272 0.297
10770 0.620
27926 0.084
16916 0.279
35621 0.822
8456 0.700
25639 0.247
27820 0.736
32096 0.769
11118 0.683
35501 0.528
13722 0.934
22904 0.915
32045 0.446
25943 0.968
22135 0.300
897 0.983
27812 0.416
2606 0.997
31907 0.502
30885 0.971
29645 0.330
27281 0.740
7067 0.964
3345 0.077
26600 0.562
26697 0.864
423 0.156
15899 0.180
8349 0.077
23818 0.002
26739 0.039
17464 0.163
9111 0.475
7924 0.182
18616 0.141
583 0.406
31977 0.246
33396 0.892
9988 0.237
5484 0.445
21357 0.217
827 0.483
29319 0.984
34005 0.883
12666 0.403
10069 0.113
3474 0.738
18266 0.065
32049 0.407
9435 0.125
24624 0.026
25205 0.431
7307 0.945
20160 0.138
30584 0.760
2252 0.280
10370 0.985
13402 0.045
1183 0.739
18495 0.367
6197 0.889
22579 0.630
26653 0.603
31604 0.332
6024 0.080
9434 0.042
9630 0.724
35019 0.024
18258 0.515
32438 0.086
7085 0.463
15257 0.647
33600 0.509
4624 0.396
15208 0.669
4864 0.379
26951 0.612
34968 0.315
1129 0.157
14130 0.872
18497 0.371
16090 0.984
35391 0.142
9426 0.732
10316 0.213
30576 0.832
11078 0.628
32481 0.766
15997 0.823
4248 0.877
13916 0.867
26263 0.254
25290 0.851
8187 0.580
4908 0.462
19960 0.767
36296 0.318
7045 0.185
29021 0.744
1278 0.429
14624 0.382
35420 0.786
25297 0.109
33761 0.514
24853 0.347
1850 0.970
13056 0.503
23208 0.303
20707 0.006
14621 0.626
10407 0.891
24853 0.629
22907 0.302
4529 0.814
33387 0.117
6825 0.629
1615 0.296
16484 0.095
26477 0.243
28992 0.104
3865 0.902
6440 0.581
14706 0.129
27183 0.555
29875 0.314
4058 0.338
27323 0.168
16683 0.378
34886 0.266
11512 0.767
16536 0.014
26393 0.906
22470 0.088
13576 0.483
4574 0.543
13022 0.852
9642 0.053
25321 0.733
8349 0.486
3113 0.631
35919 0.630
27110 0.376
16783 0.190
9885 0.771
19091 0.020
23628 0.108
30061 0.746
1559 0.957
14430 0.485
27499 0.878
21507 0.354
896 0.365
34038 0.430
12947 0.435
32800 0.322
4336 0.973
20387 0.161
15615 0.314
18604 0.901
645 0.419
26256 0.617
1924 0.383
21615 0.073
28045 0.915
8940 0.558
20624 0.792
25244 0.329
23309 0.425
6394 0.399
27831 0.182
8099 0.518
1622 0.927
23681 0.373
13109 0.518
35004 0.027
24592 0.916
492 0.116
6465 0.063
4516 0.679
17786 0.530
28155 0.566
15603 0.781
30241 0.041
31563 0.372
36058 0.869
20975 0.516
34931 0.337
18153 0.672
25893 0.416
23513 0.121
35602 0.343
11458 0.405
9642 0.773
22206 0.220
3553 0.511
24977 0.067
2777 0.814
19981 0.253
6702 0.606
35563 0.396
25472 0.026
18733 0.521
25515 0.680
15589 0.492
17331 0.128
35534 0.829
19670 0.497
9761 0.124
32002 0.188
11820 0.730
30104 0.657
32936 0.095
9222 0.702
10012 0.704
5039 0.329
25999 0.516
8935 0.741
21040 0.099
29368 0.681
12224 0.753
19983 0.690
10061 0.241
14073 0.490
25350 0.001
7530 0.467
29721 0.738
22363 0.411
35553 0.194
14437 0.415
27552 0.775
24980 0.560
31704 0.458
24702 0.658
489 0.962
13468 0.555
5649 0.825
3737 0.237
27203 0.894
35878 0.219
11996 0.750
23882 0.031
24610 0.823
27358 0.520
30474 0.120
35039 0.440
29794 0.050
28034 0.351
14495 0.006
32966 0.677
6992 0.025
14854 0.624
5424 0.120
11500 0.983
27827 0.743
35163 0.481
2378 0.599
8959 0.001
6110 0.280
6667 0.014
9896 0.821
25233 0.146
27388 0.614
4942 0.584
4122 0.917
6437 0.569
24844 0.238
12793 0.944
7687 0.063
12435 0.944
10495 0.044
1888 0.180
18498 0.837
22407 0.630
27501 0.333
6686 0.386
6302 0.431
25212 0.032
23116 0.325
34575 0.467
7991 0.646
32530 0.497
33230 0.081
14787 0.557
35420 0.360
25013 0.835
31484 0.327
18254 0.019
20745 0.703
20656 0.157
26465 0.481
35626 0.462
22190 0.595
32576 0.599
17791 0.401
18959 0.731
23355 0.773
9232 0.975
34316 0.564
12971 0.202
19230 0.129
3604 0.562
32195 0.618
16083 0.491
33941 0.988
27903 0.325
6940 0.811
11526 0.071
8569 0.084
25141 0.646
22819 0.394
19938 0.761
27086 0.081
26548 0.970
33912 0.354
23786 0.993
3083 0.489
26229 0.643
30004 0.425
25804 0.358
30681 0.403
6870 0.185
12652 0.888
35619 0.755
27914 0.381
25216 0.104
21444 0.838
3659 0.026
26413 0.779
10374 0.718
35121 0.967
7394 0.911
14088 0.348
5935 0.498
2517 0.113
6613 0.504
31667 0.804
36096 0.460
19389 0.263
27550 0.734
3610 0.676
15947 0.529
5258 0.496
34886 0.392
20510 0.259
31242 0.894
24920 0.845
34960 0.871
35191 0.386
4870 0.757
35299 0.611
5281 0.157
14676 0.837
31985 0.020
36413 0.523
15844 0.352
20274 0.377
33338 0.976
28487 0.049
7435 0.789
7886 0.373
585 0.161
11989 0.172
36367 0.086
2393 0.848
30162 0.616
8534 0.042
12055 0.575
13999 0.025
3060 0.420
6340 0.440
23030 0.421
30387 0.326
16928 0.068
20322 0.422
33193 0.934
24918 0.050
17179 0.850
31073 0.693
22661 0.559
20077 0.142
4810 0.054
27265 0.461
33981 0.727
22474 0.083
25186 0.627
29488 0.074
736 0.369
9591 0.520
33329 0.944
32587 0.439
500 0.866
1407 0.113
4737 0.059
12030 0.990
21918 0.499
10671 0.128
491 0.106
32129 0.055
22811 0.943
34249 0.839
165 0.822
22920 0.918
8630 0.416
12298 0.386
31507 0.560
22408 0.007
11260 0.115
1828 0.791
26897 0.040
12328 0.229
27023 0.937
6891 0.167
13365 0.397
32946 0.622
4986 0.054
7463 0.802
22075 0.180
373 0.701
18920 0.936
34018 0.217
5990 0.322
33146 0.405
32613 0.435
35241 0.469
36643 0.723
1044 0.160
25119 0.340
18587 0.657
29308 0.323
12347 0.350
26682 0.044
28589 0.944
4390 0.858
13297 0.857
12387 0.559
34456 0.792
27123 0.911
25582 0.394
30639 0.454
1928 0.756
7214 0.768
954 0.461
27396 0.523
10606 0.893
9197 0.582
28499 0.630
36287 0.572
29605 0.681
18461 0.009
29143 0.740
16025 0.603
12545 0.930
22565 0.869
21095 0.135
18029 0.116
28902 0.235
10587 0.628
5793 0.871
21215 0.922
25262 0.851
8860 0.153
13306 0.144
22552 0.252
10796 0.745
25847 0.290
22791 0.585
27151 0.753
13801 0.226
20407 0.947
22332 0.649
21541 0.087
19575 0.253
21454 0.723
21142 0.044
23919 0.002
31036 0.114
34070 0.879
8464 0.009
34684 0.008
2905 0.664
2069 0.656
19629 0.608
21299 0.530
32893 0.951
34161 0.149
5606 0.677
29929 0.265
20087 0.806
17461 0.287
29844 0.825
22051 0.019
20346 0.294
28218 0.583
3593 0.053
26205 0.392
8595 0.099
32989 0.725
27468 0.320
3717 0.232
16695 0.924
12738 0.151
31536 0.830
880 0.548
24243 0.822
4094 0.063
35451 0.829
4465 0.876
35131 0.369
9008 0.335
1812 0.248
24899 0.301
1896 0.267
14538 0.761
21207 0.766
21883 0.910
28720 0.333
4123 0.386
877 0.521
30964 0.030
524 0.205
13512 0.708
10284 0.107
30426 0.064
466 0.543
13277 0.516
17248 0.416
6940 0.751
35972 0.580
9390 0.427
9455 0.956
36539 0.235
26842 0.296
22471 0.993
33724 0.146
36483 0.873
26732 0.010
531 0.044
27199 0.901
14935 0.395
8678 0.397
9287 0.440
12799 0.143
24772 0.052
21682 0.108
7318 0.393
23870 0.956
12275 0.497
24793 0.788
10304 0.615
10723 0.537
10783 0.563
4083 0.736
17536 0.947
34780 0.883
33235 0.963
16645 0.924
21224 0.276
2417 0.407
7818 0.436
7733 0.958
8417 0.841
4186 0.517
12511 0.956
5299 0.701
6094 0.705
22492 0.702
9731 0.696
6865 0.082
25170 0.924
21981 0.059
12699 0.062
13103 0.747
22737 0.967
33953 0.976
33624 0.751
16610 0.470
34629 0.352
3610 0.611
2592 0.040
28068 0.666
11327 0.288
29263 0.047
32975 0.476
35139 0.576
10242 0.437
20582 0.817
3654 0.636
29454 0.890
4066 0.313
25461 0.621
25743 0.342
16637 0.377
35746 0.491
14181 0.424
29023 0.631
2867 0.307
9770 0.063
7520 0.103
7592 0.336
13994 0.345
939 0.011
32636 0.395
1732 0.863
6634 0.602
6371 0.988
34686 0.859
15699 0.959
10350 0.465
25663 0.726
9357 0.951
20634 0.414
528 0.685
15648 0.613
15963 0.351
32861 0.552
17002 0.865
1170 0.714
27448 0.793
20588 0.547
26869 0.433
21761 0.095
30049 0.462
1970 0.548
27909 0.724
21488 0.754
12449 0.492
24655 0.797
17659 0.310
35611 0.404
22535 0.557
27245 0.983
3944 0.284
16913 0.353
29292 0.676
25451 0.842
18919 0.649
27123 0.166
11418 0.383
21397 0.107
1018 0.380
8007 0.290
24968 0.911
13094 0.947
21965 0.093
10218 0.696
24409 0.650
22404 0.494
12914 0.789
17482 0.814
29268 0.560
29263 0.613
16557 0.602
35014 0.180
19751 0.718
35602 0.627
2086 0.523
781 0.478
19072 0.272
9768 0.076
12555 0.033
31475 0.742
31149 0.557
2650 0.907
15374 0.133
7773 0.422
33897 0.067
19665 0.531
21262 0.961
19236 0.515
9320 0.841
11822 0.638
23693 0.649
10478 0.817
23018 0.540
15544 0.366
28044 0.775
25519 0.278
9308 0.043
15152 0.394
5637 0.117
32174 0.658
28697 0.598
10504 0.670
29593 0.065
32432 0.941
27448 0.373
32420 0.842
13279 0.612
23584 0.536
9890 0.669
19423 0.449
3561 0.588
17608 0.363
36658 0.101
34824 0.763
14950 0.822
269 0.637
21523 0.481
30374 0.179
112 0.001
35270 0.244
19203 0.808
17846 0.233
35431 0.015
17660 0.945
22877 0.701
35549 0.296
30097 0.353
6530 0.461
14491 0.368
5728 0.532
12572 0.900
15659 0.139
32336 0.208
47 0.281
28674 0.874
13905 0.445
20250 0.477
4748 0.440
3332 0.754
28749 0.103
3894 0.384
27000 0.270
1047 0.641
27704 0.141
19196 0.158
34363 0.409
8501 0.088
7876 0.106
23748 0.363
1763 0.263
16378 0.961
25409 0.005
262 0.715
29163 0.157
23986 0.215
8286 0.390
9785 0.400
18699 0.785
26341 0.031
28172 0.680
31507 0.855
1572 0.913
19444 0.103
26749 0.789
10262 0.589
17603 0.557
2500 0.190
28710 0.805
10095 0.023
7248 0.944
16902 0.746
28169 0.073
12549 0.723
36341 0.951
34815 0.379
5649 0.475
1559 0.950
15267 0.698
9621 0.974
16465 0.711
30751 0.031
19728 0.840
4364 0.316
2913 0.529
21494 0.070
13375 0.544
26553 0.661
15722 0.161
15810 0.295
15216 0.395
6125 0.340
22127 0.173
10951 0.733
26659 0.881
31542 0.437
7546 0.234
9327 0.414
35110 0.913
27706 0.625
20278 0.313
34412 0.978
30875 0.663
32348 0.903
34278 0.590
1430 0.322
15963 0.279
34533 0.535
24817 0.438
25788 0.940
7234 0.016
5297 0.552
6557 0.552
32456 0.467
29071 0.023
8218 0.546
13466 0.270
24709 0.196
27353 0.884
32164 0.183
19002 0.673
1604 0.634
7307 0.997
22934 0.834
30721 0.605
28340 0.028
5701 0.005
6368 0.255
24747 0.783
13262 0.522
18514 0.850
18726 0.240
34858 0.970
12197 0.122
15390 0.021
11367 0.305
16577 0.085
3471 0.788
13553 0.211
10560 0.808
19830 0.396
23953 0.545
13181 0.577
34955 0.509
15085 0.253
7324 0.737
26797 0.312
7714 0.102
25465 0.008
34291 0.038
3820 0.969
34365 0.849
11721 0.896
22248 0.555
19557 0.074
479 0.034
24321 0.603
14361 0.673
7638 0.948
34273 0.524
16316 0.201
88 0.325
17432 0.835
13636 0.008
21422 0.038
1023 0.641
12711 0.114
22020 0.664
25866 0.841
1392 0.811
22863 0.934
28212 0.418
22558 0.096
31169 0.731
15126 0.103
34048 0.644
28303 0.407
10956 0.754
32559 0.318
7042 0.621
12435 0.291
24847 0.969
18772 0.643
27315 0.615
34749 0.982
18777 0.421
14156 0.196
35625 0.139
1155 0.550
512 0.450
7327 0.228
30457 0.680
27083 0.921
30293 0.387
35417 0.091
21960 0.977
12469 0.404
8139 0.976
34507 0.883
7004 0.920
10511 0.196
33267 0.661
2500 0.272
27685 0.421
15761 0.916
26213 0.975
18715 0.071
13206 0.846
3132 0.399
7640 0.347
8735 0.613
13988 0.224
36634 0.768
27727 0.242
33814 0.516
32861 0.179
3554 0.936
13267 0.605
28060 0.351
3431 0.841
20446 0.118
23329 0.154
3148 0.154
33 0.581
8811 0.174
19370 0.300
2477 0.021
14814 0.229
12716 0.335
24976 0.941
11731 0.687
4295 0.100
25618 0.149
33437 0.621
13454 0.625
9032 0.649
33996 0.683
9085 0.976
14635 0.217
21190 0.099
30473 0.123
6191 0.098
22207 0.155
5650 0.986
14683 0.045
28783 0.745
32358 0.231
11200 0.639
13023 0.291
7466 0.734
199 0.049
4338 0.744
16624 0.598
11864 0.545
31471 0.987
30599 0.261
4633 0.963
31615 0.184
23790 0.677
36306 0.899
18053 0.728
15470 0.739
19942 0.426
24733 0.409
13196 0.666
32607 0.777
16758 0.244
28112 0.610
6014 0.206
34781 0.460
21005 0.339
22362 0.992
9052 0.015
29386 0.451
4399 0.795
9809 0.866
24612 0.228
16830 0.820
6831 0.880
24449 0.636
32952 0.499
4185 0.566
8375 0.958
9338 0.917
12168 0.229
26898 0.697
30253 0.378
18111 0.702
32526 0.342
2489 0.334
34123 0.068
29749 0.647
12544 0.196
4132 0.415
23910 0.901
25761 0.101
24022 0.544
5102 0.653
10423 0.578
19434 0.984
1560 0.865
29108 0.208
8139 0.587
12006 0.805
9555 0.559
35436 0.606
19709 0.865
11693 0.202
14856 0.947
26189 0.356
4591 0.237
3311 0.271
16628 0.523
19825 0.704
27366 0.662
15202 0.903
8375 0.483
27948 0.193
31983 0.474
17020 0.040
7314 0.138
15644 0.211
12517 0.783
6397 0.179
27661 0.447
27298 0.797
18000 0.371
30402 0.874
7750 0.845
30524 0.422
27299 0.723
18703 0.350
23149 0.886
12954 0.517
31570 0.900
13631 0.235
17984 0.757
6019 0.561
17033 0.777
32992 0.493
7178 0.256
9272 0.729
25774 0.347
18973 0.212
2712 0.806
19864 0.772
32194 0.108
23526 0.067
25413 0.629
2082 0.370
23402 0.129
16925 0.804
29622 0.088
28327 0.376
13361 0.334
1829 0.627
20329 0.872
18830 0.796
29661 0.349
28599 0.915
27601 0.505
2307 0.637
7094 0.990
14470 0.793
14550 0.926
8494 0.491
15787 0.956
35435 0.692
3782 0.209
29208 0.757
16108 0.746
24684 0.288
8200 0.585
35373 0.933
33640 0.456
34536 0.657
25020 0.909
29921 0.655
5100 0.202
4348 0.129
3079 0.626
18872 0.056
26453 0.414
22148 0.578
26798 0.289
30741 0.623
23855 0.980
33773 0.549
17831 0.410
35658 0.321
36252 0.004
1851 0.113
30150 0.900
8656 0.024
8495 0.076
19672 0.924
719 0.334
10331 0.772
29606 0.181
15971 0.531
34376 0.186
32547 0.950
3461 0.292
21847 0.816
36397 0.084
9494 0.095
26073 0.800
11706 0.440
27782 0.015
13085 0.938
13271 0.472
16046 0.982
13807 0.817
34223 0.933
11917 0.199
35854 0.488
4991 0.817
16802 0.439
25093 0.095
13257 0.349
7886 0.191
35095 0.227
6761 0.540
392 0.054
14620 0.045
33718 0.456
27550 0.384
15992 0.309
26079 0.733
25637 0.838
26139 0.842
20968 0.047
36135 0.407
1284 0.963
3391 0.336
24661 0.818
31187 0.924
13391 0.798
28797 0.678
36263 0.393
26824 0.132
17095 0.875
20059 0.770
32783 0.570
6460 0.843
2320 0.450
20928 0.902
17350 0.087
16669 0.605
450 0.753
2420 0.648
22965 0.810
18925 0.739
5468 0.263
14802 0.986
5103 0.506
5394 0.655
28865 0.066
29258 0.355
7889 0.430
31897 0.384
19029 0.970
6105 0.545
36014 0.751
17560 0.289
18377 0.285
24208 0.818
9642 0.000
7436 0.141
24793 0.281
32123 0.370
32114 0.499
23105 0.488
10894 0.516
29326 0.381
28946 0.969
19464 0.277
34999 0.561
24556 0.021
3171 0.134
8129 0.074
16943 0.296
24364 0.201
16217 0.713
2577 0.967
35173 0.910
28170 0.861
14474 0.686
14485 0.279
3560 0.256
19228 0.884
34979 0.512
27253 0.689
7248 0.870
8964 0.718
35989 0.271
3711 0.064
26086 0.555
2082 0.063
35051 0.760
15738 0.800
27178 0.160
17746 0.565
28384 0.614
22212 0.713
3399 0.483
28505 0.397
34339 0.778
23228 0.249
143 0.530
212 0.290
25625 0.392
18917 0.854
19491 0.812
17065 0.369
8084 0.495
24113 0.803
24279 0.595
32938 0.637
24564 0.113
19876 0.340
28139 0.432
953 0.459
33761 0.565
24354 0.403
6273 0.068
3005 0.473
7238 0.325
36393 0.244
10556 0.357
33420 0.536
19006 0.111
16721 0.494
6116 0.385
30769 0.550
16052 0.362
4664 0.717
18150 0.939
11014 0.210
21558 0.169
28888 0.180
25336 0.180
22911 0.531
33532 0.121
7499 0.252
21903 0.026
7081 0.868
14442 0.747
32142 0.676
35780 0.831
27523 0.429
25792 0.279
21874 0.624
26345 0.447
34932 0.119
7886 0.031
25460 0.910
2120 0.392
3528 0.666
21144 0.143
6637 0.812
4270 0.219
17229 0.211
9162 0.699
25881 0.693
32379 0.787
17923 0.076
25890 0.851
4226 0.651
3100 0.319
1389 0.114
8028 0.120
16984 0.458
23001 0.154
10547 0.626
33485 0.017
7825 0.127
2080 0.574
14436 0.942
31008 0.180
21505 0.872
35757 0.205
31098 0.259
36104 0.675
544 0.789
21129 0.961
2929 0.946
5381 0.167
35216 0.286
16330 0.521
27863 0.990
26495 0.066
7942 0.933
29759 0.412
5594 0.087
8581 0.718
27689 0.991
35103 0.710
19556 0.822
19487 0.300
32372 0.789
6597 0.310
20727 0.635
36347 0.958
29467 0.550
28944 0.672
25497 0.751
11584 0.816
5470 0.507
1098 0.486
4724 0.985
1093 0.242
29622 0.995
22477 0.888
20437 0.893
28233 0.232
4171 0.074
16846 0.550
29041 0.261
22858 0.132
25468 0.280
32023 0.431
1886 0.205
19662 0.317
34036 0.000
22784 0.828
12651 0.153
5610 0.092
10240 0.391
10425 0.025
10904 0.293
31326 0.017
32823 0.694
18444 0.893
17051 0.444
6442 0.897
32954 0.955
12385 0.496
5802 0.827
28337 0.693
20427 0.252
29713 0.048
30588 0.656
30795 0.300
11606 0.918
13362 0.105
5697 0.196
16511 0.188
10796 0.220
21274 0.799
18762 0.754
10645 0.576
3952 0.001
26603 0.372
292 0.435
20329 0.490
32298 0.361
15727 0.779
36025 0.310
12087 0.827
15723 0.645
2013 0.168
22921 0.392
5362 0.591
31550 0.126
31911 0.877
12959 0.841
36457 0.864
13138 0.619
25252 0.777
8620 0.923
17667 0.967
1511 0.957
32564 0.319
35183 0.796
26702 0.514
24938 0.141
26856 0.122
21103 0.882
7796 0.649
27482 0.860
20338 0.328
15485 0.719
5449 0.315
16617 0.850
2147 0.300
582 0.675
7949 0.392
33899 0.100
29359 0.052
3490 0.459
22027 0.263
4354 0.141
22485 0.001
25776 0.130
25409 0.228
10023 0.406
22200 0.781
23041 0.031
2664 0.781
26258 0.692
6693 0.773
2089 0.190
26972 0.357
14324 0.401
28699 0.312
21008 0.083
5592 0.881
34685 0.571
20959 0.647
10933 0.569
28126 0.278
3226 0.609
25222 0.422
9695 0.420
14837 0.694
33503 0.704
29163 0.640
4459 0.019
4977 0.034
35313 0.775
5421 0.504
27257 0.684
27861 0.522
22041 0.959
31832 0.863
7769 0.929
15230 0.213
2914 0.109
20951 0.667
15727 0.420
2852 0.666
35229 0.479
13980 0.487
33047 0.703
10045 0.537
28952 0.043
18191 0.194
24056 0.227
24421 0.357
35867 0.533
3654 0.752
27560 0.787
29394 0.479
24428 0.308
28648 0.847
10916 0.793
6348 0.101
6604 0.658
30996 0.957
3277 0.291
15809 0.324
26335 0.738
31472 0.375
14537 0.857
18258 0.045
7471 0.483
30110 0.347
23836 0.219
24855 0.263
9939 0.021
32105 0.381
21933 0.409
18083 0.318
21599 0.982
17847 0.865
9834 0.806
12659 0.371
28268 0.457
11257 0.850
32584 0.619
22274 0.486
23590 0.388
9130 0.629
29095 0.380
10127 0.519
10784 0.126
9718 0.463
23177 0.799
428 0.333
6744 0.081
27414 0.358
9429 0.524
5414 0.768
13666 0.255
6508 0.378
25030 0.976
34906 0.157
15275 0.742
35829 0.130
1637 0.197
8137 0.122
28227 0.499
1610 0.631
31356 0.997
30548 0.867
11023 0.326
6960 0.659
1936 0.969
6873 0.537
25824 0.044
24680 0.831
5134 0.297
31482 0.043
36643 0.724
9183 0.722
9640 0.702
14013 0.714
2869 0.250
10627 0.901
18865 0.882
10354 0.325
35300 0.944
18235 0.426
22185 0.202
28179 0.518
2971 0.412
18576 0.273
16151 0.026
11721 0.503
13741 0.835
22779 0.325
4365 0.116
30329 0.878
23214 0.335
35892 0.439
27523 0.768
36681 0.013
20558 0.345
11330 0.162
3733 0.256
3589 0.824
33114 0.097
35349 0.612
20761 0.531
28631 0.817
9753 0.532
14625 0.038
20709 0.155
11193 0.942
6679 0.297
11694 0.795
33076 0.901
3636 0.852
26752 0.624
21045 0.930
25850 0.704
5400 0.665
12040 0.090
14717 0.681
14075 0.942
11427 0.567
26852 0.685
30596 0.949
11605 0.244
9947 0.288
19144 0.651
9671 0.669
12572 0.105
21956 0.286
7227 0.358
18950 0.955
14189 0.258
24565 0.252
4697 0.532
22538 0.377
9324 0.733
34306 0.404
29133 0.421
30192 0.850
20890 0.367
33822 0.256
21232 0.829
34927 0.019
33264 0.809
30193 0.036
21410 0.381
17973 0.973
28087 0.420
10702 0.417
35512 0.715
13760 0.587
23788 0.641
10306 0.117
32512 0.536
9697 0.971
30160 0.969
11406 0.509
16626 0.676
5456 0.361
28263 0.624
3938 0.154
21722 0.259
26319 0.956
16881 0.148
24267 0.380
10791 0.066
1728 0.446
22143 0.294
9037 0.462
7457 0.719
9033 0.902
36065 0.072
8641 0.609
11586 0.393
14110 0.928
768 0.551
8137 0.370
1949 0.874
3565 0.513
5470 0.016
6166 0.981
9883 0.576
630 0.028
18998 0.799
33256 0.086
24649 0.285
26019 0.230
11210 0.645
16183 0.439
18936 0.823
17463 0.478
21582 0.921
1301 0.121
4247 0.962
5183 0.693
14503 0.802
16563 0.916
30492 0.732
17847 0.794
26410 0.665
26709 0.597
20528 0.004
6853 0.375
31154 0.706
20560 0.754
16235 0.583
33940 0.057
25458 0.081
7440 0.816
7208 0.383
30137 0.754
157 0.613
30709 0.503
20235 0.315
2552 0.012
2109 0.400
26684 0.663
15276 0.416
471 0.380
5313 0.176
1925 0.507
596 0.745
15696 0.397
28166 0.625
5828 0.994
32603 0.789
34385 0.130
5689 0.236
1644 0.811
1012 0.764
18857 0.528
20793 0.756
2568 0.936
313 0.307
18021 0.474
7452 0.235
14970 0.722
1370 0.743
27055 0.780
22224 0.782
11265 0.178
22703 0.497
27928 0.303
27657 0.692
14451 0.381
13695 0.683
5015 0.915
35085 0.609
19876 0.234
12242 0.098
31948 0.556
32524 0.353
22109 0.680
8346 0.434
29888 0.019
32454 0.668
14895 0.123
765 0.525
15299 0.397
33840 0.667
6399 0.696
26840 0.562
18273 0.785
16109 0.073
28500 0.622
17221 0.130
19874 0.160
31241 0.879
25447 0.373
21216 0.823
17582 0.113
17805 0.305
17889 0.149
25866 0.416
7957 0.221
26997 0.636
26931 0.752
25265 0.027
20645 0.821
32237 0.936
22309 0.015
25980 0.419
30113 0.925
11269 0.294
5073 0.906
17706 0.242
13541 0.273
6390 0.088
33112 0.534
2441 0.924
18671 0.169
21939 0.222
31246 0.779
14491 0.535
32315 0.673
32703 0.517
11314 0.931
34064 0.122
29098 0.918
17560 0.503
17076 0.746
9567 0.317
10131 0.338
23141 0.359
27155 0.996
35642 0.287
4513 0.376
10043 0.296
36147 0.478
34071 0.565
25582 0.111
3952 0.710
12055 0.967
14112 0.378
10489 0.652
7745 0.627
35429 0.402
10700 0.903
10426 0.640
31735 0.813
21698 0.691
30 0.665
27015 0.240
26433 0.028
22123 0.437
29831 0.766
28673 0.956
34044 0.629
2280 0.999
26060 0.694
8510 0.298
29439 0.774
1622 0.201
8338 0.047
22435 0.644
26404 0.778
32000 0.494
13092 0.349
20884 0.624
19384 0.806
23618 0.366
26648 0.627
20796 0.476
1973 0.650
24144 0.008
16529 0.319
22315 0.462
25649 0.046
12315 0.178
17809 0.250
20855 0.308
22851 0.598
13626 0.036
13367 0.732
10343 0.829
23714 0.729
28043 0.181
24589 0.197
4596 0.867
15796 0.607
9004 0.619
4240 0.425
19081 0.070
8669 0.686
3850 0.864
259 0.300
34153 0.738
12029 0.951
13548 0.889
15866 0.624
14516 0.775
8422 0.016
34838 0.121
17870 0.718
31601 0.125
23957 0.213
7431 0.191
8529 0.075
23205 0.403
7860 0.307
1518 0.395
28415 0.895
19596 0.435
23098 0.881
27199 0.023
10816 0.499
1672 0.846
32951 0.764
23101 0.884
15408 0.524
13713 0.085
9223 0.089
6435 0.329
29300 0.962
16990 0.905
33943 0.739
1285 0.515
35354 0.737
5858 0.016
18371 0.934
642 0.797
9871 0.512
24281 0.393
26428 0.459
24256 0.030
26364 0.349
4648 0.364
31032 0.358
33314 0.817
2055 0.163
10206 0.102
13734 0.359
9954 0.808
3491 0.122
34612 0.183
12812 0.604
28625 0.284
27141 0.384
17841 0.041
6856 0.333
32755 0.991
19270 0.204
15232 0.206
32102 0.064
34512 0.726
14218 0.223
28598 0.423
19789 0.621
3056 0.209
31431 0.319
16680 0.296
30856 0.116
11725 0.466
10598 0.993
14827 0.866
2071 0.603
300 0.596
33749 0.162
34748 0.985
20607 0.362
20015 0.731
29153 0.896
32554 0.811
1770 0.325
19916 0.238
6821 0.397
1354 0.821
20852 0.288
14535 0.796
8369 0.119
10226 0.283
33038 0.951
14016 0.670
20589 0.297
31966 0.448
10081 0.300
11967 0.407
32307 0.788
7900 0.232
29214 0.242
10595 0.634
34266 0.318
35254 0.109
25990 0.539
13736 0.255
27088 0.584
28680 0.925
12469 0.637
9007 0.744
10592 0.834
24243 0.484
20282 0.514
25650 0.163
17446 0.452
12674 0.973
5898 0.810
15682 0.291
15842 0.972
13339 0.420
4117 0.549
14172 0.894
4614 0.169
29707 0.548
24391 0.793
20354 0.250
22045 0.588
2772 0.286
18144 0.378
8882 0.563
18692 0.876
33903 0.173
17845 0.908
20724 0.544
1910 0.098
27330 0.794
4720 0.859
23301 0.110
29375 0.709
11023 0.252
13947 0.863
31534 0.920
34505 0.804
35020 0.325
27245 0.561
32057 0.986
13766 0.618
23590 0.001
30913 0.025
32123 0.448
11105 0.231
22426 0.206
21434 0.727
16786 0.049
12118 0.487
13640 0.867
24016 0.672
29160 0.484
20188 0.778
8162 0.651
21643 0.297
34541 0.717
20076 0.445
20162 0.029
26468 0.098
1164 0.727
14967 0.166
35699 0.742
3931 0.439
29891 0.431
28136 0.770
24402 0.244
9031 0.398
29515 0.918
35776 0.261
931 0.533
29730 0.829
36165 0.792
25554 0.076
29218 0.509
24481 0.836
15581 0.887
6021 0.395
23876 0.641
25206 0.303
29242 0.205
15431 0.083
30109 0.153
8028 0.281
35395 0.192
23851 0.559
35155 0.483
31207 0.581
9471 0.548
3573 0.385
18956 0.601
32173 0.608
25415 0.213
18349 0.027
1797 0.576
30179 0.223
30388 0.614
14449 0.641
7231 0.363
10466 0.517
31663 0.948
34246 0.803
7400 0.354
7177 0.667
18298 0.943
30696 0.255
13513 0.555
14683 0.213
18639 0.789
9463 0.563
17523 0.926
35521 0.288
3114 0.175
30964 0.781
30792 0.505
28334 0.162
31351 0.786
14102 0.367
12075 0.587
16275 0.589
12932 0.995
21380 0.948
2557 0.159
14667 0.907
9023 0.186
1081 0.260
20011 0.544
11790 0.295
31240 0.645
19274 0.618
7780 0.132
28012 0.996
8021 0.161
19598 0.232
20921 0.049
20373 0.436
22040 0.695
32949 0.490
22706 0.594
9513 0.235
33782 0.976
2541 0.229
16163 0.807
7056 0.748
23397 0.012
33653 0.614
11138 0.883
33083 0.308
2881 0.065
27258 0.591
32976 0.487
33826 0.126
2483 0.426
35654 0.281
23222 0.766
29968 0.163
8109 0.544
16067 0.937
34107 0.936
9378 0.248
21034 0.961
32177 0.430
10667 0.834
29607 0.087
17036 0.360
2078 0.785
31958 0.500
35283 0.518
24741 0.877
19647 0.608
3832 0.268
305 0.246
7770 0.974
14360 0.921
32685 0.147
11565 0.017
22984 0.472
2297 0.008
19004 0.826
8332 0.192
3302 0.833
29673 0.213
28 0.852
28724 0.448
21798 0.118
11275 0.656
3325 0.007
3024 0.400
33527 0.484
1973 0.539
419 0.507
28975 0.155
33302 0.311
5735 0.750
26555 0.815
22116 0.130
13633 0.658
1728 0.131
17674 0.388
24556 0.768
14534 0.871
15510 0.738
32297 0.585
35053 0.093
1092 0.118
6671 0.727
13357 0.339
4525 0.207
13676 0.329
7445 0.264
19545 0.704
3707 0.308
23969 0.570
35495 0.676
1022 0.041
18843 0.325
11180 0.619
17004 0.739
4273 0.166
23604 0.849
19675 0.200
26647 0.453
20029 0.617
32513 0.057
2085 0.441
7410 0.048
6937 0.008
29313 0.143
4467 0.999
7159 0.377
30127 0.568
12054 0.960
3665 0.517
34873 0.802
14286 0.898
18219 0.210
30716 0.436
8173 0.610
22779 0.257
9105 0.376
10718 0.087
17336 0.020
36275 0.150
23391 0.992
3716 0.739
4675 0.481
14633 0.447
20718 0.949
34526 0.281
32067 0.307
28094 0.920
8624 0.195
18149 0.347
3181 0.558
35575 0.291
5307 0.603
5426 0.561
33652 0.998
35617 0.530
7666 0.626
35502 0.448
29977 0.997
32247 0.849
11688 0.011
27224 0.121
12457 0.390
29723 0.616
34416 0.392
20696 0.125
14286 0.101
8498 0.673
19541 0.620
15410 0.345
6203 0.716
19560 0.206
1253 0.372
220 0.453
12943 0.881
4406 0.195
11465 0.412
15913 0.751
11443 0.089
35593 0.138
19474 0.914
11983 0.250
8590 0.229
7898 0.668
25134 0.801
15878 0.803
8906 0.704
25317 0.234
13676 0.177
21638 0.924
8888 0.937
11393 0.255
3027 0.274
13211 0.611
10980 0.141
32040 0.242
14285 0.651
6374 0.248
3073 0.722
36255 0.063
31759 0.615
28704 0.054
33321 0.705
12917 0.858
21802 0.018
33526 0.236
20376 0.056
19770 0.760
32422 0.752
18972 0.631
22534 0.433
18039 0.107
15394 0.015
30719 0.858
36263 0.815
8112 0.872
14974 0.198
29897 0.555
11959 0.607
6769 0.314
5746 0.591
22343 0.047
1791 0.075
9552 0.853
3223 0.051
32591 0.886
9735 0.461
21170 0.829
30153 0.410
33827 0.897
21658 0.781
32486 0.367
27338 0.034
21529 0.287
11676 0.579
2565 0.295
31933 0.795
31417 0.645
18980 0.501
2000 0.007
12076 0.133
5158 0.182
7823 0.012
8055 0.709
21711 0.892
6526 0.627
2131 0.098
15882 0.754
25360 0.282
23545 0.412
11628 0.934
3851 0.299
33449 0.429
17630 0.607
21018 0.876
33905 0.547
7832 0.334
36173 0.609
32364 0.901
29901 0.651
30585 0.100
8637 0.655
30674 0.112
11133 0.816
24178 0.523
13076 0.548
34687 0.139
15550 0.839
1487 0.936
28042 0.795
25030 0.895
20083 0.220
8193 0.970
32620 0.873
15310 0.294
31874 0.998
21494 0.799
11953 0.957
34594 0.354
25574 0.721
11837 0.093
27245 0.358
33621 0.712
6620 0.628
19846 0.260
35975 0.644
27022 0.626
24293 0.683
23757 0.723
5448 0.954
24065 0.694
29605 0.219
3275 0.350
15469 0.343
29822 0.491
8805 0.634
17169 0.897
23978 0.725
35124 0.426
26211 0.659
12266 0.045
8899 0.134
29426 0.772
21576 0.182
24485 0.938
18374 0.282
13861 0.189
27485 0.868
28493 0.927
7210 0.831
36086 0.356
26155 0.941
1903 0.151
774 0.158
8756 0.062
7353 0.342
14894 0.262
24198 0.215
6241 0.929
17763 0.917
13175 0.730
12628 0.167
17619 0.888
15992 0.024
6360 0.401
112 0.398
12631 0.334
15961 0.325
30358 0.739
35428 0.122
6137 0.091
36085 0.271
26478 0.281
14455 0.753
33534 0.634
13424 0.716
6057 0.078
180 0.770
6824 0.126
2306 0.475
260 0.701
6602 0.102
2364 0.573
2751 0.648
20539 0.629
14004 0.182
1177 0.238
10686 0.505
31796 0.493
10958 0.418
2051 0.108
4539 0.968
9239 0.748
4057 0.945
28547 0.240
12212 0.287
28812 0.164
27770 0.783
23634 0.813
35446 0.789
8198 0.866
33746 0.671
15444 0.828
26501 0.657
31272 0.876
9329 0.778
5120 0.925
10143 0.717
31235 0.051
8542 0.809
29184 0.154
2994 0.982
3207 0.504
12753 0.705
8730 0.643
9967 0.733
9540 0.332
36114 0.418
5518 0.752
7272 0.800
22307 0.135
16973 0.011
30797 0.671
21531 0.173
23106 0.568
31270 0.100
33508 0.606
12175 0.372
27255 0.102
1322 0.918
22773 0.923
29134 0.008
3355 0.160
30892 0.691
8100 0.722
11648 0.417
16048 0.598
15843 0.792
11370 0.121
26223 0.604
28365 0.383
35755 0.528
31965 0.265
33983 0.683
26234 0.844
18591 0.331
3963 0.932
15448 0.804
3895 0.457
24720 0.766
26522 0.794
12930 0.160
408 0.077
19731 0.308
28163 0.334
13489 0.180
10801 0.990
4119 0.184
13847 0.182
12393 0.650
12918 0.595
31807 0.284
13545 0.837
18321 0.822
1114 0.024
6373 0.335
23385 0.737
3291 0.039
30209 0.176
11990 0.917
3279 0.290
34964 0.318
13546 0.528
21981 0.273
16206 0.424
32090 0.582
10718 0.134
3013 0.964
23780 0.536
28611 0.589
9129 0.197
30958 0.145
11318 0.334
35322 0.850
12840 0.391
20109 0.593
13879 0.231
27270 0.248
18442 0.773
20828 0.850
16497 0.094
34423 0.103
18498 0.202
14926 0.795
15779 0.746
31561 0.412
26038 0.408
33201 0.911
23395 0.754
35978 0.927
29618 0.219
31800 0.730
19749 0.015
13037 0.410
18671 0.553
27790 0.839
23161 0.260
25648 0.800
35524 0.454
3789 0.445
1647 0.610
3252 0.455
36302 0.907
14986 0.234
12278 0.061
25004 0.773
36447 0.710
22260 0.002
33139 0.838
25750 0.022
19216 0.629
12123 0.149
13865 0.523
33612 0.271
26413 0.041
1483 0.862
30273 0.058
15552 0.882
24063 0.941
35408 0.449
4387 0.005
8096 0.455
8971 0.494
18630 0.204
8773 0.374
24243 0.698
35192 0.123
19973 0.866
23107 0.049
33330 0.363
1245 0.601
16650 0.115
4075 0.077
23009 0.037
10211 0.017
471 0.281
6062 0.088
13824 0.176
10033 0.575
21413 0.740
28380 0.676
27926 0.877
12762 0.228
20746 0.324
28821 0.833
3607 0.710
13683 0.676
26167 0.405
22450 0.127
12267 0.566
15923 0.762
1597 0.973
31941 0.897
14890 0.290
25314 0.201
17376 0.291
16378 0.077
35474 0.276
33722 0.969
6907 0.599
2555 0.241
16039 0.576
28517 0.431
35118 0.962
34668 0.625
31508 0.164
32534 0.036
29522 0.348
16096 0.828
4085 0.697
11342 0.189
15232 0.378
25109 0.424
22391 0.682
32201 0.565
356 0.500
31571 0.546
29759 0.841
10902 0.662
15006 0.380
29294 0.429
23385 0.827
13483 0.282
24387 0.868
18195 0.635
26798 0.407
5391 0.195
17055 0.445
35701 0.853
26710 0.316
3489 0.409
13105 0.547
25153 0.454
23877 0.181
27588 0.230
26102 0.122
36250 0.157
24685 0.535
31531 0.602
30375 0.197
1365 0.505
1030 0.425
35330 0.847
1927 0.285
16232 0.995
23206 0.810
16006 0.604
31292 0.225
3552 0.524
9584 0.885
28019 0.699
34487 0.716
23633 0.870
14044 0.986
11392 0.164
35150 0.629
21579 0.591
1305 0.025
6173 0.979
36055 0.429
26866 0.952
35050 0.254
29846 0.346
1137 0.481
36296 0.319
32085 0.657
5262 0.693
22266 0.766
3597 0.609
20728 0.600
7507 0.625
29990 0.571
20842 0.354
14845 0.651
32951 0.198
10413 0.247
35482 0.236
18558 0.567
13347 0.631
25327 0.111
745 0.201
6677 0.548
12216 0.239
18193 0.688
904 0.924
9072 0.031
18404 0.929
17487 0.050
27830 0.755
33460 0.363
11160 0.709
4974 0.638
24467 0.924
17344 0.675
23409 0.357
29785 0.989
35226 0.829
27938 0.903
32687 0.657
23971 0.450
33018 0.082
17045 0.914
26451 0.149
5127 0.056
4413 0.126
12061 0.004
28073 0.739
36437 0.993
9357 0.424
6917 0.290
20818 0.382
10248 0.455
15797 0.661
31839 0.470
7495 0.679
15356 0.183
8076 0.544
7339 0.089
6679 0.075
17291 0.357
4112 0.737
35759 0.118
17612 0.544
34318 0.743
9057 0.712
15891 0.785
32965 0.740
27409 0.480
5248 0.126
33817 0.696
21271 0.678
25211 0.363
16570 0.750
34989 0.530
16661 0.653
14667 0.903
31003 0.050
24152 0.020
28379 0.128
13587 0.801
16294 0.042
25723 0.604
10681 0.329
851 0.095
8557 0.099
25005 0.395
2455 0.481
24845 0.922
2621 0.763
31600 0.878
18462 0.331
19632 0.316
17547 0.550
2390 0.995
1989 0.173
32150 0.236
33160 0.246
7793 0.584
13989 0.320
35127 0.275
28812 0.335
10363 0.848
24126 0.708
20816 0.989
33903 0.018
7351 0.951
34390 0.850
7687 0.602
26125 0.009
19504 0.427
33814 0.228
36674 0.809
28418 0.174
10790 0.719
15032 0.601
1075 0.561
9339 0.975
15910 0.248
16581 0.884
18764 0.635
6143 0.947
11474 0.942
6505 0.501
25189 0.630
1443 0.926
17877 0.211
7137 0.040
8096 0.388
27037 0.615
10670 0.661
29069 0.105
5180 0.476
2729 0.048
30530 0.053
561 0.292
9875 0.558
24788 0.031
22210 0.718
8873 0.687
9895 0.774
22330 0.574
21556 0.575
34138 0.615
33542 0.258
2999 0.593
11475 0.431
20452 0.540
25751 0.512
33306 0.558
24429 0.618
34456 0.007
34265 0.119
27266 0.633
11289 0.705
32044 0.725
26721 0.340
33122 0.970
42 0.037
18968 0.749
880 0.533
10161 0.418
24849 0.061
6831 0.687
11696 0.713
32148 0.336
32650 0.783
6838 0.457
3634 0.586
21939 0.407
14109 0.572
5942 0.533
5555 0.754
7183 0.680
19549 0.934
11290 0.622
29544 0.995
3660 0.762
35116 0.360
16936 0.481
6579 0.062
31599 0.062
33453 0.149
18571 0.095
1439 0.679
32593 0.736
19442 0.383
33029 0.565
36374 0.465
31320 0.808
21309 0.570
11322 0.332
24846 0.342
25556 0.409
19332 0.764
15250 0.468
27571 0.152
21028 0.675
5898 0.594
17860 0.751
17993 0.361
14469 0.808
26078 0.962
2353 0.735
19026 0.074
33144 0.495
33798 0.089
11446 0.717
5308 0.361
18923 0.794
34234 0.277
8317 0.704
25642 0.725
18577 0.108
4748 0.846
4758 0.025
22340 0.192
3570 0.775
30868 0.073
20546 0.728
14537 0.414
32132 0.976
18298 0.807
21193 0.728
34668 0.188
33644 0.906
27414 0.003
20991 0.951
3202 0.671
10330 0.819
17888 0.363
23504 0.336
26644 0.976
32511 0.722
31030 0.475
9875 0.378
28060 0.739
16046 0.893
28155 0.790
18828 0.580
3306 0.354
14816 0.720
8966 0.956
33977 0.041
24566 0.712
5313 0.525
1346 0.846
28480 0.227
35591 0.824
5492 0.383
33151 0.975
26214 0.475
13703 0.820
29350 0.571
11666 0.030
19029 0.933
23920 0.192
17925 0.102
23707 0.008
33155 0.286
10316 0.615
29242 0.145
29454 0.621
13801 0.474
33855 0.525
32223 0.699
14517 0.081
6342 0.531
18776 0.363
11830 0.207
10241 0.180
13780 0.384
32926 0.942
28259 0.637
6022 0.385
3851 0.572
24007 0.286
21415 0.661
1784 0.207
11815 0.838
22279 0.547
32529 0.925
10229 0.426
34198 0.968
32241 0.276
32365 0.436
26188 0.183
12149 0.055
15234 0.757
4175 0.636
13836 0.130
10510 0.257
28963 0.127
32819 0.567
21792 0.255
11331 0.913
20456 0.415
623 0.503
17732 0.556
8270 0.352
30379 0.252
10388 0.663
15526 0.253
35570 0.902
26303 0.323
31789 0.910
24332 0.576
21148 0.720
29113 0.169
11833 0.175
8673 0.751
33179 0.693
12990 0.226
25756 0.121
35872 0.282
34417 0.132
12690 0.104
29910 0.539
5148 0.544
15465 0.190
4266 0.410
11860 0.873
3404 0.872
13872 0.692
10585 0.072
21064 0.389
19537 0.240
34568 0.883
18325 0.477
8271 0.758
21796 0.490
35865 0.818
6720 0.548
27655 0.728
8328 0.270
9489 0.307
4648 0.577
10481 0.716
16171 0.055
14950 0.463
19542 0.385
20811 0.932
4011 0.985
12018 0.442
17797 0.221
31366 0.125
19191 0.066
24030 0.268
30866 0.348
25973 0.800
1215 0.420
22275 0.048
13069 0.811
26255 0.735
20066 0.134
29165 0.365
10766 0.018
6780 0.129
393 0.331
29997 0.862
15818 0.577
17090 0.998
17046 0.040
33649 0.306
19672 0.431
29400 0.570
35077 0.329
797 0.499
5674 0.590
28243 0.319
21292 0.422
30729 0.483
11731 0.457
26452 0.549
20772 0.208
30865 0.149
30040 0.576
4081 0.247
10449 0.594
2993 0.779
6951 0.536
19819 0.981
26673 0.219
3651 0.692
17993 0.861
16529 0.691
18788 0.841
3070 0.710
33358 0.968
44 0.015
221 0.377
20592 0.914
9504 0.458
7417 0.463
15289 0.279
8434 0.128
6486 0.374
11004 0.747
16805 0.108
4504 0.352
24172 0.893
7512 0.916
25643 0.935
1488 0.090
29678 0.321
18732 0.024
3966 0.227
29482 0.970
272 0.230
20513 0.358
16497 0.125
18137 0.738
16515 0.495
15262 0.578
24897 0.778
17589 0.034
31155 0.274
22524 0.033
36195 0.196
5984 0.215
32617 0.671
7624 0.789
16635 0.498
3043 0.711
4175 0.616
15634 0.093
22811 0.436
8305 0.172
20616 0.179
20672 0.615
26591 0.385
6625 0.748
6493 0.690
30842 0.328
4818 0.114
19200 0.853
4602 0.711
9971 0.802
22289 0.518
24424 0.297
18552 0.303
4814 0.400
27826 0.720
3801 0.487
22714 0.002
8696 0.395
8970 0.635
24915 0.957
5312 0.005
25275 0.864
36207 0.657
24954 0.462
7768 0.307
27636 0.110
4133 0.531
29648 0.010
32447 0.853
31277 0.624
31925 0.045
25040 0.170
33913 0.672
30264 0.638
1466 0.322
36270 0.613
6716 0.646
24637 0.068
16828 0.136
21575 0.335
19629 0.373
15479 0.704
12418 0.874
9943 0.628
20015 0.853
2572 0.923
20629 0.951
2065 0.544
676 0.622
14510 0.873
11928 0.082
16283 0.688
13495 0.808
30476 0.785
5845 0.879
12413 0.256
270 0.062
22122 0.605
16577 0.491
927 0.692
29257 0.872
1968 0.075
27167 0.768
32140 0.942
7477 0.168
24684 0.001
24307 0.534
22825 0.739
29864 0.212
3414 0.505
23485 0.124
19988 0.986
17624 0.236
9926 0.426
22122 0.670
28568 0.581
17866 0.626
6495 0.461
26667 0.731
11405 0.397
18479 0.934
21598 0.276
31805 0.071
3272 0.343
2186 0.502
15365 0.855
17891 0.549
15232 0.050
5124 0.143
6051 0.554
28184 0.229
4357 0.064
29083 0.840
13423 0.401
34692 0.462
16017 0.030
35335 0.778
35550 0.818
7025 0.254
34266 0.963
28708 0.736
30291 0.947
26973 0.357
15799 0.709
5445 0.181
30864 0.889
25793 0.916
1182 0.887
3880 0.464
9772 0.100
30985 0.454
14834 0.998
26733 0.794
10358 0.725
6160 0.330
12901 0.009
8559 0.576
24639 0.233
11288 0.322
31960 0.767
5908 0.784
19200 0.834
2254 0.358
1699 0.881
33464 0.198
28491 0.273
16705 0.348
16661 0.205
9772 0.438
4197 0.745
20094 0.037
28663 0.158
22944 0.248
7065 0.840
27788 0.533
19587 0.328
23522 0.236
35217 0.537
1387 0.318
22055 0.154
9085 0.736
17884 0.617
31868 0.392
25999 0.555
15017 0.996
9260 0.379
17522 0.894
33372 0.877
11852 0.133
14833 0.761
36231 0.154
34566 0.474
14294 0.693
4949 0.858
10216 0.283
28668 0.780
34438 0.166
32194 0.955
3486 0.833
21449 0.138
34395 0.082
4400 0.806
23763 0.412
28184 0.072
11902 0.232
1458 0.222
7077 0.613
35676 0.057
14803 0.950
34540 0.041
4848 0.637
21095 0.322
27478 0.104
15066 0.838
27913 0.334
2428 0.861
27426 0.492
3617 0.556
24314 0.054
22765 0.186
31699 0.938
18416 0.311
12207 0.598
5282 0.075
12210 0.713
27568 0.223
1911 0.079
1725 0.891
33607 0.704
14111 0.523
989 0.191
9323 0.641
1161 0.322
32836 0.088
20598 0.492
8299 0.535
26569 0.151
25240 0.227
29500 0.929
5803 0.504
8065 0.454
31733 0.388
6178 0.262
35345 0.469
12814 0.681
35687 0.467
22668 0.532
6868 0.446
21791 0.627
27745 0.086
24695 0.477
26428 0.143
32609 0.657
22623 0.720
36199 0.947
4745 0.168
20683 0.553
5326 0.914
21902 0.777
14578 0.348
2174 0.141
21100 0.837
30966 0.030
2548 0.628
19092 0.921
30988 0.635
12329 0.109
35248 0.873
27641 0.808
7411 0.979
9906 0.863
2016 0.521
31703 0.683
20173 0.199
34390 0.793
15645 0.892
3120 0.252
9916 0.039
34309 0.597
2867 0.867
29395 0.514
8044 0.104
18780 0.612
31901 0.951
24151 0.246
25320 0.065
26750 0.863
9671 0.699
17904 0.456
20626 0.804
11567 0.586
14183 0.537
24266 0.000
13640 0.730
23588 0.598
35497 0.475
20176 0.757
27150 0.404
34144 0.436
27189 0.348
13350 0.824
22785 0.938
4021 0.152
29889 0.166
16431 0.776
33578 0.465
32616 0.820
35348 0.240
15812 0.728
23252 0.897
31743 0.367
27254 0.254
34489 0.046
34862 0.079
33745 0.016
31658 0.731
27382 0.267
27295 0.740
15302 0.716
10406 0.081
4308 0.742
2324 0.038
31193 0.602
16395 0.402
12933 0.673
22528 0.377
21184 0.753
2956 0.543
1910 0.493
31841 0.413
18488 0.912
16892 0.055
4932 0.153
21534 0.369
34417 0.585
4015 0.233
11534 0.906
24640 0.537
5477 0.325
5806 0.050
2726 0.549
22979 0.108
2131 0.766
8097 0.752
3107 0.239
18777 0.894
17234 0.909
28016 0.455
8201 0.364
25110 0.177
23578 0.612
34813 0.793
11046 0.797
3161 0.630
10960 0.373
8518 0.081
26789 0.632
13371 0.073
14185 0.988
9281 0.147
55 0.741
36129 0.640
11480 0.704
6324 0.949
29782 0.578
9887 0.555
14232 0.489
11981 0.296
16358 0.063
30556 0.070
22420 0.631
11551 0.310
2567 0.609
19095 0.534
34224 0.247
5012 0.442
27357 0.564
12574 0.318
7470 0.757
2805 0.186
27432 0.826
20102 0.641
27245 0.931
30283 0.450
13739 0.799
30071 0.695
12440 0.732
3777 0.626
14321 0.505
29971 0.996
20156 0.788
2893 0.973
25698 0.540
13775 0.101
6859 0.456
7358 0.512
990 0.412
31859 0.549
28941 0.612
19253 0.802
6586 0.935
7289 0.590
2259 0.733
15385 0.429
28947 0.793
17274 0.305
10878 0.310
25436 0.747
10426 0.970
27876 0.410
19181 0.670
16069 0.031
23649 0.966
28873 0.259
30470 0.447
3482 0.412
16209 0.111
9583 0.342
9452 0.672
11308 0.690
10631 0.525
32754 0.429
20445 0.076
26742 0.884
6060 0.420
24409 0.334
24171 0.811
14452 0.817
7149 0.619
20202 0.985
17983 0.115
11045 0.596
217 0.164
31912 0.846
13122 0.156
34533 0.399
22396 0.065
27372 0.190
12184 0.730
12708 0.862
2247 0.351
31774 0.309
25277 0.485
27123 0.208
35375 0.451
22381 0.079
16620 0.042
24775 0.553
25540 0.763
35884 0.046
24716 0.251
3097 0.558
15371 0.667
32447 0.534
3955 0.874
30094 0.317
35445 0.723
35328 0.539
28755 0.815
24562 0.572
29956 0.655
34073 0.355
15561 0.000
7291 0.580
1804 0.408
11394 0.652
24147 0.238
2992 0.816
35896 0.146
32260 0.449
1376 0.887
36214 0.004
26811 0.171
25955 0.012
4598 0.324
14208 0.684
35308 0.980
10556 0.373
5760 0.245
33471 0.373
14705 0.423
18640 0.096
36082 0.567
4031 0.049
12807 0.096
2533 0.175
12745 0.757
30389 0.292
11449 0.803
17802 0.638
19506 0.561
8032 0.256
28928 0.164
24998 0.713
1918 0.474
2946 0.814
11820 0.822
29485 0.465
36095 0.301
17333 0.961
25874 0.473
13825 0.411
5398 0.880
20909 0.950
19100 0.701
22911 0.929
804 0.576
24335 0.631
33393 0.266
30460 0.751
6214 0.251
26190 0.768
27477 0.694
10412 0.936
8971 0.543
32247 0.254
29888 0.122
23878 0.259
24593 0.228
7629 0.689
16593 0.182
30987 0.404
35909 0.422
23813 0.472
13721 0.346
23205 0.660
6448 0.976
9809 0.103
5761 0.890
7120 0.220
10698 0.970
23394 0.025
15937 0.405
3703 0.309
21079 0.946
15844 0.408
36183 0.841
35601 0.547
29853 0.912
25133 0.430
17393 0.921
18957 0.504
10985 0.090
10601 0.774
30475 0.122
32093 0.665
8141 0.451
7157 0.794
3396 0.000
4923 0.219
1275 0.923
35110 0.351
11953 0.387
20659 0.179
9399 0.417
10048 0.050
12992 0.961
24295 0.531
21039 0.056
10294 0.552
11682 0.057
13399 0.245
19534 0.155
29897 0.207
27318 0.426
16465 0.962
12798 0.706
6938 0.604
15148 0.940
1760 0.417
28215 0.252
19374 0.307
34501 0.601
34340 0.422
26822 0.313
20062 0.157
9318 0.932
11042 0.466
3130 0.019
2896 0.789
34586 0.288
18578 0.754
5865 0.911
10607 0.725
4856 0.289
4704 0.097
3626 0.334
22972 0.421
15293 0.455
10508 0.400
4918 0.583
28183 0.628
16152 0.977
32938 0.038
5510 0.852
25600 0.150
12075 0.383
33819 0.676
15687 0.965
30939 0.522
2261 0.213
31317 0.341
34189 0.254
1024 0.211
22862 0.130
20389 0.603
9892 0.765
35654 0.096
1028 0.209
2023 0.567
2551 0.973
32923 0.544
21796 0.303
29558 0.795
35058 0.841
17867 0.099
7283 0.427
3442 0.135
9269 0.755
9833 0.663
6518 0.597
11443 0.428
14119 0.324
14801 0.375
8418 0.125
4296 0.391
21551 0.760
5107 0.172
3018 0.739
35102 0.149
14410 0.521
33433 0.084
2594 0.745
35398 0.372
12046 0.196
5229 0.733
35751 0.742
32774 0.595
2696 0.324
32561 0.887
30485 0.859
27332 0.128
16834 0.744
35750 0.301
20802 0.020
30079 0.348
21733 0.361
32984 0.401
28201 0.784
12590 0.559
33383 0.401
30827 0.729
36271 0.812
6210 0.772
8825 0.137
32462 0.937
4154 0.150
18832 0.417
28364 0.077
14040 0.687
18240 0.400
31846 0.826
22619 0.425
4508 0.106
21168 0.372
656 0.892
12307 0.759
26450 0.185
19371 0.682
1143 0.351
3179 0.948
32018 0.441
28725 0.272
34635 0.052
494 0.197
30123 0.665
28846 0.714
35845 0.512
20594 0.556
13551 0.182
5881 0.918
15154 0.887
14888 0.559
29726 0.823
13327 0.508
26873 0.947
6148 0.958
34659 0.212
21730 0.680
36550 0.958
23235 0.609
980 0.131
31425 0.115
5166 0.515
4591 0.429
5630 0.108
19862 0.655
29925 0.606
31475 0.538
29839 0.360
17851 0.300
26345 0.274
27846 0.972
29812 0.346
1726 0.211
656 0.958
32953 0.297
33279 0.324
9282 0.188
5149 0.801
1250 0.320
9287 0.557
31629 0.890
11147 0.022
16519 0.598
23313 0.407
24680 0.628
31784 0.464
26119 0.008
8826 0.556
12283 0.345
17609 0.912
12143 0.672
25348 0.787
26606 0.092
28360 0.090
2760 0.126
9525 0.117
3191 0.186
34197 0.064
31079 0.256
16872 0.604
26334 0.461
31305 0.152
24254 0.755
14264 0.519
1693 0.663
13714 0.001
15220 0.103
29846 0.026
11612 0.487
35671 0.799
12810 0.576
34048 0.808
16073 0.035
18203 0.999
7751 0.629
18679 0.916
17857 0.372
1905 0.581
6016 0.014
32497 0.409
32189 0.718
27005 0.698
34248 0.869
28703 0.008
7017 0.620
20256 0.085
25765 0.530
17660 0.660
20216 0.956
5778 0.751
18001 0.641
18606 0.062
27157 0.091
5607 0.446
30341 0.880
13073 0.606
32358 0.039
20491 0.937
20749 0.472
2976 0.465
9145 0.087
12865 0.741
18666 0.959
717 0.553
2345 0.037
9966 0.197
36647 0.525
24783 0.632
11466 0.772
14105 0.547
16870 0.198
20877 0.285
19611 0.101
19891 0.034
5931 0.375
1280 0.993
10828 0.874
15868 0.329
32959 0.585
15579 0.235
7138 0.647
35135 0.102
29922 0.117
9502 0.811
31680 0.098
32024 0.369
3461 0.581
33738 0.666
14570 0.679
33357 0.596
3693 0.389
3986 0.862
28983 0.785
9691 0.708
28476 0.490
19626 0.580
20651 0.178
31583 0.436
24979 0.426
12071 0.561
26709 0.572
28135 0.145
2470 0.747
19028 0.752
30818 0.177
9084 0.406
16442 0.517
22910 0.568
21664 0.575
22568 0.597
13378 0.380
24581 0.475
29910 0.289
5449 0.525
21875 0.330
13972 0.542
31143 0.084
1355 0.423
29624 0.907
8064 0.647
7689 0.844
28622 0.864
36419 0.030
17144 0.083
31411 0.015
8229 0.861
19272 0.162
34023 0.341
3534 0.831
12961 0.804
14283 0.847
33046 0.537
5630 0.823
5696 0.911
9012 0.196
35719 0.526
2665 0.487
27911 0.999
8232 0.650
8618 0.966
33108 0.294
12051 0.851
20153 0.652
34543 0.116
2260 0.719
4178 0.744
30672 0.074
21491 0.284
24875 0.836
7273 0.564
11563 0.975
2346 0.785
29536 0.882
31456 0.157
837 0.223
5811 0.720
20563 0.052
13090 0.311
11401 0.748
3303 0.102
19753 0.304
30217 0.186
30540 0.326
3926 0.882
14001 0.530
19281 0.000
22149 0.476
21734 0.648
14155 0.159
27919 0.736
659 0.540
26581 0.165
20105 0.840
4631 0.893
21640 0.653
19970 0.196
29695 0.477
3232 0.655
33173 0.551
15429 0.792
32023 0.260
26502 0.000
21990 0.826
27972 0.660
8553 0.378
29508 0.999
30782 0.023
19252 0.295
4178 0.312
20527 0.899
12896 0.700
10592 0.539
18012 0.003
3546 0.555
33957 0.654
7216 0.555
13167 0.463
23819 0.064
10193 0.350
10399 0.618
8696 0.439
5161 0.193
20437 0.886
16971 0.834
292 0.856
25701 0.000
12386 0.451
25719 0.877
34956 0.809
19251 0.467
17013 0.885
10902 0.213
4213 0.729
16471 0.297
21386 0.218
19846 0.332
7801 0.799
8560 0.369
13722 0.536
27706 0.014
21811 0.724
8488 0.688
27690 0.727
17321 0.405
5187 0.878
30819 0.071
15060 0.504
7517 0.264
16356 0.288
3516 0.568
27189 0.677
22608 0.779
22162 0.381
9039 0.770
20319 0.579
3436 0.348
22393 0.228
749 0.881
9836 0.166
22300 0.157
25032 0.297
25041 0.857
50 0.382
18801 0.801
25504 0.195
5513 0.439
15001 0.583
31674 0.105
11978 0.062
35056 0.089
19692 0.973
25451 0.325
13737 0.291
18090 0.174
14443 0.089
11030 0.352
30567 0.987
2992 0.051
21773 0.891
29061 0.716
4117 0.927
25254 0.755
14762 0.977
18445 0.092
21056 0.531
13207 0.412
32732 0.997
10620 0.979
33979 0.987
18001 0.448
11448 0.814
28834 0.599
10896 0.076
28902 0.790
16963 0.106
18087 0.830
22959 0.638
13577 0.899
29120 0.521
21757 0.306
13587 0.132
21941 0.214
5468 0.175
36096 0.141
6305 0.706
7493 0.665
8541 0.423
21740 0.455
33013 0.333
4697 0.994
11840 0.037
20345 0.108
17115 0.519
7283 0.450
1524 0.797
11229 0.406
8962 0.556
3995 0.652
28486 0.219
33382 0.210
11512 0.004
2105 0.637
17558 0.668
33773 0.910
4899 0.811
1981 0.918
20963 0.061
16503 0.911
18942 0.634
14957 0.149
2387 0.611
7326 0.459
30408 0.233
13425 0.618
18206 0.280
13562 0.579
24160 0.785
532 0.100
9584 0.201
3923 0.477
17898 0.431
335 0.371
27232 0.165
32002 0.817
3852 0.710
28846 0.732
33029 0.229
8216 0.701
29244 0.369
28866 0.529
14825 0.665
28960 0.926
21125 0.525
8499 0.518
3379 0.669
4653 0.510
4266 0.015
21185 0.900
29762 0.442
29749 0.656
1902 0.379
31707 0.983
10209 0.479
28055 0.040
8247 0.554
12614 0.280
635 0.156
7060 0.821
13719 0.179
21960 0.241
34866 0.193
12793 0.564
11855 0.068
27272 0.315
21501 0.563
8131 0.306
17628 0.620
11848 0.298
3829 0.014
18725 0.179
35595 0.602
34111 0.966
922 0.200
13707 0.687
6000 0.848
13173 0.925
4804 0.004
3098 0.079
22693 0.078
25023 0.149
2827 0.872
36222 0.314
16219 0.924
4270 0.123
36590 0.079
34020 0.005
28036 0.215
15122 0.040
15253 0.139
35074 0.470
2133 0.077
1335 0.104
7803 0.359
26362 0.824
15809 0.000
32505 0.169
14940 0.138
3346 0.263
15619 0.372
814 0.997
35889 0.418
33980 0.118
14315 0.563
18885 0.441
1346 0.503
6536 0.758
4180 0.279
3249 0.356
2245 0.302
32691 0.730
36467 0.524
16555 0.086
26361 0.436
10967 0.331
35512 0.820
5243 0.701
21018 0.346
542 0.082
8483 0.793
5275 0.249
19657 0.819
31575 0.620
1672 0.924
24686 0.947
21145 0.815
29822 0.858
30220 0.631
21639 0.781
30332 0.261
26977 0.952
10572 0.723
12574 0.172
24914 0.743
10856 0.872
17163 0.194
18892 0.133
10739 0.926
18549 0.844
21203 0.320
11182 0.738
17854 0.265
10261 0.984
20867 0.527
20181 0.517
15557 0.534
23230 0.769
30886 0.455
16732 0.114
24313 0.059
16612 0.603
11870 0.509
9038 0.318
28143 0.544
26862 0.698
16891 0.471
33819 0.946
33271 0.289
29669 0.967
4700 0.581
31578 0.967
8133 0.114
10382 0.259
1553 0.469
8628 0.400
34509 0.970
32464 0.596
36442 0.572
6250 0.928
10358 0.555
9084 0.717
28324 0.767
3683 0.666
14264 0.932
36361 0.486
20089 0.776
9876 0.135
12456 0.816
27999 0.059
24130 0.439
9348 0.000
13576 0.803
1472 0.801
13900 0.232
14939 0.490
6392 0.978
15829 0.181
6313 0.818
9799 0.026
24008 0.182
15893 0.758
30248 0.728
29033 0.178
33410 0.201
26973 0.685
24849 0.548
12503 0.335
135 0.356
6637 0.477
10294 0.822
15989 0.737
14635 0.062
18416 0.366
651 0.156
28247 0.277
31354 0.108
2507 0.077
13888 0.048
9726 0.860
30823 0.315
27263 0.045
28106 0.935
1199 0.640
33225 0.644
30525 0.650
25533 0.071
15564 0.097
28238 0.757
8218 0.731
398 0.694
9852 0.525
30866 0.294
16154 0.884
2255 0.620
23998 0.866
25298 0.857
26153 0.361
20520 0.772
7001 0.570
31166 0.555
22678 0.096
25699 0.543
10429 0.768
14692 0.814
11471 0.508
33485 0.553
13173 0.318
7513 0.919
5456 0.354
26780 0.711
20812 0.941
21565 0.783
12160 0.291
7311 0.494
13390 0.159
14307 0.944
1169 0.501
21344 0.125
10144 0.836
1051 0.445
4945 0.862
7339 0.311
34289 0.179
14339 0.803
30328 0.058
11625 0.218
18395 0.468
3195 0.470
32330 0.852
19054 0.181
27525 0.604
9736 0.609
14510 0.983
355 0.110
18555 0.044
16284 0.901
17949 0.482
3468 0.334
30321 0.355
3280 0.304
19124 0.677
10137 0.848
16368 0.009
10305 0.008
32541 0.546
23189 0.155
27713 0.253
33461 0.759
3685 0.973
35817 0.701
28646 0.893
11327 0.442
13303 0.906
27086 0.728
6293 0.737
25071 0.377
27328 0.036
7500 0.318
7849 0.610
32358 0.471
21392 0.545
6240 0.847
10840 0.570
2434 0.363
20385 0.899
17306 0.543
34709 0.132
26727 0.201
20123 0.658
29909 0.159
2700 0.929
32547 0.871
6372 0.380
2459 0.084
35575 0.687
20328 0.475
20676 0.159
25377 0.946
21701 0.797
14529 0.956
4399 0.172
26137 0.825
15741 0.955
35932 0.876
31211 0.148
5747 0.065
22393 0.446
26179 0.557
17595 0.046
26727 0.854
10787 0.352
26495 0.148
15077 0.897
31369 0.993
31565 0.894
18271 0.162
32480 0.645
13981 0.373
36197 0.383
32599 0.149
12864 0.622
13670 0.201
6514 0.466
32678 0.108
20699 0.327
35844 0.234
34277 0.157
18315 0.778
36279 0.196
31402 0.475
23244 0.960
29721 0.141
16540 0.926
24460 0.333
17247 0.907
3522 0.919
10884 0.366
30237 0.288
8406 0.677
16824 0.723
18881 0.714
12992 0.275
15073 0.250
18144 0.973
28644 0.831
12937 0.221
13205 0.306
36013 0.935
11484 0.436
27384 0.757
34183 0.080
19398 0.915
10016 0.439
14718 0.695
9394 0.737
34182 0.402
20582 0.337
26968 0.941
24668 0.960
19369 0.025
13795 0.933
9406 0.578
11061 0.495
26984 0.085
12888 0.531
14031 0.149
10209 0.164
11235 0.048
26302 0.076
34779 0.633
32011 0.792
17348 0.917
34019 0.814
14073 0.199
4502 0.873
29134 0.563
7137 0.880
30859 0.967
9782 0.880
7936 0.686
2370 0.835
10173 0.847
26596 0.040
20612 0.583
15170 0.714
18899 0.541
4178 0.534
31116 0.459
32061 0.829
30437 0.811
22884 0.462
10283 0.073
32992 0.355
21154 0.005
828 0.099
27514 0.145
13230 0.649
23378 0.630
2316 0.416
8533 0.555
8701 0.453
26315 0.710
14752 0.514
8930 0.874
23194 0.258
14147 0.004
23138 0.743
19757 0.330
18645 0.835
10518 0.010
35382 0.370
33261 0.541
241 0.129
33078 0.151
20861 0.206
36029 0.057
28582 0.249
27556 0.647
19980 0.579
1399 0.347
11002 0.298
25631 0.058
5282 0.832
13216 0.977
4903 0.738
8703 0.693
29487 0.002
34174 0.252
14628 0.879
4461 0.913
633 0.274
27853 0.834
26196 0.239
11458 0.215
32300 0.128
34362 0.014
794 0.318
8577 0.068
16268 0.062
5113 0.550
6365 0.541
18613 0.611
11520 0.432
5211 0.012
12142 0.846
13233 0.381
11205 0.508
15892 0.495
25506 0.490
25849 0.272
14918 0.677
198 0.157
17514 0.101
24985 0.485
30451 0.277
34017 0.876
35173 0.144
17265 0.481
28922 0.301
35452 0.283
1276 0.916
31270 0.770
12125 0.308
25082 0.185
10961 0.685
13550 0.914
13659 0.623
5359 0.515
30771 0.326
14942 0.503
33493 0.029
18075 0.034
9538 0.363
23989 0.522
13964 0.918
14764 0.119
4457 0.860
28008 0.144
8816 0.707
4555 0.485
34218 0.997
32370 0.770
5651 0.091
23837 0.130
16022 0.736
35550 0.437
28951 0.945
1033 0.201
36353 0.771
14144 0.202
21097 0.567
24916 0.636
16480 0.840
11072 0.979
19305 0.227
27623 0.982
4728 0.183
29226 0.727
6182 0.992
3813 0.905
5626 0.856
23458 0.074
3511 0.586
3865 0.785
27734 0.759
276 0.720
34868 0.153
15896 0.001
1677 0.017
20328 0.784
28104 0.032
28930 0.174
30926 0.639
27995 0.173
532 0.180
9111 0.710
24165 0.600
9240 0.934
11014 0.953
26117 0.068
2114 0.412
8658 0.635
19075 0.594
28546 0.882
1507 0.336
20885 0.394
22176 0.155
12002 0.627
17349 0.646
4287 0.286
29220 0.295
33846 0.977
25651 0.816
29090 0.861
20815 0.287
35755 0.698
4957 0.751
32917 0.294
6246 0.247
35604 0.534
35719 0.171
34328 0.788
23353 0.444
18802 0.853
28923 0.863
29807 0.697
10900 0.650
3784 0.345
31422 0.833
18282 0.124
14844 0.447
4158 0.127
26014 0.763
6324 0.513
18268 0.950
14100 0.538
21976 0.850
12584 0.415
27204 0.266
7134 0.572
508 0.012
8472 0.948
20616 0.347
31752 0.017
6854 0.614
5655 0.006
34195 0.003
33624 0.733
3596 0.327
15287 0.372
21010 0.388
16924 0.851
8197 0.722
12516 0.548
3921 0.623
3384 0.138
29636 0.909
1941 0.260
34305 0.026
30581 0.833
18318 0.922
11160 0.256
15978 0.753
9598 0.886
13665 0.473
10300 0.642
28114 0.730
9010 0.679
17611 0.924
3076 0.707
25738 0.533
24749 0.768
34676 0.861
12174 0.330
32227 0.593
15162 0.495
22316 0.750
4192 0.144
17250 0.966
8362 0.697
299 0.865
24164 0.936
8397 0.119
35662 0.064
15105 0.843
5222 0.731
15746 0.864
26983 0.914
19232 0.594
11196 0.549
12624 0.481
32342 0.818
36443 0.142
11359 0.609
8284 0.958
30223 0.628
26182 0.601
537 0.706
26919 0.707
35245 0.631
8764 0.864
30251 0.201
22516 0.147
30637 0.717
1180 0.070
22784 0.597
32246 0.813
7768 0.125
3434 0.158
12737 0.988
25922 0.831
29675 0.796
14880 0.551
32999 0.484
4554 0.285
22822 0.820
16282 0.735
4404 0.186
14180 0.861
15611 0.754
32997 0.890
33086 0.598
18851 0.442
4147 0.579
21295 0.270
11457 0.682
6095 0.175
3990 0.582
9026 0.676
34195 0.393
12318 0.349
4045 0.074
29353 0.152
29101 0.245
21964 0.948
1830 0.919
31798 0.038
32021 0.590
30651 0.067
23577 0.577
20010 0.122
334 0.338
20746 0.792
36506 0.102
2143 0.808
21810 0.325
30673 0.891
5176 0.873
18215 0.451
29838 0.698
16521 0.963
17804 0.725
25652 0.805
15066 0.152
26831 0.240
5006 0.904
34365 0.362
34865 0.150
18842 0.422
28884 0.287
31200 0.659
29726 0.144
29321 0.119
33317 0.123
21043 0.012
14545 0.399
34750 0.537
13766 0.941
27977 0.811
4225 0.583
30289 0.186
1801 0.476
10375 0.908
15477 0.444
35670 0.058
13361 0.840
24763 0.246
14041 0.398
5199 0.075
16590 0.400
19182 0.342
25223 0.139
17895 0.171
18924 0.787
34478 0.249
23323 0.272
7557 0.345
15782 0.287
5856 0.988
8975 0.724
5791 0.468
5761 0.922
25304 0.274
20396 0.658
33762 0.478
5751 0.612
25858 0.536
1035 0.817
23907 0.351
11272 0.414
28305 0.164
25270 0.666
4628 0.782
9023 0.250
34418 0.058
28223 0.561
18148 0.166
34602 0.872
32836 0.966
22978 0.803
6906 0.675
29419 0.730
14285 0.022
6333 0.625
19168 0.893
10300 0.362
13914 0.773
11970 0.166
30501 0.858
26175 0.008
22407 0.566
27795 0.040
28719 0.477
9738 0.920
23747 0.505
27602 0.911
6644 0.305
34943 0.206
21906 0.855
10454 0.792
17862 0.587
6 0.501
8863 0.580
2754 0.020
19675 0.929
27661 0.735
16045 0.059
33065 0.771
35131 0.951
21627 0.489
17661 0.709
21891 0.097
28805 0.553
6662 0.451
28373 0.766
24451 0.358
15258 0.437
23084 0.007
15064 0.533
6766 0.878
31710 0.551
11803 0.560
1509 0.350
1094 0.134
30238 0.174
13526 0.321
35117 0.127
32221 0.828
6542 0.241
16021 0.821
31474 0.660
21792 0.595
31999 0.441
32288 0.752
25462 0.703
4500 0.868
8693 0.784
16938 0.926
13725 0.904
7373 0.241
1133 0.248
3657 0.440
14203 0.973
21990 0.040
3869 0.856
9834 0.286
5864 0.917
24096 0.332
25274 0.591
