5000
5735 0.666
9915 0.220
4552 0.434
9866 0.520
10674 0.910
376 0.411
9090 0.750
3247 0.920
963 0.433
8905 0.285
8600 0.598
10319 0.912
492 0.181
5203 0.635
9425 0.472
1017 0.329
9962 0.202
9184 0.566
3148 0.568
9591 0.369
5961 0.907
308 0.767
8779 0.516
2968 0.388
1018 0.788
3947 0.297
171 0.735
8293 0.867
4333 0.517
2400 0.695
9198 0.815
4174 0.572
10489 0.129
8342 0.458
9882 0.115
7980 0.906
5414 0.080
479 0.731
3199 0.398
1706 0.710
6349 0.803
5997 0.584
6278 0.982
6410 0.499
863 0.183
9060 0.466
1703 0.044
1383 0.149
4377 0.094
8614 0.186
8599 0.110
3808 0.232
8086 0.590
8689 0.629
8648 0.661
9312 0.775
2999 0.076
1274 0.944
4646 0.624
6793 0.137
6176 0.908
6188 0.439
9258 0.583
9653 0.612
9817 0.215
3179 0.706
937 0.266
1382 0.103
5257 0.146
8891 0.096
3242 0.982
10234 0.452
2897 0.264
5887 0.258
6781 0.659
6450 0.017
305 0.068
5623 0.326
10260 0.496
5584 0.033
8906 0.355
4964 0.188
3381 0.362
7596 0.389
10034 0.199
8637 0.630
2183 0.580
6915 0.841
9378 0.715
362 0.515
6575 0.365
3105 0.943
1783 0.677
9008 0.320
6608 0.197
993 0.462
975 0.854
8590 0.831
10149 0.478
7862 0.163
146 0.480
7488 0.331
2533 0.425
7286 0.577
10663 0.022
9857 0.630
7863 0.564
1804 0.298
1294 0.214
4053 0.895
7921 0.835
5399 0.585
3276 0.929
2860 0.237
4778 0.316
252 0.276
2058 0.729
2895 0.819
7324 0.932
1192 0.327
1320 0.826
9423 0.772
6529 0.153
7984 0.230
9665 0.889
5965 0.352
1928 0.363
2448 0.900
1099 0.909
1229 0.625
2071 0.688
7219 0.955
322 0.903
10036 0.557
2928 0.370
2227 0.104
4074 0.866
1588 0.212
8151 0.116
3057 0.585
4671 0.837
929 0.170
1690 0.370
8481 0.294
6582 0.690
7456 0.394
5942 0.047
3579 0.636
6339 0.238
8722 0.351
3390 0.218
9419 0.179
1004 0.978
7224 0.927
8782 0.138
8643 0.803
10673 0.144
8786 0.853
9538 0.075
4981 0.304
9503 0.791
8534 0.016
661 0.750
7909 0.460
5681 0.260
7183 0.067
2001 0.334
589 0.544
4657 0.412
2297 0.738
4071 0.584
9884 0.716
9500 0.141
3737 0.527
1760 0.561
7302 0.341
4346 0.687
9144 0.124
575 0.115
9501 0.066
5230 0.266
4150 0.088
797 0.552
2472 0.332
5678 0.064
9407 0.352
10257 0.871
2142 0.241
9973 0.005
1397 0.082
355 0.608
9270 0.554
3325 0.995
6026 0.871
3245 0.771
1959 0.761
2431 0.653
9517 0.480
7111 0.515
2829 0.308
8822 0.445
2907 0.630
8398 0.875
3421 0.663
9445 0.267
6878 0.563
5899 0.133
10538 0.975
2585 0.138
9782 0.172
4041 0.964
4353 0.669
7439 0.996
4671 0.594
5160 0.848
3654 0.337
9429 0.093
1986 0.715
1119 0.943
3118 0.149
6329 0.372
1247 0.270
4946 0.516
2242 0.610
6334 0.344
473 0.114
5719 0.734
3618 0.678
5048 0.154
8738 0.690
90 0.880
8323 0.437
1317 0.621
962 0.892
9141 0.156
7666 0.342
7829 0.798
5475 0.610
5753 0.130
1408 0.730
9965 0.136
568 0.205
8303 0.744
10333 0.366
4879 0.534
1226 0.354
10294 0.413
5235 0.154
8768 0.978
4831 0.888
6286 0.213
4066 0.903
4341 0.158
4025 0.541
4471 0.988
7501 0.567
52 0.886
9971 0.397
2629 0.980
4945 0.233
1237 0.966
3440 0.263
7784 0.053
2190 0.151
5622 0.009
2819 0.230
8617 0.925
4903 0.787
6350 0.688
2092 0.005
6919 0.065
2654 0.368
2665 0.759
6972 0.816
1292 0.714
4969 0.370
8303 0.991
552 0.139
8450 0.456
1779 0.518
1654 0.703
10322 0.287
7243 0.219
3022 0.162
5759 0.645
7828 0.426
4525 0.115
7970 0.418
5553 0.649
7030 0.243
1207 0.302
10128 0.934
7100 0.195
4556 0.188
9135 0.688
2949 0.180
4580 0.215
2411 0.748
1833 0.468
7022 0.917
6744 0.044
2512 0.377
3772 0.186
2421 0.633
7253 0.837
10075 0.168
1379 0.665
6722 0.518
3070 0.153
6605 0.397
9849 0.455
2674 0.121
6104 0.531
5830 0.846
5195 0.380
6981 0.095
874 0.446
3907 0.561
5291 0.466
8577 0.037
7849 0.305
2287 0.071
8809 0.584
8654 0.227
9373 0.126
2799 0.203
64 0.290
5969 0.352
7301 0.632
9629 0.427
3941 0.946
3017 0.970
2701 0.573
8290 0.508
7845 0.799
3381 0.619
805 0.455
8324 0.437
3450 0.956
6301 0.596
1135 0.465
1696 0.423
5131 0.391
3717 0.121
844 0.713
3922 0.114
6921 0.055
10375 0.573
382 0.635
9705 0.689
4579 0.503
6489 0.481
3769 0.414
1139 0.795
1444 0.778
3887 0.929
1445 0.724
7654 0.763
10590 0.724
8037 0.206
3314 0.507
9473 0.217
973 0.599
6988 0.896
10609 0.696
7943 0.244
6700 0.818
3974 0.109
3484 0.798
8006 0.996
6654 0.128
3459 0.445
2839 0.760
7095 0.285
3332 0.668
8665 0.027
4124 0.767
1203 0.514
2777 0.002
7866 0.296
3702 0.891
1816 0.363
4900 0.352
2540 0.875
3089 0.011
6620 0.142
9010 0.627
10219 0.373
4381 0.969
8177 0.365
8653 0.424
7532 0.888
6973 0.327
7077 0.597
4568 0.404
3927 0.323
5189 0.918
3123 0.611
2873 0.647
9346 0.963
3697 0.633
1919 0.731
7839 0.048
8188 0.190
8665 0.512
6046 0.190
1091 0.071
131 0.822
760 0.744
7550 0.179
4894 0.228
9710 0.434
2032 0.946
4628 0.664
2451 0.633
6811 0.762
198 0.240
1957 0.462
1812 0.538
436 0.951
3964 0.253
4660 0.847
2418 0.679
5855 0.763
6792 0.517
7523 0.563
7609 0.417
2391 0.141
10211 0.111
2063 0.660
9436 0.239
4124 0.194
1258 0.412
2307 0.865
4351 0.931
5327 0.525
324 0.085
2535 0.033
1956 0.282
8362 0.350
7283 0.857
6505 0.647
7074 0.309
5312 0.328
7879 0.770
8390 0.961
696 0.395
4989 0.951
317 0.494
2389 0.287
5647 0.952
4313 0.525
6094 0.252
1820 0.670
1967 0.768
10338 0.537
4918 0.672
9825 0.609
8185 0.830
6379 0.230
2218 0.376
3723 0.805
7433 0.219
2610 0.840
1332 0.189
6616 0.005
3334 0.515
7373 0.792
9406 0.178
1383 0.193
8193 0.652
1590 0.903
10066 0.652
6062 0.357
2836 0.401
8773 0.563
7449 0.992
7507 0.509
581 0.940
10371 0.363
4614 0.086
10292 0.594
1953 0.463
3585 0.649
8328 0.273
3024 0.438
7905 0.816
1988 0.959
7235 0.799
2438 0.800
5848 0.375
7333 0.069
7369 0.667
9549 0.749
9167 0.299
4645 0.939
3507 0.401
4980 0.713
8392 0.673
1043 0.551
5690 0.597
797 0.224
4353 0.294
3406 0.001
2064 0.088
938 0.814
3640 0.724
3741 0.314
35 0.103
4084 0.358
372 0.908
9857 0.442
4379 0.866
9720 0.847
4576 0.831
1570 0.201
3806 0.082
5119 0.593
7548 0.208
4251 0.054
2575 0.219
7806 0.622
8617 0.631
2808 0.555
6262 0.513
5710 0.675
4795 0.465
3789 0.459
4389 0.434
1189 0.066
9068 0.541
5732 0.450
10482 0.208
1130 0.961
274 0.992
4565 0.883
2315 0.739
5383 0.045
6653 0.721
7586 0.845
2940 0.872
9045 0.712
3328 0.452
679 0.984
4567 0.988
124 0.539
7607 0.066
1000 0.530
7566 0.081
5544 0.744
10278 0.392
7054 0.718
6914 0.317
602 0.933
4808 0.698
574 0.614
70 0.173
4397 0.123
671 0.106
7817 0.957
9245 0.732
3962 0.499
4264 0.671
122 0.146
8483 0.100
5739 0.353
2302 0.445
6567 0.864
3725 0.606
10011 0.165
3067 0.669
1725 0.439
8963 0.435
3180 0.045
1235 0.210
9843 0.650
10300 0.246
4224 0.300
670 0.614
6127 0.083
4652 0.659
6031 0.745
10528 0.554
10481 0.144
4307 0.072
5293 0.228
3472 0.215
149 0.721
7142 0.277
3943 0.508
3279 0.185
4137 0.778
191 0.914
10180 0.062
2294 0.047
3846 0.339
239 0.518
5073 0.112
3693 0.451
6874 0.780
10080 0.012
2773 0.367
8452 0.523
2619 0.792
7410 0.948
7909 0.170
2080 0.139
9768 0.945
3793 0.420
2038 0.303
1016 0.815
5223 0.028
2595 0.848
3041 0.352
5077 0.622
1970 0.275
4728 0.308
5642 0.180
9345 0.735
2750 0.080
1473 0.290
8723 0.371
5208 0.363
2567 0.963
3492 0.076
2253 0.674
7376 0.354
1379 0.361
1586 0.137
10642 0.148
1693 0.587
436 0.934
1994 0.683
1318 0.928
1958 0.708
416 0.070
7585 0.734
10521 0.936
126 0.060
6915 0.186
8179 0.380
10348 0.353
5884 0.158
6469 0.145
8112 0.502
7435 0.475
9705 0.437
239 0.298
8859 0.729
3228 0.161
3646 0.173
4043 0.252
5025 0.105
8058 0.559
4895 0.380
5723 0.885
10550 0.749
918 0.478
209 0.850
2914 0.860
8836 0.889
6300 0.298
9288 0.341
1164 0.746
6046 0.275
4665 0.274
6327 0.089
3221 0.548
540 0.919
7428 0.611
7008 0.402
1311 0.172
4118 0.458
9468 0.799
7856 0.787
7525 0.650
69 0.516
361 0.989
6532 0.542
3773 0.451
9095 0.375
7752 0.134
6798 0.852
4956 0.534
2693 0.382
3693 0.274
9888 0.316
2043 0.678
4792 0.548
2413 0.492
8379 0.643
1954 0.218
2538 0.205
209 0.238
474 0.051
460 0.556
1251 0.729
6110 0.564
9966 0.099
6001 0.697
5994 0.799
9323 0.552
892 0.077
5597 0.417
6031 0.373
2236 0.464
7330 0.400
966 0.129
1158 0.627
6628 0.404
4526 0.553
9358 0.302
9958 0.325
8275 0.536
5416 0.009
6394 0.219
7519 0.326
10034 0.021
8959 0.547
2809 0.156
5484 0.386
8750 0.417
1310 0.512
9253 0.106
8973 0.867
3636 0.418
5925 0.231
8754 0.841
9646 0.435
972 0.183
1001 0.639
4648 0.198
9816 0.558
9772 0.202
3344 0.906
5744 0.006
9558 0.736
2411 0.063
9635 0.939
8495 0.154
10007 0.781
5075 0.236
10106 0.922
1171 0.597
6996 0.605
10350 0.391
3904 0.951
3149 0.876
10247 0.274
2961 0.921
7034 0.905
9835 0.117
317 0.407
10256 0.561
6857 0.823
6276 0.297
1826 0.223
10330 0.827
1665 0.331
7008 0.960
9517 0.494
5099 0.429
10573 0.764
4847 0.294
612 0.502
10206 0.347
9778 0.141
4961 0.928
142 0.635
10294 0.145
5812 0.955
10180 0.951
8552 0.102
4940 0.558
6215 0.674
2564 0.894
2857 0.648
6345 0.713
7764 0.802
7812 0.909
4303 0.691
6639 0.839
7648 0.516
4751 0.533
3533 0.932
1431 0.786
1413 0.182
6513 0.446
6525 0.392
10362 0.340
1634 0.742
1476 0.709
3650 0.649
2287 0.367
1808 0.018
3876 0.523
8381 0.868
375 0.551
8097 0.536
7892 0.849
9425 0.226
10338 0.737
9528 0.312
3748 0.117
6749 0.143
244 0.677
1357 0.841
4269 0.469
8364 0.562
4323 0.842
1134 0.854
3060 0.786
9773 0.892
7755 0.688
3272 0.763
10372 0.912
4974 0.782
10015 0.996
3811 0.884
3861 0.115
9722 0.103
7335 0.885
4074 0.050
3144 0.121
4759 0.583
4116 0.649
742 0.673
3006 0.067
649 0.681
2288 0.870
4256 0.134
6893 0.440
6095 0.400
5655 0.891
4074 0.813
2778 0.648
3364 0.023
872 0.998
5627 0.495
7524 0.068
6373 0.664
6446 0.066
10327 0.667
8645 0.374
1062 0.171
8168 0.341
6232 0.224
3844 0.798
4651 0.383
4325 0.249
927 0.043
2733 0.009
5789 0.574
8894 0.394
3054 0.870
4689 0.634
8923 0.282
8493 0.689
9919 0.993
9694 0.296
3873 0.981
272 0.437
10554 0.577
9237 0.723
354 0.425
2257 0.889
6524 0.955
5912 0.012
6595 0.906
10377 0.756
10187 0.881
6444 0.534
2593 0.327
6662 0.755
4655 0.920
2145 0.581
5685 0.058
4486 0.230
6787 0.741
9397 0.053
4574 0.817
3672 0.346
5422 0.142
10297 0.939
3309 0.990
2754 0.993
9220 0.718
648 0.190
1632 0.115
1281 0.737
5484 0.149
3442 0.578
4415 0.920
7437 0.293
1225 0.664
8796 0.822
5119 0.471
7971 0.849
9669 0.801
8906 0.826
8989 0.396
9240 0.658
7712 0.239
1901 0.895
4006 0.845
351 0.830
6779 0.709
94 0.630
4695 0.648
7595 0.725
3143 0.766
6613 0.796
1880 0.359
3417 0.278
3052 0.713
6071 0.946
8806 0.328
8741 0.954
2519 0.311
2148 0.160
931 0.516
5872 0.911
1337 0.250
6600 0.359
7699 0.356
4073 0.611
7171 0.749
6275 0.383
4603 0.942
1720 0.667
7785 0.897
2924 0.763
5029 0.143
7172 0.070
624 0.035
2207 0.044
9209 0.020
7028 0.688
7166 0.242
5669 0.438
4856 0.500
1280 0.765
9134 0.188
4993 0.249
2247 0.175
2046 0.587
6913 0.293
783 0.223
2831 0.494
9156 0.982
3123 0.041
1796 0.913
4645 0.719
6321 0.335
2385 0.638
5415 0.154
5339 0.143
4817 0.624
7464 0.285
5895 0.092
3475 0.230
1797 0.371
4691 0.192
5132 0.260
10674 0.067
2134 0.353
9131 0.373
235 0.827
7582 0.457
4311 0.225
7067 0.454
710 0.231
8576 0.055
851 0.952
6997 0.208
1579 0.375
9807 0.397
838 0.275
4791 0.680
9397 0.831
858 0.540
8645 0.973
2836 0.517
5994 0.642
5010 0.035
1945 0.684
5527 0.797
7197 0.698
9262 0.922
8022 0.295
5532 0.959
4871 0.224
9178 0.208
1699 0.760
5265 0.851
3055 0.771
3083 0.020
2015 0.680
5881 0.936
6364 0.446
5251 0.361
7161 0.636
8623 0.799
9356 0.453
10508 0.858
2578 0.831
9616 0.541
3223 0.936
7394 0.646
6743 0.396
10386 0.086
8032 0.811
4298 0.393
1558 0.152
9540 0.032
2864 0.404
4879 0.645
6635 0.456
125 0.489
2810 0.095
4016 0.511
2644 0.364
5510 0.021
4886 0.950
3926 0.911
8194 0.015
6534 0.106
7618 0.252
3396 0.702
2344 0.498
4269 0.513
8539 0.583
2472 0.536
8492 0.777
6824 0.775
3709 0.973
4883 0.726
8159 0.263
4957 0.115
5380 0.567
10430 0.762
69 0.245
8781 0.304
4403 0.906
2824 0.481
10605 0.523
4827 0.871
9967 0.832
5783 0.242
7516 0.649
8720 0.030
7839 0.087
9325 0.887
3735 0.492
4043 0.527
2289 0.366
1173 0.390
4181 0.393
1727 0.523
5037 0.520
5862 0.768
2411 0.284
3645 0.554
9621 0.817
5059 0.017
10010 0.075
4907 0.183
241 0.640
8850 0.744
1371 0.610
2539 0.268
2022 0.486
2337 0.468
8626 0.384
4339 0.563
3620 0.948
6192 0.874
4590 0.188
546 0.587
6252 0.332
2313 0.612
14 0.590
616 0.013
8515 0.157
4635 0.140
4222 0.149
1302 0.373
8186 0.061
8399 0.617
5333 0.118
8855 0.996
9860 0.509
1206 0.511
3839 0.228
496 0.912
10507 0.728
2616 0.465
2984 0.713
4833 0.139
2737 0.182
6148 0.504
5548 0.553
2844 0.271
9980 0.666
6413 0.333
5134 0.757
2748 0.456
1992 0.021
10314 0.106
1273 0.084
1823 0.451
7631 0.845
5890 0.667
4713 0.915
8825 0.593
2900 0.526
4201 0.141
2717 0.826
8248 0.639
3825 0.981
5197 0.850
1885 0.798
8977 0.958
8020 0.949
8948 0.786
7867 0.839
1891 0.868
1648 0.956
4876 0.148
5704 0.839
487 0.712
4073 0.878
5233 0.105
8449 0.582
9199 0.839
10287 0.140
9444 0.144
10187 0.520
4697 0.898
4924 0.222
4675 0.493
8085 0.759
308 0.356
8294 0.906
10325 0.073
1238 0.630
1424 0.708
1292 0.190
3727 0.299
5456 0.943
8273 0.577
4538 0.899
3905 0.627
7993 0.890
3015 0.087
9101 0.961
8524 0.787
4678 0.667
6036 0.403
339 0.909
2094 0.021
3530 0.165
7717 0.645
3786 0.601
10073 0.708
6109 0.114
3630 0.349
3755 0.396
6508 0.650
2101 0.270
8093 0.533
7940 0.495
10675 0.380
9880 0.013
675 0.316
4441 0.522
475 0.372
4101 0.179
8527 0.670
3277 0.470
1604 0.021
1143 0.551
8008 0.379
3713 0.275
5912 0.047
7776 0.042
565 0.248
4373 0.190
4551 0.747
2077 0.325
4198 0.787
2997 0.762
4011 0.079
854 0.977
5515 0.623
409 0.461
5863 0.024
8438 0.669
7268 0.330
3039 0.725
7748 0.873
7432 0.246
4956 0.679
3326 0.012
2989 0.726
1816 0.526
1485 0.914
3412 0.189
214 0.006
8298 0.449
7336 0.837
10265 0.144
7305 0.537
480 0.561
7300 0.064
9769 0.649
10426 0.460
5706 0.198
2068 0.520
6363 0.699
126 0.701
2166 0.259
2814 0.010
8855 0.388
7415 0.745
3078 0.838
6708 0.068
6685 0.643
2187 0.804
10023 0.364
9249 0.210
3101 0.717
10383 0.682
634 0.699
205 0.098
6824 0.301
8697 0.431
1917 0.972
2700 0.734
4905 0.257
7115 0.256
4878 0.183
7754 0.553
9867 0.255
6056 0.801
5237 0.249
3857 0.821
5148 0.867
1605 0.209
7211 0.602
2469 0.483
5089 0.665
3538 0.895
1630 0.291
3786 0.215
3954 0.242
3579 0.568
6854 0.010
10510 0.817
1289 0.824
2935 0.359
2080 0.721
8987 0.899
4522 0.506
9898 0.929
4094 0.779
3502 0.071
4571 0.951
1568 0.870
2007 0.173
6335 0.282
4936 0.522
7282 0.443
637 0.299
6564 0.348
8443 0.234
9079 0.713
3241 0.924
10000 0.639
3071 0.459
7368 0.159
270 0.681
5685 0.458
9990 0.374
1455 0.791
5778 0.658
8934 0.023
6908 0.485
7869 0.672
135 0.408
4908 0.098
2099 0.762
1268 0.922
9579 0.834
1630 0.271
2691 0.366
8119 0.460
6054 0.644
10579 0.464
7105 0.842
2155 0.595
1696 0.181
1061 0.013
8293 0.898
889 0.203
733 0.290
5200 0.978
8346 0.651
5205 0.284
7362 0.372
7577 0.193
10642 0.628
1175 0.131
8829 0.362
5239 0.421
1428 0.915
485 0.184
7560 0.295
10643 0.323
1738 0.495
5347 0.613
9613 0.721
10155 0.915
5865 0.541
7914 0.157
7507 0.000
1541 0.871
9264 0.821
7919 0.078
512 0.333
8014 0.540
3454 0.038
5497 0.636
785 0.750
3922 0.901
7478 0.071
4963 0.751
23 0.800
2063 0.312
10269 0.769
8051 0.933
9224 0.905
10044 0.626
10002 0.000
829 0.437
399 0.051
9166 0.274
6621 0.485
733 0.330
7413 0.916
559 0.366
7177 0.519
7659 0.527
4215 0.950
3549 0.729
5261 0.683
4252 0.623
4334 0.301
6234 0.210
9730 0.563
9604 0.056
10618 0.614
2734 0.301
9531 0.903
1058 0.140
182 0.892
3249 0.082
1650 0.779
6039 0.025
2157 0.483
8619 0.609
2855 0.985
2312 0.425
7365 0.940
1483 0.659
10658 0.547
2970 0.110
7595 0.838
838 0.581
7246 0.601
490 0.006
3881 0.967
5426 0.456
648 0.613
5385 0.045
619 0.019
4356 0.160
8044 0.403
2266 0.611
10606 0.388
8730 0.463
2871 0.453
8735 0.563
7177 0.727
8995 0.620
4858 0.951
2880 0.456
4785 0.530
8528 0.872
1247 0.518
3811 0.936
7502 0.982
9847 0.049
4172 0.544
2839 0.689
7423 0.423
7804 0.104
7577 0.696
6009 0.433
4594 0.635
9769 0.691
642 0.860
8363 0.638
10268 0.096
1099 0.664
9142 0.032
6639 0.166
4117 0.416
5053 0.326
4510 0.713
9423 0.800
5450 0.047
8749 0.189
4158 0.312
2525 0.377
832 0.189
8421 0.377
9910 0.829
1137 0.699
9235 0.855
7240 0.195
6107 0.445
10429 0.783
2317 0.630
1697 0.768
2206 0.740
2018 0.758
7973 0.059
4335 0.036
10307 0.780
3705 0.033
6407 0.920
9335 0.149
3404 0.666
3997 0.833
2458 0.835
6971 0.102
2201 0.083
257 0.730
2387 0.107
5103 0.027
3074 0.314
9037 0.628
2867 0.907
5862 0.380
6401 0.577
1425 0.072
8540 0.425
10231 0.008
5033 0.277
7891 0.755
4518 0.112
1813 0.927
7668 0.394
4649 0.353
3965 0.413
5371 0.730
7813 0.887
4187 0.838
1653 0.393
1679 0.117
8089 0.191
2306 0.469
7224 0.642
6702 0.048
4308 0.750
6135 0.052
1211 0.065
3091 0.282
7338 0.147
1899 0.020
257 0.346
283 0.829
6712 0.852
731 0.081
155 0.721
2906 0.273
10298 0.151
1556 0.167
6731 0.458
4882 0.208
7408 0.219
10088 0.851
7641 0.655
3045 0.943
7691 0.967
9008 0.777
5987 0.253
2078 0.105
9887 0.739
4594 0.096
6723 0.980
5126 0.264
3030 0.269
7688 0.397
3423 0.401
478 0.323
10644 0.139
3210 0.678
8559 0.107
3571 0.868
5141 0.530
3631 0.525
3025 0.740
238 0.954
1871 0.373
10140 0.719
9342 0.412
8013 0.252
10428 0.173
4832 0.595
7611 0.254
3338 0.673
3040 0.083
2966 0.498
2245 0.482
6053 0.155
1388 0.861
10484 0.080
8950 0.709
4509 0.713
2392 0.126
3940 0.250
5824 0.944
3376 0.576
8180 0.175
4686 0.049
5456 0.423
6883 0.231
3949 0.339
6280 0.857
8542 0.453
2714 0.928
7241 0.418
7919 0.730
7372 0.034
4803 0.884
601 0.151
350 0.337
6658 0.358
3025 0.628
9922 0.361
7539 0.435
3006 0.358
2822 0.816
7952 0.018
7120 0.803
8606 0.555
682 0.545
3178 0.460
2106 0.127
4853 0.801
927 0.412
1778 0.259
10315 0.328
2549 0.379
6059 0.802
3214 0.430
87 0.087
3494 0.297
8768 0.519
9356 0.862
4853 0.427
333 0.472
7824 0.994
9554 0.522
4012 0.668
10629 0.853
5572 0.340
3855 0.442
4056 0.533
884 0.551
3623 0.677
6221 0.112
6297 0.760
7273 0.390
2747 0.365
7300 0.027
8122 0.702
902 0.562
4531 0.007
9689 0.654
748 0.484
5155 0.441
4704 0.887
10557 0.203
1502 0.114
1259 0.820
210 0.174
1528 0.975
2207 0.333
4075 0.145
4372 0.770
7312 0.246
1408 0.466
6215 0.486
9171 0.643
2010 0.203
9720 0.024
9832 0.941
8728 0.493
3903 0.457
6468 0.906
3860 0.896
3692 0.524
1412 0.237
10607 0.088
3693 0.524
4358 0.606
5201 0.123
522 0.877
9788 0.919
10675 0.073
10261 0.861
1034 0.912
3706 0.174
2617 0.598
7388 0.202
533 0.447
6816 0.064
3599 0.107
6835 0.452
7011 0.686
266 0.848
5987 0.955
7578 0.435
4763 0.927
451 0.598
10304 0.828
4138 0.725
1106 0.530
1540 0.681
5200 0.779
7930 0.213
9314 0.953
8958 0.535
10263 0.882
5650 0.395
7520 0.695
1756 0.260
5241 0.290
9151 0.258
2334 0.475
2230 0.631
4480 0.369
3476 0.420
4680 0.372
9424 0.012
10228 0.097
8572 0.940
605 0.851
3656 0.738
8937 0.648
4411 0.593
10079 0.418
5298 0.635
6718 0.587
1624 0.137
1338 0.320
9835 0.947
1681 0.444
6458 0.968
4674 0.988
5347 0.620
8681 0.610
4443 0.091
6805 0.130
1518 0.803
9548 0.050
3224 0.426
1471 0.937
8277 0.399
1900 0.669
10196 0.325
9771 0.189
3253 0.742
7864 0.637
10325 0.396
409 0.083
177 0.466
6792 0.506
3771 0.907
10495 0.396
372 0.776
4064 0.028
1865 0.671
7097 0.620
2879 0.185
6768 0.752
8940 0.844
7400 0.805
6129 0.599
3637 0.710
1900 0.949
526 0.239
10523 0.368
36 0.518
6637 0.068
5267 0.697
10433 0.680
2292 0.569
497 0.242
7567 0.551
7317 0.704
824 0.621
8080 0.158
3349 0.506
7126 0.503
4261 0.108
6979 0.617
5333 0.447
10045 0.239
732 0.719
7813 0.329
7935 0.615
5667 0.924
7623 0.681
3086 0.188
2208 0.560
5821 0.152
9526 0.063
5517 0.304
7183 0.490
2510 0.526
4413 0.408
8919 0.329
1546 0.190
7683 0.375
7459 0.834
6521 0.434
10661 0.939
10217 0.621
8277 0.984
2177 0.147
3028 0.695
1036 0.308
7224 0.232
7469 0.095
6757 0.096
1888 0.569
927 0.469
10000 0.704
1738 0.139
1593 0.944
1844 0.337
923 0.538
5560 0.804
9856 0.445
8705 0.928
1465 0.570
469 0.297
3937 0.848
4068 0.016
3981 0.648
8149 0.020
9438 0.725
6229 0.226
2760 0.486
7744 0.034
1370 0.835
217 0.283
2964 0.441
4388 0.362
2733 0.701
1948 0.431
6309 0.591
5595 0.295
3387 0.993
2176 0.986
10438 0.046
239 0.777
1720 0.331
9170 0.661
1106 0.805
8310 0.137
5782 0.813
1343 0.273
829 0.316
3469 0.046
9399 0.678
6075 0.089
2912 0.307
9538 0.582
5655 0.983
5798 0.895
538 0.326
4057 0.646
1081 0.799
1261 0.218
7985 0.026
5342 0.416
2515 0.722
2057 0.765
7707 0.151
1122 0.664
5234 0.383
3849 0.810
4605 0.238
3825 0.840
2759 0.620
134 0.938
2135 0.229
9156 0.107
9970 0.979
6267 0.609
7345 0.530
692 0.488
4060 0.243
9783 0.010
1582 0.325
7095 0.064
6135 0.407
9901 0.783
563 0.793
1136 0.530
1330 0.209
10453 0.326
7569 0.834
5624 0.206
2711 0.397
3600 0.694
10494 0.110
8801 0.838
3215 0.356
2592 0.049
10248 0.398
3598 0.503
2096 0.054
6822 0.093
5945 0.414
6630 0.159
1232 0.150
8537 0.618
8314 0.220
644 0.669
10179 0.048
8293 0.075
9955 0.489
4824 0.177
7655 0.205
4191 0.447
9931 0.539
2146 0.669
9745 0.160
8783 0.600
7846 0.877
1728 0.147
7597 0.284
837 0.268
2590 0.024
613 0.316
4306 0.290
1584 0.390
7466 0.598
1706 0.530
2878 0.351
8948 0.487
6260 0.992
6268 0.967
4832 0.654
777 0.972
5276 0.365
2549 0.435
4002 0.619
7483 0.267
4997 0.933
237 0.498
1455 0.234
7668 0.720
5792 0.379
5693 0.108
9787 0.198
8235 0.542
10236 0.543
1416 0.339
9456 0.631
7487 0.436
6109 0.685
10174 0.362
7086 0.096
3458 0.879
1201 0.775
8981 0.624
1313 0.845
1248 0.528
5070 0.258
5094 0.455
1446 0.351
1002 0.862
9702 0.451
5262 0.346
8232 0.521
1849 0.043
6178 0.151
9006 0.310
2037 0.770
4305 0.030
7780 0.253
4947 0.914
9875 0.931
3654 0.107
1615 0.433
965 0.959
7274 0.215
8264 0.336
10634 0.720
7182 0.628
3747 0.892
4626 0.705
7167 0.315
6447 0.036
2401 0.788
5931 0.199
2706 0.498
7837 0.073
7339 0.228
4389 0.794
7229 0.280
5264 0.871
8111 0.083
3398 0.439
3902 0.362
5769 0.203
1237 0.071
10406 0.798
7592 0.342
3554 0.687
7158 0.508
5327 0.567
4312 0.097
6129 0.103
5869 0.274
2726 0.905
2974 0.917
7468 0.187
1714 0.067
4242 0.212
7345 0.961
298 0.314
7161 0.393
8607 0.502
2756 0.449
10348 0.224
4245 0.469
7968 0.282
10198 0.761
4340 0.523
5781 0.751
7343 0.837
683 0.913
1592 0.481
1575 0.526
10329 0.526
6252 0.091
3816 0.958
7877 0.273
296 0.016
4497 0.704
4223 0.307
7652 0.592
8240 0.162
7861 0.119
607 0.386
4269 0.703
9241 0.875
5790 0.595
2736 0.224
3459 0.344
443 0.027
2855 0.606
2238 0.338
5733 0.784
8918 0.731
1157 0.589
2337 0.598
3789 0.287
5296 0.598
9692 0.522
1793 0.409
3645 0.222
1695 0.491
9202 0.172
57 0.734
2522 0.590
1308 0.690
1325 0.185
2620 0.980
1925 0.378
4025 0.418
4739 0.893
6486 0.185
6613 0.799
781 0.741
6039 0.306
69 0.503
6873 0.782
4874 0.520
10147 0.988
1154 0.035
8732 0.815
8592 0.228
8814 0.221
6091 0.238
3583 0.552
1750 0.986
5875 0.134
978 0.377
9398 0.400
4915 0.355
991 0.715
3987 0.077
6873 0.511
2154 0.549
5823 0.725
4474 0.259
222 0.729
3525 0.909
4621 0.860
7735 0.445
9465 0.618
1502 0.200
757 0.806
6254 0.630
2377 0.897
9279 0.980
7131 0.271
9172 0.354
2206 0.125
1375 0.667
9494 0.835
10187 0.408
2934 0.344
4599 0.566
8899 0.791
9284 0.000
502 0.311
1694 0.595
7104 0.158
7113 0.516
5192 0.763
1164 0.636
8838 0.628
3169 0.984
1986 0.394
5821 0.307
10219 0.792
341 0.563
4328 0.062
2765 0.789
5131 0.140
10330 0.410
9335 0.439
2284 0.280
2056 0.050
5911 0.653
7432 0.122
2643 0.068
7690 0.428
238 0.938
4389 0.991
1594 0.385
3103 0.182
5242 0.624
9160 0.910
10389 0.141
7138 0.845
10404 0.193
668 0.839
8378 0.087
8966 0.447
7985 0.410
1786 0.576
374 0.123
6524 0.045
9384 0.362
4596 0.006
6243 0.553
1282 0.175
4272 0.683
10485 0.883
265 0.747
2077 0.866
2241 0.032
38 0.419
5051 0.144
2879 0.395
3758 0.496
5548 0.083
7347 0.194
3257 0.143
6114 0.050
3828 0.607
9732 0.183
8276 0.570
4441 0.478
1106 0.823
3050 0.684
4473 0.431
6073 0.368
577 0.142
3072 0.318
6538 0.113
6318 0.854
2265 0.537
5137 0.888
7660 0.953
3651 0.144
5061 0.703
2161 0.933
3859 0.702
8931 0.955
8039 0.551
6555 0.888
296 0.694
4572 0.633
4714 0.196
3842 0.320
5057 0.115
8515 0.133
6205 0.094
5927 0.277
6748 0.952
1969 0.864
165 0.794
3017 0.304
1220 0.270
869 0.431
9402 0.475
4948 0.052
4093 0.697
1173 0.355
3588 0.880
2204 0.161
145 0.253
1665 0.007
1633 0.196
7445 0.556
2656 0.544
1359 0.040
4506 0.843
4012 0.535
5298 0.830
6729 0.517
4198 0.306
7310 0.470
8489 0.146
7098 0.339
3917 0.689
10038 0.910
4037 0.920
10564 0.787
3942 0.288
2526 0.829
10008 0.770
7615 0.087
9908 0.372
8001 0.565
7793 0.610
3505 0.270
5916 0.330
4283 0.754
10119 0.046
6039 0.947
6112 0.340
9463 0.448
7844 0.930
1252 0.891
8125 0.511
9386 0.398
9411 0.929
935 0.985
2514 0.830
2312 0.245
6346 0.626
5142 0.421
2306 0.727
4011 0.481
7186 0.650
1830 0.096
2150 0.995
2250 0.501
3870 0.389
962 0.274
7737 0.873
921 0.621
6276 0.880
10159 0.972
2625 0.292
3360 0.440
8053 0.103
3289 0.872
6579 0.725
8799 0.821
2241 0.105
2564 0.963
10257 0.486
2618 0.706
1839 0.144
8323 0.950
2746 0.159
7781 0.122
10421 0.118
10666 0.141
3614 0.900
6463 0.269
6455 0.273
6060 0.705
8995 0.024
3982 0.073
6761 0.217
6735 0.069
1166 0.335
1384 0.913
10131 0.675
8453 0.197
1611 0.244
1820 0.095
2366 0.344
1204 0.859
8968 0.742
6718 0.595
7503 0.575
2427 0.356
9402 0.191
9602 0.830
2177 0.190
6353 0.552
5705 0.855
4979 0.565
2964 0.707
8724 0.737
10215 0.051
7150 0.545
7384 0.707
9507 0.467
7052 0.995
680 0.796
7209 0.651
948 0.523
79 0.161
2642 0.949
8285 0.262
10163 0.628
9832 0.235
3501 0.434
9617 0.268
1761 0.249
574 0.441
6799 0.729
7528 0.428
9553 0.816
7879 0.762
9771 0.943
8139 0.442
9102 0.401
10042 0.123
8827 0.534
9404 0.564
1823 0.444
6960 0.437
3536 0.726
779 0.927
4571 0.249
5067 0.515
7270 0.412
7992 0.780
8395 0.168
2888 0.423
10469 0.165
15 0.309
1673 0.194
5937 0.947
3287 0.180
10169 0.841
10254 0.786
2391 0.968
6853 0.925
6842 0.223
9393 0.699
4692 0.040
5419 0.204
9879 0.025
10631 0.852
2976 0.063
3 0.401
2111 0.927
7213 0.184
3413 0.189
6075 0.010
5338 0.910
8514 0.041
521 0.539
2836 0.333
10482 0.905
8983 0.680
3395 0.252
5605 0.099
3255 0.497
1068 0.535
2506 0.170
9890 0.320
8057 0.516
950 0.301
2046 0.089
106 0.890
4160 0.748
4928 0.368
4650 0.545
8891 0.296
520 0.581
8833 0.396
9930 0.288
8067 0.841
9710 0.122
7924 0.792
1241 0.539
9811 0.213
8612 0.289
4565 0.055
8211 0.019
6944 0.004
8833 0.042
6040 0.838
2603 0.311
345 0.674
4869 0.172
3296 0.128
9313 0.341
4596 0.202
5613 0.371
4389 0.234
8569 0.430
4341 0.101
6583 0.060
833 0.569
4417 0.356
12 0.489
9303 0.901
4172 0.148
8970 0.995
6393 0.601
9312 0.295
845 0.595
6257 0.734
4007 0.512
6536 0.001
2276 0.391
3488 0.171
8636 0.985
1274 0.490
1750 0.213
9952 0.246
4538 0.899
6364 0.678
9722 0.181
7209 0.406
1574 0.226
4156 0.558
8071 0.195
7347 0.796
4007 0.201
9916 0.068
7103 0.074
8596 0.230
1662 0.873
3150 0.439
10579 0.423
5713 0.862
860 0.970
9593 0.175
1406 0.138
5528 0.773
4729 0.381
4031 0.542
6770 0.333
9555 0.297
3527 0.432
1965 0.266
3404 0.564
9512 0.610
1295 0.215
9499 0.268
8684 0.314
5147 0.591
5209 0.668
7073 0.140
328 0.907
3055 0.617
9127 0.151
9887 0.716
6702 0.777
2162 0.211
2143 0.564
6560 0.526
7646 0.948
5906 0.217
6278 0.442
7988 0.639
1218 0.227
8396 0.200
1919 0.410
8673 0.678
5373 0.841
4931 0.168
10289 0.671
8808 0.957
4876 0.558
4459 0.230
181 0.449
3616 0.627
9255 0.895
6435 0.975
3715 0.741
6456 0.935
413 0.547
9501 0.834
2025 0.231
10029 0.554
8630 0.213
10588 0.452
7598 0.287
8884 0.914
1650 0.627
7856 0.676
5549 0.281
8947 0.474
5454 0.135
2474 0.289
6632 0.407
7959 0.145
5053 0.895
7175 0.002
10380 0.443
8702 0.083
5611 0.234
8652 0.263
4274 0.140
6883 0.335
8136 0.478
1502 0.817
4169 0.640
6911 0.187
4347 0.322
5014 0.866
7975 0.924
6665 0.437
8860 0.842
956 0.399
6798 0.284
2650 0.325
9685 0.625
10452 0.845
1337 0.040
10230 0.784
5369 0.926
8847 0.065
10351 0.560
2058 0.173
5092 0.463
10270 0.808
5141 0.763
5543 0.668
6431 0.956
2843 0.917
3932 0.995
7658 0.039
2764 0.004
2451 0.166
9046 0.855
850 0.091
9542 0.210
9748 0.063
7081 0.540
7642 0.822
8678 0.288
1577 0.070
6578 0.274
9815 0.989
6697 0.952
8061 0.036
7552 0.934
9955 0.009
4880 0.978
78 0.550
435 0.802
7355 0.640
8064 0.062
1023 0.279
10052 0.422
6762 0.725
9554 0.617
4217 0.362
412 0.401
7910 0.245
8210 0.670
7641 0.888
10673 0.075
41 0.550
3435 0.635
6269 0.072
544 0.338
6869 0.016
3328 0.627
6716 0.508
8238 0.093
10040 0.705
2674 0.422
1289 0.947
9150 0.058
4604 0.659
1362 0.057
2994 0.349
7377 0.162
9547 0.782
10196 0.144
6355 0.089
9481 0.499
4694 0.544
9787 0.327
5168 0.906
2996 0.146
9806 0.610
5396 0.251
618 0.274
7391 0.996
3168 0.383
8608 0.611
3656 0.905
3572 0.662
1500 0.923
6794 0.837
170 0.774
6307 0.747
4545 0.456
3381 0.104
7114 0.637
4606 0.411
5845 0.338
5414 0.638
2555 0.665
3340 0.551
9373 0.361
2097 0.877
7749 0.956
799 0.198
4694 0.861
6837 0.794
7991 0.115
9692 0.128
940 0.262
9054 0.560
3978 0.688
6564 0.038
406 0.507
4653 0.242
4710 0.689
1673 0.007
5156 0.113
9368 0.457
5666 0.151
5257 0.024
7572 0.848
1043 0.936
2010 0.509
8745 0.647
1514 0.903
8940 0.238
8682 0.553
4925 0.468
2328 0.292
2083 0.519
5712 0.454
5682 0.079
2583 0.455
7810 0.955
10079 0.315
771 0.677
2374 0.599
7210 0.176
5499 0.373
2577 0.658
6982 0.456
2620 0.757
6337 0.243
10364 0.074
9326 0.041
3705 0.729
7831 0.034
8543 0.483
7737 0.236
1982 0.180
8344 0.927
2697 0.200
3936 0.642
6936 0.900
1203 0.034
7642 0.658
9203 0.234
612 0.220
1995 0.466
6271 0.338
8721 0.038
3663 0.519
8879 0.634
1091 0.153
4423 0.340
5172 0.030
10278 0.353
6073 0.560
9476 0.247
4562 0.268
1835 0.345
562 0.109
1849 0.500
3700 0.451
4546 0.499
7952 0.658
675 0.748
6300 0.761
3887 0.149
7121 0.155
1896 0.302
1407 0.534
1797 0.379
349 0.420
2072 0.723
879 0.662
3375 0.684
9453 0.787
8704 0.397
2947 0.698
5487 0.515
2322 0.415
5430 0.295
9501 0.564
3134 0.097
5412 0.631
2309 0.186
1885 0.684
214 0.398
1362 0.012
70 0.919
2108 0.685
2603 0.364
3159 0.847
2640 0.999
9256 0.964
9683 0.448
5356 0.757
3195 0.048
1032 0.112
10028 0.682
7983 0.848
1564 0.663
7471 0.995
2412 0.795
2295 0.919
1552 0.596
4175 0.681
9608 0.839
2169 0.890
10646 0.480
5706 0.685
2383 0.184
9220 0.109
5047 0.842
8666 0.226
8224 0.295
9614 0.178
585 0.585
5431 0.118
119 0.378
3561 0.026
7999 0.510
8180 0.169
5676 0.313
9083 0.550
8176 0.832
4299 0.119
1460 0.927
824 0.327
5421 0.353
9766 0.943
5672 0.549
4179 0.744
3173 0.431
6738 0.722
9816 0.298
5344 0.890
529 0.698
8810 0.921
7562 0.462
8092 0.407
2096 0.428
7864 0.216
9972 0.190
6790 0.968
7353 0.361
3341 0.922
6505 0.895
829 0.394
1978 0.212
991 0.259
3194 0.708
6091 0.136
9727 0.441
8159 0.958
7561 0.861
6569 0.143
5367 0.611
9178 0.673
7434 0.414
1283 0.746
931 0.302
10648 0.404
6517 0.603
6182 0.516
4971 0.014
8897 0.511
10617 0.106
10355 0.073
7769 0.602
7452 0.249
6608 0.420
4505 0.424
10668 0.974
2362 0.449
9913 0.433
8226 0.342
3563 0.579
3571 0.283
1424 0.559
7206 0.420
3144 0.173
2550 0.519
4435 0.662
3211 0.331
9170 0.577
8242 0.802
2317 0.492
2687 0.819
10290 0.391
7237 0.673
3543 0.916
1229 0.444
9133 0.280
7849 0.395
6277 0.330
10161 0.144
4189 0.710
1024 0.029
513 0.669
9406 0.846
9581 0.164
1540 0.970
6545 0.283
7480 0.717
4900 0.155
1489 0.499
9783 0.023
8552 0.943
253 0.049
3076 0.912
8803 0.137
1453 0.203
7523 0.523
5554 0.576
389 0.876
9092 0.786
1818 0.865
9737 0.902
4345 0.777
3270 0.213
5214 0.544
9611 0.393
10086 0.459
6298 0.717
1885 0.569
3821 0.741
6544 0.570
8191 0.455
9506 0.464
5494 0.586
2596 0.760
2644 0.942
9919 0.881
5836 0.735
1316 0.138
5185 0.988
3934 0.259
5639 0.504
2452 0.744
3980 0.800
6002 0.635
10313 0.601
8924 0.974
5208 0.322
7953 0.495
4494 0.264
6053 0.541
5379 0.852
7992 0.456
1267 0.388
7588 0.157
287 0.881
1931 0.525
4314 0.032
6689 0.656
2527 0.208
3163 0.915
1937 0.033
785 0.233
440 0.095
1596 0.253
4094 0.661
2168 0.815
3897 0.097
1434 0.372
940 0.197
3595 0.506
1192 0.528
1268 0.463
10404 0.605
9546 0.823
8635 0.479
8789 0.525
5121 0.890
5123 0.832
968 0.319
1772 0.245
6829 0.804
10258 0.615
3937 0.854
2941 0.069
2764 0.702
9587 0.733
8036 0.090
6772 0.242
1853 0.364
419 0.379
2203 0.302
2530 0.914
5870 0.489
6737 0.821
6837 0.974
6317 0.157
8001 0.681
10560 0.720
1762 0.381
5017 0.916
1684 0.559
9829 0.485
6235 0.694
5970 0.755
4608 0.638
9915 0.277
3131 0.962
1275 0.377
4873 0.084
8192 0.780
1670 0.226
1591 0.255
2425 0.469
4378 0.458
7782 0.458
9083 0.246
97 0.847
207 0.890
3389 0.808
6608 0.730
10369 0.861
133 0.093
4335 0.331
3817 0.861
9212 0.602
5605 0.196
684 0.803
1540 0.677
90 0.477
3137 0.506
1540 0.717
14 0.940
184 0.613
1528 0.355
631 0.067
1519 0.351
5333 0.872
9590 0.159
6882 0.303
2423 0.449
4073 0.883
4294 0.691
5204 0.632
592 0.461
4762 0.032
2514 0.551
4002 0.598
3753 0.232
9190 0.035
4622 0.763
3110 0.031
10238 0.937
4018 0.923
1552 0.426
3685 0.659
7877 0.633
8244 0.562
5176 0.030
6613 0.686
2691 0.617
210 0.298
2907 0.156
9254 0.275
2579 0.491
9399 0.973
8591 0.787
10673 0.167
4322 0.544
6609 0.820
732 0.703
8330 0.070
5889 0.951
4378 0.175
7789 0.322
7405 0.541
1852 0.689
3067 0.382
4517 0.342
2421 0.440
228 0.738
9770 0.105
6206 0.245
2432 0.380
2373 0.783
4983 0.782
3499 0.940
10048 0.904
9072 0.762
4131 0.432
7615 0.932
5130 0.670
121 0.419
6128 0.656
5285 0.603
6376 0.156
8772 0.388
10520 0.749
518 0.705
5527 0.720
10293 0.569
9067 0.319
7725 0.041
4422 0.159
10139 0.836
8691 0.229
141 0.755
76 0.327
7746 0.140
3528 0.805
1536 0.819
5354 0.337
4010 0.359
6950 0.158
3252 0.272
8559 0.736
3771 0.631
10279 0.498
8002 0.999
948 0.900
3515 0.247
2032 0.050
5210 0.270
5193 0.166
5054 0.052
2705 0.246
4127 0.995
4576 0.278
9114 0.353
5968 0.497
6491 0.189
9235 0.525
4465 0.922
1202 0.723
6702 0.976
5008 0.551
899 0.482
3329 0.874
241 0.440
10662 0.654
2681 0.594
4207 0.021
2825 0.169
5016 0.776
9470 0.821
9664 0.193
3200 0.950
8105 0.007
3917 0.751
6667 0.727
7473 0.125
5483 0.700
3178 0.397
9508 0.116
1186 0.591
2821 0.079
7167 0.202
3876 0.804
7618 0.101
3253 0.517
8791 0.387
8847 0.938
966 0.401
3848 0.170
7199 0.510
6702 0.055
5974 0.815
3205 0.836
3739 0.971
3696 0.210
4443 0.733
7639 0.918
6387 0.898
5021 0.356
3237 0.033
5777 0.027
4349 0.337
6440 0.545
6004 0.732
665 0.322
3831 0.524
2057 0.899
4767 0.349
7695 0.471
7175 0.574
9002 0.664
162 0.108
2858 0.547
870 0.369
928 0.704
6745 0.918
3499 0.691
7658 0.688
511 0.935
10066 0.628
6167 0.913
6964 0.647
8162 0.481
2617 0.114
9771 0.518
2039 0.335
1579 0.967
1054 0.812
7924 0.190
6319 0.769
7110 0.703
7027 0.917
7923 0.414
7358 0.000
508 0.374
8525 0.639
7903 0.687
3590 0.431
6506 0.043
4460 0.311
6700 0.321
2576 0.512
37 0.818
3473 0.670
4639 0.645
1038 0.936
7254 0.438
521 0.308
7478 0.112
5997 0.458
10485 0.419
2814 0.792
10511 0.589
6568 0.501
7253 0.773
2155 0.228
1191 0.061
9448 0.846
3019 0.007
1353 0.148
646 0.297
4947 0.366
5558 0.073
509 0.056
10052 0.115
9026 0.489
6400 0.209
8792 0.143
10611 0.372
2532 0.294
10 0.629
1151 0.133
6624 0.988
10638 0.112
1820 0.916
5796 0.249
1059 0.916
10069 0.142
4091 0.313
5657 0.584
4923 0.437
10149 0.715
811 0.616
7810 0.438
1713 0.022
9133 0.795
4047 0.113
8549 0.121
2776 0.652
7745 0.001
959 0.717
3122 0.866
7899 0.181
4874 0.790
550 0.672
2720 0.045
3284 0.455
5728 0.348
5906 0.150
998 0.694
8907 0.611
6837 0.502
2553 0.177
1573 0.940
5845 0.734
292 0.520
1518 0.896
341 0.505
6926 0.513
5905 0.659
940 0.062
3657 0.473
10468 0.568
3673 0.227
6412 0.077
10038 0.294
5329 0.967
1476 0.602
6697 0.465
1759 0.304
6333 0.226
1597 0.056
4544 0.113
1363 0.862
4035 0.316
3480 0.162
6783 0.095
9029 0.317
4899 0.471
4152 0.932
3857 0.142
5525 0.646
63 0.462
2392 0.036
5772 0.158
544 0.776
4534 0.579
8953 0.646
8948 0.045
3767 0.666
1226 0.934
3957 0.147
5313 0.300
3613 0.619
1215 0.398
6336 0.447
7403 0.249
10047 0.179
1662 0.307
5806 0.991
4809 0.908
5212 0.705
9798 0.594
9762 0.461
7792 0.031
6623 0.005
10405 0.424
8265 0.134
7304 0.893
9351 0.642
1342 0.721
891 0.398
8849 0.467
311 0.724
7509 0.046
786 0.272
7431 0.229
3293 0.029
7782 0.294
5715 0.652
2494 0.552
2786 0.353
10327 0.409
10678 0.988
2818 0.785
1494 0.157
8529 0.578
6799 0.734
2823 0.195
8357 0.822
4137 0.136
6050 0.262
539 0.936
4392 0.802
9611 0.022
7298 0.029
952 0.305
989 0.509
8871 0.630
7751 0.753
6093 0.432
1657 0.079
9724 0.048
8094 0.799
3682 0.087
7652 0.489
1090 0.395
2746 0.704
3041 0.384
934 0.236
6713 0.293
4027 0.393
3429 0.832
2410 0.190
9188 0.545
4099 0.525
2213 0.965
4408 0.720
5084 0.567
4935 0.209
5764 0.419
5350 0.822
8849 0.181
2379 0.965
1491 0.930
4614 0.937
6777 0.637
3648 0.515
4974 0.113
1965 0.092
7795 0.743
2121 0.578
9254 0.347
1418 0.682
628 0.463
6355 0.324
3480 0.926
2318 0.297
2749 0.720
10328 0.261
1811 0.984
2404 0.929
7469 0.109
7876 0.958
10558 0.678
143 0.625
6390 0.621
1056 0.774
1528 0.977
4984 0.410
10010 0.044
4915 0.873
3257 0.266
2975 0.895
7870 0.560
6433 0.656
7065 0.274
3165 0.332
3001 0.501
2091 0.277
4380 0.061
2510 0.068
6128 0.947
552 0.029
4477 0.824
2919 0.725
7757 0.039
6922 0.944
53 0.292
1766 0.052
4848 0.692
9518 0.061
9722 0.125
3777 0.637
9074 0.384
1613 0.903
6050 0.974
553 0.096
2372 0.417
7123 0.241
2051 0.778
5164 0.120
8235 0.787
8844 0.664
1863 0.663
3882 0.985
9581 0.429
4287 0.751
3295 0.893
1801 0.325
3459 0.505
2924 0.857
6426 0.159
6498 0.777
2516 0.911
9802 0.862
8982 0.572
1294 0.733
1049 0.214
8511 0.930
9853 0.493
445 0.992
9595 0.519
83 0.227
5753 0.658
7099 0.531
2605 0.124
8907 0.871
413 0.093
7204 0.444
1197 0.676
5234 0.688
4302 0.782
8155 0.903
1208 0.832
1 0.572
8064 0.499
8223 0.106
2242 0.143
5063 0.732
6713 0.077
7750 0.063
2428 0.767
2857 0.198
4799 0.124
5858 0.933
3415 0.974
7414 0.918
9212 0.351
5777 0.135
8292 0.226
3418 0.864
9249 0.867
7413 0.344
9861 0.743
9469 0.340
2788 0.809
9946 0.104
5930 0.892
5037 0.724
4605 0.708
2201 0.426
9288 0.700
9589 0.500
4133 0.380
3220 0.601
10014 0.305
10555 0.027
9769 0.113
3219 0.500
4562 0.573
10672 0.255
9165 0.542
1284 0.535
7953 0.850
5595 0.880
243 0.891
618 0.594
1654 0.360
9055 0.427
3020 0.120
7100 0.078
8434 0.812
392 0.818
1288 0.187
9446 0.712
1726 0.053
7582 0.515
1135 0.695
212 0.330
9457 0.188
9415 0.939
5775 0.450
1121 0.905
4100 0.319
2231 0.940
7900 0.533
8065 0.811
272 0.133
547 0.412
10335 0.342
5036 0.425
10014 0.809
8647 0.084
10243 0.761
6049 0.671
4802 0.494
4233 0.467
3006 0.434
8969 0.535
8704 0.996
2805 0.502
2992 0.025
6454 0.310
6414 0.907
418 0.121
7262 0.429
2013 0.634
10093 0.557
7345 0.758
8067 0.935
4970 0.845
5790 0.761
2754 0.390
490 0.716
2793 0.281
9606 0.100
103 0.609
8563 0.610
5913 0.188
8420 0.995
9802 0.114
2025 0.969
5802 0.207
917 0.924
8799 0.079
7000 0.180
78 0.896
6955 0.774
5741 0.412
6021 0.916
6626 0.736
7963 0.198
8660 0.870
7563 0.499
7367 0.268
9487 0.991
3060 0.440
8992 0.251
3563 0.598
7193 0.522
4888 0.700
1486 0.568
9619 0.048
2983 0.672
1892 0.990
2086 0.291
6274 0.959
9554 0.472
1928 0.425
2170 0.615
6700 0.969
6329 0.656
3478 0.364
9472 0.143
7694 0.221
10543 0.459
7200 0.511
1969 0.984
5259 0.114
9923 0.989
8257 0.706
2451 0.371
7348 0.711
3951 0.333
2950 0.565
10467 0.890
5830 0.047
9451 0.800
591 0.077
7877 0.277
7731 0.096
9592 0.391
1596 0.630
4411 0.700
2386 0.260
6382 0.057
8132 0.828
7212 0.447
10419 0.264
4677 0.480
10046 0.241
10677 0.026
5688 0.500
823 0.203
4469 0.576
6718 0.439
8094 0.426
2036 0.101
2219 0.864
3989 0.741
625 0.925
6861 0.209
5437 0.112
7306 0.966
1253 0.609
9042 0.558
10151 0.622
7941 0.413
6696 0.616
3564 0.652
9106 0.493
4978 0.661
5201 0.579
4518 0.932
4622 0.492
9077 0.566
5941 0.613
7526 0.018
6300 0.607
4721 0.931
5790 0.590
10447 0.546
2492 0.156
2409 0.420
7376 0.427
5021 0.050
4001 0.070
6418 0.946
5200 0.300
2519 0.875
6523 0.659
7038 0.981
2277 0.285
9349 0.197
4897 0.678
239 0.381
5368 0.179
6346 0.079
5322 0.194
10399 0.870
8489 0.824
2932 0.662
9232 0.822
1674 0.799
989 0.712
2156 0.215
226 0.438
8984 0.966
8613 0.153
695 0.478
3121 0.908
1076 0.312
813 0.004
5964 0.823
2477 0.553
716 0.412
934 0.151
2645 0.454
8419 0.871
2993 0.131
8001 0.444
4159 0.704
8340 0.108
2229 0.476
8779 0.235
7818 0.265
8807 0.185
8884 0.740
10643 0.921
7923 0.701
5632 0.228
3651 0.467
7350 0.918
5258 0.121
7675 0.279
3847 0.567
2439 0.597
3706 0.395
6654 0.440
8143 0.425
10072 0.302
8978 0.454
9479 0.420
3998 0.190
5509 0.544
10255 0.346
4840 0.363
2677 0.568
4821 0.437
4131 0.634
2577 0.329
3228 0.747
3908 0.773
7678 0.656
4379 0.142
2113 0.859
384 0.426
10172 0.447
644 0.087
717 0.354
5872 0.336
8131 0.532
610 0.124
246 0.802
6468 0.771
7284 0.124
9930 0.351
1571 0.220
2734 0.851
4127 0.056
3903 0.124
8298 0.561
960 0.784
9091 0.938
7368 0.391
9451 0.439
8282 0.333
9616 0.289
4765 0.079
5781 0.608
7391 0.370
10626 0.904
4358 0.685
6657 0.764
3587 0.938
2251 0.049
3192 0.059
6711 0.044
527 0.321
6658 0.359
9109 0.603
7879 0.986
5194 0.923
3486 0.014
9934 0.460
3301 0.670
6812 0.969
7674 0.831
5344 0.194
8862 0.340
9873 0.326
7779 0.925
8375 0.731
9561 0.016
9048 0.148
7757 0.736
7826 0.613
3886 0.375
9513 0.448
5199 0.125
5708 0.583
2268 0.902
8033 0.269
98 0.268
7566 0.830
10575 0.479
2729 0.304
7258 0.896
7202 0.555
4028 0.769
5961 0.794
707 0.167
5602 0.411
8257 0.635
9640 0.076
2481 0.280
2954 0.354
8933 0.317
5740 0.855
7993 0.608
10021 0.389
3823 0.175
1592 0.178
8080 0.026
4704 0.183
7000 0.687
3591 0.488
9936 0.261
8078 0.409
9346 0.001
3158 0.407
6105 0.354
2355 0.937
4623 0.951
9143 0.369
9591 0.506
2969 0.027
1043 0.599
8355 0.837
9810 0.089
7794 0.235
5898 0.813
5274 0.281
531 0.727
5004 0.574
943 0.159
10159 0.523
751 0.167
2138 0.931
9358 0.085
6566 0.514
5395 0.288
710 0.992
4346 0.444
9697 0.972
4478 0.274
2259 0.684
9068 0.175
7729 0.077
8794 0.444
4827 0.169
2775 0.949
8920 0.835
7146 0.611
10222 0.024
5509 0.604
4699 0.097
3219 0.768
1979 0.838
3918 0.894
7005 0.368
5216 0.466
1274 0.442
4484 0.554
6201 0.866
1835 0.597
7835 0.147
8123 0.959
851 0.349
370 0.582
3874 0.459
5074 0.098
9619 0.698
7725 0.793
6673 0.475
853 0.109
7210 0.981
6870 0.628
9797 0.787
8511 0.304
1114 0.415
2861 0.682
5564 0.710
3651 0.899
366 0.217
385 0.761
2029 0.007
9873 0.618
936 0.231
6145 0.189
1091 0.451
10507 0.161
7760 0.465
3607 0.615
8159 0.046
3254 0.880
5782 0.741
8836 0.563
4160 0.007
2409 0.571
9786 0.975
3159 0.580
4589 0.595
1620 0.040
4045 0.065
1260 0.468
8641 0.517
4595 0.757
9927 0.849
9148 0.537
8660 0.987
2078 0.511
4480 0.337
3409 0.895
4488 0.082
7854 0.148
8475 0.887
5820 0.961
9286 0.799
4856 0.290
9414 0.225
6929 0.037
3905 0.423
7264 0.222
7745 0.033
10012 0.937
10116 0.980
1516 0.604
10644 0.243
7296 0.907
10641 0.885
2895 0.446
6559 0.965
9979 0.591
6523 0.107
2109 0.331
588 0.315
5570 0.728
7683 0.879
2759 0.590
5959 0.471
5339 0.801
1716 0.203
4114 0.444
8354 0.075
4877 0.376
4519 0.575
150 0.712
10590 0.243
7337 0.202
8882 0.503
1853 0.323
842 0.572
6154 0.077
10518 0.993
550 0.148
9615 0.427
2912 0.324
5667 0.396
1399 0.586
1561 0.476
8448 0.927
2331 0.628
4095 0.068
3570 0.825
10305 0.591
9442 0.482
3344 0.167
7041 0.194
8183 0.679
9669 0.988
5211 0.331
9432 0.995
5603 0.911
7349 0.797
4820 0.578
5385 0.895
2224 0.093
7472 0.585
9221 0.602
9969 0.461
3081 0.966
8454 0.639
9806 0.259
9230 0.892
7495 0.411
9021 0.934
9619 0.399
1240 0.898
9091 0.644
3651 0.159
8143 0.002
4406 0.784
8614 0.366
593 0.317
4558 0.282
8291 0.435
1849 0.944
3092 0.646
4397 0.554
8561 0.592
8545 0.563
5279 0.154
1458 0.309
2832 0.581
4259 0.487
2634 0.953
5928 0.346
10299 0.774
3658 0.046
3846 0.073
7820 0.243
3240 0.423
2374 0.825
2872 0.917
9909 0.531
3778 0.621
4377 0.111
8282 0.958
9694 0.868
2693 0.895
8411 0.812
2592 0.308
9239 0.211
10532 0.065
6261 0.894
7914 0.575
7593 0.468
1638 0.927
8233 0.793
6871 0.913
9425 0.585
4149 0.060
9077 0.583
5231 0.267
6971 0.890
823 0.251
119 0.018
1629 0.835
3821 0.764
2153 0.373
7157 0.835
10279 0.212
7357 0.403
2454 0.056
1998 0.689
1589 0.406
9007 0.389
8699 0.852
5055 0.043
3030 0.764
1996 0.288
6583 0.753
3024 0.949
1655 0.153
4955 0.688
9426 0.713
8157 0.567
7644 0.965
2537 0.663
6037 0.402
6602 0.911
4184 0.385
3048 0.759
3648 0.086
1355 0.982
1924 0.485
3996 0.441
2821 0.611
181 0.944
2130 0.758
251 0.292
2278 0.606
3388 0.051
879 0.736
7144 0.196
10126 0.778
4485 0.303
10539 0.814
1850 0.782
919 0.374
3306 0.669
3923 0.565
4708 0.944
1094 0.606
8698 0.456
1449 0.228
2163 0.527
6173 0.448
2465 0.002
5005 0.705
2265 0.728
9718 0.508
4880 0.336
277 0.767
8754 0.430
9480 0.468
7673 0.486
6868 0.834
7567 0.923
2247 0.269
6444 0.961
487 0.462
4748 0.738
4339 0.045
6589 0.480
9112 0.029
251 0.681
2888 0.046
443 0.428
8417 0.957
5374 0.536
9035 0.997
10633 0.859
9310 0.384
7857 0.544
5062 0.967
10231 0.686
9612 0.898
7249 0.059
6186 0.335
3304 0.258
5444 0.218
10086 0.190
1678 0.559
10245 0.666
5606 0.292
7077 0.755
268 0.347
7352 0.176
9648 0.418
2587 0.511
7742 0.019
3689 0.294
3172 0.828
5292 0.499
2868 0.634
9807 0.243
3175 0.243
8721 0.093
9891 0.403
3817 0.049
3432 0.243
9930 0.804
8945 0.592
5858 0.438
9696 0.236
7567 0.664
10595 0.626
5421 0.565
847 0.497
4974 0.339
5376 0.045
9932 0.935
10570 0.308
2066 0.723
7378 0.584
10149 0.553
840 0.126
8315 0.462
97 0.844
9030 0.391
1759 0.625
7499 0.738
5727 0.762
4195 0.462
9039 0.370
5496 0.846
5306 0.617
7308 0.111
2000 0.079
729 0.521
2146 0.496
10324 0.132
10238 0.889
2388 0.190
6166 0.399
8397 0.167
3526 0.104
1972 0.109
8915 0.250
9756 0.030
8222 0.090
357 0.814
7551 0.462
2627 0.700
4839 0.892
2532 0.811
2546 0.451
4413 0.629
2989 0.440
98 0.766
4182 0.450
7028 0.468
7831 0.050
8099 0.033
4123 0.725
6578 0.764
6393 0.149
10578 0.819
6312 0.425
10658 0.849
6541 0.177
6061 0.603
5672 0.768
7168 0.088
6801 0.334
3390 0.447
9929 0.619
4808 0.631
431 0.053
6622 0.803
9223 0.280
7637 0.317
8554 0.757
4242 0.759
10558 0.837
8388 0.692
2863 0.507
8559 0.518
2716 0.521
229 0.991
291 0.711
9369 0.430
4027 0.294
532 0.790
5671 0.861
3065 0.825
6967 0.801
2528 0.763
10371 0.514
5779 0.316
8776 0.461
7839 0.264
1211 0.606
729 0.253
1668 0.759
3133 0.873
6148 0.591
862 0.260
2828 0.447
9548 0.973
5493 0.662
6610 0.741
911 0.891
6340 0.179
6475 0.635
903 0.748
8794 0.056
5361 0.038
7263 0.215
5894 0.236
3919 0.012
8786 0.526
285 0.806
7883 0.973
7389 0.501
8036 0.842
1628 0.384
577 0.431
2387 0.578
9030 0.777
1657 0.879
5518 0.583
8169 0.904
8802 0.398
2221 0.144
1922 0.471
9599 0.498
6465 0.959
9982 0.515
5958 0.292
1417 0.147
9674 0.044
8111 0.557
2627 0.038
5194 0.070
1881 0.481
4635 0.433
8542 0.963
7471 0.760
10219 0.047
10269 0.581
7888 0.863
3833 0.202
4337 0.642
7147 0.482
315 0.344
5308 0.377
3767 0.902
4205 0.158
5159 0.470
8634 0.554
1031 0.862
1904 0.193
10236 0.840
7161 0.878
7650 0.031
6521 0.330
5488 0.061
10322 0.878
8 0.699
8147 0.848
9126 0.200
9766 0.196
1424 0.206
6330 0.010
4856 0.888
336 0.539
2314 0.198
9558 0.381
5961 0.168
8954 0.778
3010 0.474
2807 0.011
7067 0.404
9549 0.137
4635 0.620
1849 0.171
1313 0.852
8719 0.257
8409 0.831
1071 0.463
2168 0.494
7956 0.726
9950 0.715
9619 0.567
3688 0.821
3768 0.086
3266 0.869
3033 0.646
4075 0.888
1811 0.174
1530 0.706
5469 0.305
7012 0.142
7791 0.901
5940 0.452
5355 0.178
5850 0.682
2915 0.329
6700 0.530
8109 0.607
179 0.162
3923 0.646
295 0.817
82 0.607
8362 0.674
5575 0.971
4655 0.861
6917 0.041
3915 0.065
4914 0.573
1280 0.800
8430 0.784
9884 0.466
9688 0.391
7556 0.578
4453 0.862
7287 0.480
6940 0.309
1160 0.819
8213 0.691
4112 0.363
4252 0.000
6965 0.226
10369 0.946
4620 0.498
386 0.643
751 0.914
7730 0.203
4013 0.057
7313 0.170
6055 0.634
4347 0.707
2098 0.903
8847 0.768
5808 0.353
5203 0.356
8963 0.695
8217 0.870
6405 0.629
2203 0.667
7209 0.644
9930 0.036
6681 0.138
4621 0.964
3139 0.939
6764 0.405
5354 0.950
10229 0.803
6944 0.496
5322 0.335
2005 0.599
9564 0.684
2238 0.166
10674 0.715
1879 0.904
9578 0.231
7287 0.477
9332 0.498
4535 0.330
4760 0.351
3115 0.823
2831 0.379
3454 0.692
10416 0.352
1684 0.944
3780 0.218
863 0.304
2948 0.692
1802 0.379
6933 0.423
5581 0.334
2328 0.555
5097 0.804
1379 0.460
10337 0.704
8807 0.913
5774 0.733
3166 0.067
3397 0.397
10113 0.318
2813 0.368
6387 0.586
7328 0.198
1583 0.949
5186 0.078
3717 0.606
1308 0.308
5068 0.378
1822 0.308
9772 0.264
5785 0.934
8573 0.586
7154 0.612
588 0.053
2546 0.575
8540 0.568
1188 0.411
376 0.498
7062 0.196
1221 0.356
7906 0.199
7833 0.818
6674 0.540
5683 0.481
5750 0.826
3085 0.538
6096 0.667
7849 0.313
10627 0.874
9843 0.110
8830 0.198
231 0.790
2631 0.722
2416 0.223
6821 0.348
5326 0.567
10607 0.184
7100 0.758
5544 0.025
10102 0.164
2057 0.697
2884 0.954
3905 0.226
6735 0.583
646 0.138
636 0.323
1910 0.179
551 0.428
7735 0.470
10652 0.753
8562 0.382
10453 0.547
5044 0.293
219 0.000
9078 0.836
6538 0.870
3008 0.346
1754 0.367
7761 0.143
7659 0.982
3296 0.742
8202 0.890
770 0.396
2476 0.588
2730 0.515
5134 0.665
7827 0.253
6749 0.442
5417 0.276
7805 0.771
6380 0.118
8286 0.626
6681 0.984
4103 0.715
3866 0.554
7200 0.250
1082 0.007
1784 0.503
9973 0.299
4240 0.218
6092 0.773
7694 0.500
5083 0.882
2782 0.946
10672 0.540
2625 0.129
4181 0.004
6756 0.200
8992 0.685
3557 0.147
8550 0.068
8784 0.050
3845 0.414
2227 0.030
3778 0.632
2063 0.041
7633 0.794
9084 0.201
8975 0.704
9267 0.611
5801 0.239
9625 0.787
8193 0.810
6460 0.434
3378 0.455
1799 0.606
4737 0.635
9922 0.418
1695 0.575
3433 0.692
4268 0.720
2581 0.651
10575 0.769
8534 0.973
637 0.189
4612 0.156
6206 0.753
7410 0.851
5114 0.030
3783 0.875
9154 0.286
3235 0.079
5637 0.184
5763 0.189
5534 0.237
5960 0.884
5583 0.571
3682 0.017
2937 0.062
9984 0.483
8642 0.940
310 0.407
8980 0.054
6265 0.223
7998 0.929
3092 0.195
7588 0.009
405 0.497
2368 0.902
7581 0.066
7536 0.905
9049 0.968
1304 0.655
7105 0.453
4625 0.487
341 0.230
4843 0.474
6462 0.267
2304 0.912
3178 0.278
2128 0.395
7812 0.618
2977 0.014
8993 0.056
9509 0.177
8689 0.771
146 0.132
6279 0.875
7907 0.591
1527 0.388
2868 0.211
1538 0.586
499 0.934
9995 0.412
3325 0.971
88 0.614
7451 0.300
8424 0.621
6313 0.938
8601 0.310
9887 0.141
575 0.276
8496 0.965
1069 0.688
5377 0.554
670 0.436
9046 0.719
8998 0.298
610 0.932
8892 0.849
2818 0.937
3525 0.601
9169 0.472
8009 0.917
9700 0.421
3615 0.540
6860 0.928
4758 0.043
3003 0.116
6474 0.726
10581 0.770
9226 0.869
9754 0.640
9927 0.002
5449 0.873
1231 0.031
2912 0.560
2485 0.437
9756 0.880
9178 0.966
4208 0.385
4612 0.930
10386 0.696
1871 0.043
8300 0.396
4653 0.930
1816 0.463
7425 0.759
10534 0.320
6762 0.476
7606 0.196
8470 0.176
6912 0.866
4164 0.439
7127 0.960
7479 0.928
928 0.014
9058 0.161
5718 0.628
7380 0.970
1284 0.372
8113 0.576
261 0.228
10391 0.086
2021 0.772
8842 0.664
3591 0.623
3168 0.722
5985 0.988
8296 0.125
6822 0.361
2487 0.847
798 0.699
3113 0.005
9831 0.634
2945 0.296
7361 0.806
335 0.545
10515 0.791
2960 0.350
2810 0.056
4421 0.185
10264 0.348
7357 0.429
6346 0.440
10452 0.406
2301 0.858
9806 0.243
2988 0.718
3536 0.647
8358 0.115
8603 0.847
7250 0.608
3724 0.513
168 0.491
8867 0.439
9807 0.974
8431 0.453
6865 0.892
3702 0.649
3465 0.062
5659 0.621
8989 0.936
6088 0.606
9713 0.799
673 0.033
5526 0.120
3591 0.316
6477 0.754
6769 0.003
8245 0.932
2742 0.011
6137 0.984
9321 0.927
4712 0.758
8810 0.770
1043 0.929
4017 0.066
8547 0.153
8733 0.007
7921 0.282
1433 0.457
2230 0.266
4352 0.134
2081 0.723
3979 0.995
9455 0.904
1627 0.179
2998 0.311
1884 0.642
8214 0.970
6407 0.906
4838 0.890
9975 0.386
5838 0.355
6482 0.969
7464 0.300
9785 0.375
10658 0.380
6301 0.161
4495 0.572
918 0.882
2471 0.996
8842 0.114
4677 0.378
6254 0.244
1139 0.528
2029 0.842
9212 0.881
2512 0.232
2276 0.212
3377 0.509
5510 0.889
7644 0.505
9004 0.129
3310 0.600
2060 0.135
8866 0.084
9142 0.896
5019 0.988
7828 0.695
5414 0.371
8109 0.632
6613 0.809
10649 0.434
2157 0.672
1026 0.867
9883 0.056
9592 0.067
9347 0.034
10003 0.018
1368 0.928
4289 0.634
1827 0.941
10262 0.890
6193 0.918
9194 0.788
8337 0.913
3613 0.768
2952 0.583
8339 0.775
3988 0.124
3908 0.714
4092 0.497
6654 0.086
10519 0.527
7346 0.216
9196 0.694
7678 0.047
2667 0.728
2864 0.538
10247 0.728
8633 0.341
8760 0.055
1755 0.946
4799 0.360
1817 0.586
6700 0.856
5889 0.772
7129 0.255
9593 0.465
1926 0.994
2353 0.651
5437 0.117
6748 0.828
2801 0.864
9337 0.152
6357 0.793
10138 0.773
6704 0.490
6884 0.704
9454 0.989
5932 0.375
202 0.502
8280 0.891
6926 0.904
10199 0.031
9638 0.357
2726 0.140
7273 0.939
4959 0.956
1324 0.787
477 0.032
5148 0.045
4066 0.789
3462 0.738
8083 0.830
560 0.420
8030 0.590
1001 0.774
2754 0.674
8309 0.471
4424 0.220
5179 0.591
1834 0.124
6000 0.263
8947 0.772
2097 0.653
2621 0.352
9722 0.931
6894 0.732
2237 0.321
10050 0.599
8965 0.460
6892 0.917
101 0.614
499 0.311
10596 0.536
8066 0.243
3606 0.305
2258 0.764
10058 0.343
1887 0.587
10401 0.808
8749 0.489
8373 0.996
6487 0.382
6038 0.271
2079 0.425
10545 0.222
10544 0.838
1578 0.208
6130 0.903
7183 0.634
782 0.421
2318 0.538
6999 0.997
3326 0.878
3241 0.380
7238 0.445
7863 0.091
1884 0.010
3781 0.196
1997 0.574
4815 0.406
6939 0.356
9511 0.734
6132 0.175
7343 0.600
9267 0.576
9520 0.883
4199 0.118
7617 0.634
7516 0.514
7877 0.475
6407 0.701
4395 0.427
6870 0.265
6679 0.710
4787 0.406
8758 0.637
9119 0.864
8259 0.552
933 0.353
2824 0.470
7975 0.464
9199 0.693
6879 0.231
58 0.662
1185 0.576
4251 0.268
5902 0.647
3104 0.982
7390 0.573
5242 0.949
2134 0.575
8054 0.517
10154 0.864
1663 0.802
2717 0.992
7182 0.496
9088 0.243
7037 0.855
3743 0.017
1483 0.779
2231 0.796
2921 0.724
9534 0.640
7805 0.405
3666 0.821
9579 0.586
3339 0.295
7999 0.854
480 0.566
3990 0.975
1264 0.428
6160 0.502
5577 0.754
5800 0.993
7956 0.236
2246 0.442
5558 0.470
640 0.185
5503 0.809
8422 0.468
4824 0.754
7369 0.396
5072 0.801
1406 0.487
8513 0.751
5749 0.909
8514 0.080
5999 0.454
7929 0.044
5257 0.781
4192 0.114
4010 0.816
7177 0.597
726 0.450
6254 0.917
3586 0.678
5099 0.100
8002 0.065
7647 0.936
1029 0.792
7987 0.293
7884 0.320
2466 0.734
8077 0.026
4120 0.673
7517 0.992
5197 0.926
4836 0.200
8491 0.835
4188 0.980
8385 0.061
6769 0.012
6364 0.071
4285 0.661
6693 0.829
3554 0.342
945 0.616
9315 0.715
7987 0.513
5397 0.169
10086 0.364
10191 0.748
2515 0.265
9217 0.022
3462 0.280
3648 0.748
26 0.478
7004 0.193
2768 0.627
10021 0.021
5259 0.881
4026 0.305
3178 0.574
8568 0.347
1919 0.706
6019 0.760
538 0.118
520 0.378
6883 0.516
7207 0.167
50 0.734
3374 0.950
5640 0.073
9580 0.306
1054 0.744
30 0.490
6220 0.927
7687 0.717
10284 0.739
8202 0.383
269 0.358
7894 0.139
2944 0.282
8411 0.627
3440 0.295
9938 0.778
1893 0.264
10504 0.702
1474 0.304
6450 0.536
5692 0.942
6111 0.528
4323 0.246
5201 0.332
392 0.156
7258 0.610
2979 0.774
8675 0.963
9122 0.133
4913 0.534
4996 0.529
4829 0.048
3774 0.520
10202 0.489
6611 0.865
3554 0.106
3621 0.318
7268 0.220
8708 0.706
747 0.365
2424 0.545
8179 0.134
4677 0.187
9389 0.942
9188 0.870
3024 0.257
10445 0.640
132 0.556
3411 0.283
1019 0.516
6744 0.552
125 0.949
1452 0.922
1925 0.174
4962 0.806
6003 0.376
1701 0.071
8878 0.992
9018 0.752
10001 0.808
8897 0.076
9792 0.293
9498 0.537
7055 0.371
9538 0.316
1793 0.850
9182 0.120
5527 0.190
3432 0.332
765 0.677
7438 0.131
4352 0.599
8667 0.810
6162 0.756
72 0.122
2764 0.987
7657 0.847
4700 0.451
436 0.051
5720 0.044
7771 0.139
6319 0.782
26 0.473
7240 0.555
4636 0.015
4886 0.250
571 0.198
5483 0.050
5954 0.950
5020 0.847
3339 0.439
1806 0.657
1161 0.045
2382 0.889
2485 0.643
9827 0.696
7127 0.790
7251 0.150
7976 0.630
1133 0.813
7668 0.531
2401 0.577
7257 0.989
3445 0.834
333 0.098
528 0.051
8561 0.193
6544 0.836
849 0.576
7135 0.482
1686 0.212
6903 0.673
4748 0.792
9660 0.521
9532 0.488
7049 0.711
6774 0.579
4899 0.727
2431 0.973
3587 0.744
4787 0.367
2205 0.104
4337 0.084
1100 0.679
1975 0.466
2906 0.139
8882 0.970
1340 0.265
10334 0.209
8118 0.792
6223 0.727
8350 0.098
2087 0.972
5296 0.680
9767 0.642
4767 0.379
6394 0.795
3788 0.795
9143 0.675
9038 0.172
5701 0.009
9926 0.331
6841 0.609
2183 0.536
4275 0.591
1792 0.791
9403 0.410
3271 0.694
2533 0.078
2305 0.537
8989 0.807
5380 0.081
2309 0.678
7140 0.080
9434 0.807
9919 0.623
1173 0.091
