5000
8190 0.045
36809 0.921
10398 0.330
36274 0.430
16486 0.695
36600 0.932
50878 0.160
42894 0.293
15366 0.792
18517 0.246
48871 0.168
14908 0.226
3642 0.162
11353 0.595
23311 0.281
40815 0.366
50450 0.675
36054 0.526
17830 0.527
43043 0.401
50524 0.130
40490 0.334
29214 0.767
5365 0.705
48726 0.538
37776 0.404
48540 0.690
10310 0.032
31415 0.808
15366 0.964
29933 0.924
21728 0.537
42971 0.625
25649 0.997
35146 0.276
48148 0.063
40325 0.420
5273 0.146
36969 0.900
21998 0.576
23610 0.287
41301 0.911
2864 0.588
26052 0.768
25857 0.669
15608 0.541
33047 0.883
10712 0.658
6542 0.712
42048 0.148
27281 0.547
26503 0.374
44362 0.494
23904 0.497
3389 0.942
34898 0.280
10191 0.466
22251 0.628
43443 0.217
46925 0.540
9737 0.747
5824 0.661
32825 0.591
16709 0.521
13116 0.580
6885 0.812
30328 0.514
22894 0.028
15420 0.494
6119 0.024
41759 0.014
13935 0.584
37731 0.680
35436 0.773
13874 0.213
22334 0.659
48625 0.571
2359 0.426
18712 0.516
42359 0.138
35008 0.189
11091 0.554
33782 0.959
30794 0.027
18354 0.446
14097 0.315
32300 0.958
8070 0.773
10222 0.744
4819 0.355
36610 0.721
18108 0.460
15852 0.511
40978 0.753
3634 0.724
5538 0.751
1898 0.447
42913 0.304
18568 0.961
32440 0.125
21801 0.725
9070 0.371
42691 0.476
29728 0.679
17892 0.513
49939 0.039
13739 0.955
15760 0.174
20035 0.452
19042 0.338
36887 0.330
2406 0.339
45985 0.015
34417 0.901
13617 0.832
28351 0.915
32734 0.346
172 0.134
352 0.756
20719 0.425
42318 0.415
39411 0.151
8748 0.045
6737 0.010
31174 0.909
245 0.589
12711 0.585
32742 0.704
38131 0.472
43169 0.499
43721 0.452
17133 0.588
36785 0.499
20723 0.050
23118 0.808
35734 0.116
49054 0.902
50625 0.776
5117 0.593
18032 0.757
29076 0.158
16741 0.505
20860 0.824
28619 0.017
34051 0.340
36067 0.136
48014 0.330
20480 0.896
36656 0.700
44406 0.731
29336 0.438
13527 0.429
37905 0.619
10091 0.382
44859 0.985
50229 0.751
6679 0.503
42837 0.396
30248 0.408
31359 0.519
242 0.737
25261 0.777
25017 0.608
16765 0.452
8322 0.773
50250 0.063
6162 0.240
23006 0.688
38594 0.928
42823 0.259
42452 0.180
29853 0.330
20613 0.351
38104 0.419
24051 0.257
10265 0.604
41488 0.158
32651 0.019
42384 0.702
13987 0.513
15983 0.396
13741 0.898
34140 0.984
38893 0.667
45510 0.156
15329 0.914
3136 0.235
43247 0.168
23910 0.671
47711 0.420
29731 0.595
49661 0.685
6634 0.703
9551 0.096
3986 0.476
16440 0.488
37213 0.076
6953 0.031
20705 0.831
9329 0.499
34464 0.284
12589 0.486
15425 0.728
41338 0.831
43743 0.387
13004 0.239
24181 0.118
22476 0.628
47022 0.597
34355 0.708
42454 0.675
14044 0.490
9495 0.907
14944 0.037
13748 0.847
2061 0.950
24291 0.391
28045 0.319
25690 0.480
38623 0.438
23829 0.111
50646 0.667
15082 0.103
8254 0.456
34126 0.012
40109 0.372
41722 0.665
45980 0.754
227 0.909
37982 0.159
11876 0.863
10761 0.023
43751 0.054
46786 0.437
20109 0.504
39217 0.050
5832 0.648
5153 0.535
9827 0.601
16054 0.047
38661 0.348
41523 0.285
6192 0.633
1396 0.424
51060 0.651
5003 0.913
42149 0.378
28838 0.080
9607 0.276
15604 0.425
22574 0.929
23788 0.384
35132 0.135
29822 0.063
45087 0.887
15279 0.209
37202 0.378
34802 0.140
16972 0.128
30175 0.441
42669 0.317
33274 0.255
23720 0.587
23545 0.283
10850 0.505
2094 0.825
3270 0.543
30527 0.540
22131 0.738
36357 0.894
12593 0.796
18059 0.171
4307 0.792
37418 0.552
42614 0.662
44961 0.192
6979 0.187
757 0.346
24831 0.975
33865 0.142
30895 0.665
6870 0.496
38458 0.322
33843 0.763
38907 0.008
40273 0.778
50956 0.937
12760 0.324
19476 0.388
27176 0.706
50377 0.073
22872 0.658
30897 0.125
15561 0.642
46268 0.302
11032 0.781
9155 0.721
7891 0.782
22425 0.001
20719 0.722
36276 0.996
25208 0.156
8796 0.820
39329 0.557
32425 0.048
11532 0.247
44991 0.686
35859 0.639
9312 0.485
3649 0.312
27803 0.873
38950 0.018
27466 0.539
7655 0.770
19764 0.401
5794 0.030
8935 0.788
38483 0.994
43725 0.366
37377 0.583
10039 0.841
4810 0.370
805 0.699
20095 0.321
41901 0.002
3282 0.144
10089 0.239
26934 0.580
44163 0.115
13426 0.088
10295 0.379
38530 0.515
43148 0.047
29291 0.147
4837 0.768
37661 0.212
35484 0.964
47800 0.322
15873 0.842
12078 0.180
48906 0.901
24214 0.232
26872 0.538
46076 0.377
24155 0.509
49215 0.330
37242 0.196
17322 0.871
34789 0.637
34622 0.380
18335 0.005
11680 0.467
2234 0.852
5376 0.934
9619 0.147
1673 0.240
37289 0.686
1107 0.535
3667 0.030
12518 0.243
46016 0.843
33752 0.107
21064 0.351
16931 0.330
34689 0.658
34628 0.159
38453 0.397
1245 0.743
42453 0.326
18385 0.644
12917 0.920
17666 0.638
7729 0.984
42025 0.244
2291 0.537
33534 0.542
28029 0.475
26737 0.279
22172 0.373
48079 0.072
50958 0.727
18691 0.986
40232 0.798
29606 0.743
28880 0.362
36509 0.079
30300 0.688
21379 0.809
50006 0.327
46596 0.909
30984 0.548
38992 0.568
11829 0.304
5059 0.766
22567 0.345
46430 0.114
41311 0.146
39786 0.458
35011 0.144
13199 0.287
698 0.870
38002 0.929
28183 0.200
2462 0.723
18532 0.135
42547 0.515
28696 0.554
30095 0.355
14448 0.278
27442 0.348
25559 0.897
21196 0.047
50246 0.261
34812 0.023
32850 0.629
35865 0.981
10246 0.075
15825 0.992
50830 0.949
22113 0.032
16671 0.409
24899 0.948
11380 0.903
30265 0.744
32408 0.927
8914 0.334
22094 0.444
36256 0.513
26560 0.196
310 0.982
19005 0.346
21340 0.867
34076 0.681
9779 0.393
27262 0.620
9603 0.517
31915 0.975
20305 0.037
6578 0.719
12936 0.171
47140 0.777
42773 0.291
16104 0.659
44531 0.714
4579 0.760
29595 0.977
44178 0.095
44601 0.920
533 0.408
9867 0.263
15715 0.467
19045 0.203
14300 0.361
20658 0.062
17939 0.030
47805 0.171
10709 0.692
40676 0.291
24893 0.257
50984 0.865
2605 0.119
45489 0.886
7442 0.850
10830 0.332
23063 0.013
1958 0.019
7707 0.317
37912 0.602
39655 0.364
4979 0.791
21045 0.391
44825 0.086
22215 0.915
19975 0.740
15069 0.477
8490 0.206
26106 0.984
5743 0.704
39442 0.588
7614 0.314
26902 0.605
7644 0.532
22183 0.759
47796 0.051
7277 0.732
14831 0.333
32945 0.437
7701 0.470
28654 0.884
23170 0.676
739 0.774
8020 0.505
33187 0.856
435 0.099
25893 0.363
32439 0.810
3597 0.306
42721 0.848
26732 0.858
14716 0.151
19842 0.057
15866 0.121
32209 0.320
13933 0.414
14802 0.224
30837 0.200
50195 0.543
140 0.867
38180 0.799
21103 0.731
44426 0.320
27286 0.581
46490 0.259
16972 0.036
27497 0.110
28396 0.580
24330 0.314
37480 0.318
40743 0.317
1308 0.819
18546 0.901
38923 0.030
47943 0.874
40418 0.305
23107 0.793
10551 0.041
42675 0.766
31485 0.853
24102 0.090
34938 0.901
8952 0.356
29918 0.926
26191 0.864
16768 0.068
1232 0.727
2127 0.736
5939 0.946
47279 0.527
38134 0.700
12421 0.255
20223 0.934
39730 0.878
43907 0.556
6431 0.190
7878 0.615
45267 0.134
7673 0.692
1889 0.133
5567 0.411
50126 0.966
2462 0.730
43425 0.198
13094 0.991
48784 0.480
4645 0.519
27917 0.349
26261 0.304
24989 0.818
46418 0.406
38635 0.671
10391 0.871
48496 0.933
26409 0.094
36248 0.010
21602 0.554
50451 0.925
14928 0.030
48481 0.197
6992 0.040
35069 0.316
11389 0.694
32913 0.281
1128 0.166
43991 0.360
5305 0.719
13232 0.352
18051 0.516
49885 0.267
34360 0.484
33239 0.415
41109 0.486
15954 0.387
29998 0.876
13054 0.751
44516 0.573
44565 0.856
42781 0.225
45891 0.158
49166 0.720
43939 0.317
9799 0.260
50053 0.536
14836 0.036
6988 0.617
21431 0.751
40704 0.982
7500 0.070
42538 0.211
22162 0.062
7594 0.599
35324 0.858
29407 0.788
46599 0.943
47210 0.894
24632 0.001
46073 0.618
43301 0.722
19799 0.455
39046 0.416
46714 0.691
18909 0.577
38722 0.709
18393 0.326
13160 0.744
17923 0.343
25425 0.418
7685 0.116
2573 0.051
34107 0.549
26663 0.006
37452 0.108
40942 0.227
2746 0.672
22422 0.944
9978 0.807
1994 0.357
30346 0.178
20874 0.685
8319 0.020
43724 0.408
7178 0.921
22302 0.506
36901 0.584
13381 0.481
13698 0.305
47252 0.943
16578 0.532
21679 0.962
32830 0.470
20947 0.317
20860 0.598
44486 0.325
3021 0.795
32349 0.933
10146 0.151
40040 0.471
12042 0.742
39513 0.957
1522 0.656
23212 0.806
4497 0.661
2375 0.556
28084 0.223
1983 0.398
46585 0.863
46952 0.034
14681 0.215
41714 0.581
39344 0.547
38049 0.473
23869 0.006
4534 0.871
8275 0.848
22380 0.238
18712 0.914
46656 0.832
6596 0.583
31076 0.569
29775 0.362
49219 0.336
17870 0.541
9087 0.702
11218 0.111
28870 0.044
19053 0.662
7218 0.459
8018 0.165
45328 0.215
46226 0.083
32145 0.676
24242 0.578
7094 0.652
39279 0.556
29068 0.274
1342 0.132
45310 0.042
8360 0.093
12522 0.702
30964 0.827
27636 0.752
18376 0.942
11716 0.639
11943 0.078
9850 0.062
18415 0.978
1429 0.232
25087 0.254
24182 0.650
11959 0.418
31999 0.321
29194 0.232
18198 0.064
20966 0.911
27446 0.187
3206 0.639
12547 0.999
12530 0.781
43875 0.944
9819 0.661
5844 0.352
40607 0.087
36664 0.534
37598 0.755
15814 0.566
27989 0.290
6222 0.542
38157 0.243
44577 0.162
34973 0.194
1286 0.585
444 0.058
49205 0.879
13248 0.162
45052 0.285
36718 0.153
19295 0.795
16403 0.259
37463 0.400
39603 0.726
8002 0.014
40516 0.406
29577 0.613
49834 0.047
4108 0.221
41119 0.202
19369 0.653
14111 0.785
25672 0.761
16864 0.500
3901 0.134
4167 0.765
50981 0.423
36643 0.475
48961 0.465
13359 0.316
24152 0.698
35906 0.136
48483 0.219
40631 0.737
14874 0.145
13933 0.275
1638 0.806
8306 0.310
5267 0.867
15379 0.803
32205 0.646
49553 0.010
2121 0.904
22290 0.506
39436 0.853
9357 0.248
36759 0.146
12394 0.532
10747 0.894
50049 0.194
42947 0.531
41428 0.526
30311 0.260
48812 0.591
10876 0.379
27878 0.209
12907 0.450
28227 0.019
9080 0.605
3485 0.648
7968 0.426
41241 0.844
34914 0.639
33901 0.097
25732 0.757
4465 0.088
31273 0.195
12129 0.345
11167 0.494
33953 0.192
12826 0.174
43468 0.391
39091 0.876
32441 0.801
33110 0.425
6653 0.550
3554 0.340
38807 0.152
16320 0.081
23454 0.491
7549 0.378
26334 0.621
22770 0.912
22414 0.651
4654 0.841
39059 0.704
22981 0.321
31387 0.092
37020 0.549
25822 0.754
27911 0.951
30229 0.721
23711 0.201
17702 0.603
25296 0.420
25898 0.764
25105 0.555
3938 0.288
50625 0.859
10983 0.781
17023 0.678
20275 0.673
33304 0.877
2294 0.544
38754 0.871
47415 0.382
51068 0.934
31541 0.280
5858 0.541
14981 0.185
18739 0.209
44459 0.552
33314 0.529
22758 0.767
7417 0.264
39008 0.605
6493 0.804
5892 0.602
12105 0.974
50328 0.343
41612 0.461
17688 0.878
11306 0.570
48842 0.001
16646 0.543
12953 0.875
15700 0.266
21353 0.741
30655 0.414
22565 0.100
869 0.614
11409 0.190
22887 0.165
27151 0.180
38662 0.621
23961 0.809
19644 0.340
24749 0.211
44734 0.877
2074 0.908
26200 0.409
21437 0.412
38926 0.203
12567 0.929
13951 0.408
24543 0.749
13666 0.606
5827 0.379
18351 0.379
20973 0.866
41423 0.310
49974 0.901
47366 0.991
27991 0.444
38819 0.824
20303 0.421
43927 0.571
47712 0.657
34871 0.526
22274 0.553
5208 0.098
26822 0.114
19721 0.239
42961 0.053
11270 0.059
35493 0.678
12649 0.816
5794 0.870
22013 0.758
13574 0.903
32855 0.418
39190 0.672
30779 0.507
9682 0.631
42090 0.480
50031 0.622
17674 0.166
49440 0.126
23578 0.379
48486 0.627
10895 0.032
5994 0.060
17926 0.972
23243 0.128
41601 0.604
12832 0.104
45808 0.055
40468 0.126
10269 0.564
29556 0.039
34401 0.149
1965 0.170
15310 0.063
39661 0.883
2143 0.171
4404 0.386
29325 0.783
40553 0.390
16360 0.617
42567 0.351
13859 0.536
10169 0.406
45208 0.121
9246 0.307
29020 0.509
3475 0.272
6219 0.689
6936 0.844
7196 0.220
45927 0.002
25590 0.593
17236 0.541
7593 0.788
8547 0.844
12221 0.152
9521 0.472
5523 0.227
13075 0.959
21199 0.247
23777 0.501
49105 0.354
19684 0.550
48248 0.865
6768 0.604
41035 0.445
50400 0.240
48665 0.408
13928 0.042
10982 0.910
44878 0.311
42823 0.437
3376 0.302
18106 0.796
12820 0.402
29162 0.162
42748 0.026
4245 0.563
30722 0.343
10572 0.261
31699 0.454
48989 0.823
22954 0.168
3291 0.970
11359 0.103
11906 0.999
34535 0.852
4149 0.705
19347 0.856
19699 0.274
8980 0.657
4157 0.131
19260 0.158
1877 0.071
34327 0.711
37021 0.454
41785 0.384
34527 0.932
8233 0.436
19858 0.691
31009 0.467
21748 0.753
540 0.222
47827 0.387
34736 0.090
14379 0.485
35351 0.445
36261 0.202
15969 0.584
32012 0.194
2368 0.394
7124 0.223
32799 0.969
38685 0.563
48287 0.062
12179 0.806
14723 0.179
20814 0.367
47877 0.530
10447 0.381
48657 0.391
35553 0.720
6593 0.161
49654 0.520
7744 0.286
46485 0.603
48805 0.161
11144 0.605
33119 0.444
40345 0.562
38393 0.500
30183 0.576
1871 0.382
18138 0.084
27793 0.441
27378 0.533
50034 0.747
17772 0.235
15803 0.252
29771 0.271
3514 0.294
13554 0.556
4513 0.042
32947 0.879
5602 0.083
13639 0.512
50988 0.290
50958 0.908
5368 0.314
32816 0.362
42743 0.177
46060 0.194
17298 0.290
8149 0.751
38155 0.390
32982 0.444
26096 0.051
1572 0.307
927 0.192
4149 0.937
8220 0.100
40366 0.227
16641 0.507
41109 0.052
46951 0.074
23181 0.860
19689 0.991
9730 0.447
33465 0.621
45120 0.226
806 0.015
5984 0.683
39490 0.075
12676 0.008
44452 0.466
44165 0.936
43369 0.176
14808 0.800
21910 0.131
28941 0.006
16030 0.989
25016 0.701
37226 0.000
42557 0.917
25323 0.291
16609 0.747
28634 0.286
12895 0.856
21652 0.205
40303 0.047
16040 0.787
1906 0.639
27904 0.994
10883 0.962
26119 0.458
48854 0.643
34946 0.616
41832 0.539
32055 0.824
33201 0.078
50551 0.741
32350 0.047
39682 0.211
18355 0.566
11274 0.043
18517 0.157
3884 0.096
10753 0.646
7180 0.911
40717 0.576
48009 0.732
11346 0.624
46235 0.733
44170 0.745
42696 0.494
27833 0.672
1728 0.832
26961 0.020
1118 0.406
32644 0.473
16207 0.219
26953 0.393
9802 0.061
15707 0.517
10937 0.436
34607 0.422
15077 0.886
50486 0.427
4542 0.583
5894 0.055
33039 0.458
43516 0.575
41326 0.162
46165 0.537
11804 0.056
18113 0.087
50291 0.422
22906 0.278
8288 0.717
22591 0.636
42799 0.115
6109 0.784
6025 0.898
12822 0.334
14585 0.405
7113 0.767
30917 0.173
39787 0.812
25195 0.428
14950 0.164
7186 0.971
10065 0.202
35030 0.796
1192 0.107
43063 0.464
31420 0.535
25295 0.629
30913 0.152
354 0.845
8506 0.933
22044 0.129
11435 0.172
36602 0.147
42652 0.645
1392 0.824
32101 0.701
2424 0.938
27343 0.580
41013 0.069
46568 0.177
37985 0.930
39601 0.419
22424 0.665
6586 0.062
19150 0.676
42716 0.821
18600 0.786
27689 0.583
38222 0.279
40836 0.827
28902 0.892
15335 0.470
10019 0.891
36834 0.046
37254 0.522
21854 0.318
23971 0.542
45569 0.529
11081 0.931
22839 0.215
31134 0.345
1289 0.593
6517 0.588
11503 0.278
38692 0.360
9245 0.413
27656 0.587
5095 0.281
2477 0.811
47455 0.759
3608 0.141
7560 0.772
37101 0.827
7251 0.789
4845 0.864
12722 0.091
18187 0.178
17388 0.171
31339 0.091
16710 0.873
12719 0.690
38760 0.145
25544 0.732
47577 0.049
38915 0.420
29763 0.412
19378 0.510
12827 0.137
13192 0.986
37546 0.204
28716 0.169
36905 0.112
46192 0.195
35927 0.226
5549 0.529
50654 0.512
20595 0.501
49450 0.182
20718 0.390
6774 0.976
42363 0.764
45790 0.763
9661 0.447
39483 0.109
10202 0.512
7260 0.347
31378 0.664
47412 0.133
12538 0.927
27279 0.946
44406 0.117
34448 0.657
4709 0.067
9868 0.707
31458 0.043
577 0.387
24253 0.036
34766 0.900
38422 0.433
16578 0.734
39399 0.376
7067 0.888
49668 0.523
36627 0.849
19528 0.599
47416 0.620
26390 0.181
50526 0.071
19697 0.129
35188 0.991
19304 0.743
16430 0.253
11215 0.682
34871 0.527
1946 0.989
16044 0.351
48478 0.665
14743 0.765
50216 0.608
4219 0.404
22763 0.512
50944 0.060
2399 0.243
18136 0.678
854 0.120
33316 0.990
32700 0.949
39430 0.170
19435 0.785
18695 0.321
33661 0.770
41366 0.175
23733 0.135
9011 0.482
13722 0.798
22796 0.322
7374 0.695
18982 0.153
43718 0.343
36246 0.026
28212 0.969
20673 0.067
25660 0.577
3828 0.314
16741 0.060
33042 0.949
757 0.214
30904 0.307
26386 0.700
41853 0.910
28493 0.778
37462 0.828
15555 0.526
46586 0.213
9028 0.541
24915 0.119
31289 0.115
7972 0.938
17296 0.758
30309 0.663
34033 0.131
14868 0.139
48557 0.989
30184 0.029
17305 0.166
9121 0.394
20052 0.629
7135 0.237
11777 0.942
34041 0.536
42250 0.115
28793 0.841
2487 0.618
28690 0.850
7962 0.031
1405 0.385
39657 0.677
8091 0.547
29093 0.281
49699 0.446
46232 0.318
20499 0.402
22519 0.465
20181 0.860
24710 0.121
1196 0.625
22892 0.762
47996 0.131
37733 0.145
28600 0.246
16624 0.755
47097 0.010
49014 0.311
4609 0.140
12940 0.008
17623 0.032
44867 0.111
6586 0.596
35319 0.429
3884 0.552
30157 0.122
11012 0.786
20980 0.854
13475 0.362
18200 0.464
42880 0.570
25801 0.129
37859 0.660
42347 0.109
27282 0.467
18444 0.799
2989 0.212
42222 0.164
38128 0.775
22359 0.381
3848 0.442
28489 0.744
44082 0.525
1520 0.228
5432 0.625
22651 0.865
15067 0.805
16649 0.047
44975 0.656
24063 0.080
40989 0.288
38595 0.585
2258 0.304
47535 0.434
38854 0.663
44608 0.452
15338 0.360
36842 0.108
8433 0.314
42083 0.826
24812 0.594
10304 0.700
34155 0.893
49013 0.244
21198 0.170
7324 0.207
6428 0.183
47990 0.218
37117 0.699
3422 0.494
42611 0.406
40710 0.350
15471 0.179
36512 0.599
10172 0.286
21461 0.458
5953 0.378
9592 0.443
24313 0.400
27392 0.540
12869 0.251
10162 0.448
39612 0.879
7842 0.446
33081 0.205
611 0.012
18813 0.623
15851 0.880
2386 0.995
48641 0.284
5718 0.472
20975 0.190
23946 0.789
49279 0.102
43199 0.133
21134 0.011
41066 0.309
23993 0.362
43322 0.660
20780 0.593
20762 0.630
18488 0.997
32445 0.004
46705 0.182
6 0.040
37561 0.471
4144 0.249
20909 0.460
28753 0.987
44986 0.503
46281 0.775
18361 0.928
40129 0.083
5187 0.732
21554 0.279
14967 0.065
50473 0.828
26825 0.761
49495 0.189
45020 0.770
24007 0.888
23453 0.454
25036 0.205
44134 0.113
32055 0.318
2142 0.974
27570 0.510
9170 0.603
13107 0.699
48376 0.725
42777 0.049
23708 0.725
20132 0.358
16049 0.942
35258 0.451
37216 0.767
509 0.506
49987 0.837
39770 0.309
46396 0.577
28672 0.510
41537 0.820
44933 0.448
25285 0.439
5967 0.823
13592 0.830
23493 0.301
20760 0.936
44789 0.725
32951 0.350
20539 0.646
22632 0.898
34332 0.757
29357 0.978
39657 0.437
17061 0.027
14079 0.201
12365 0.343
21059 0.101
4127 0.019
22431 0.921
26867 0.701
22646 0.362
24827 0.526
46135 0.772
37598 0.015
47725 0.070
38796 0.281
4868 0.253
20077 0.307
24452 0.869
50958 0.814
13253 0.648
2653 0.959
27874 0.469
30241 0.433
44766 0.297
25613 0.681
40963 0.034
12794 0.632
34897 0.288
12344 0.703
38406 0.977
22740 0.571
40710 0.352
48279 0.279
44513 0.804
40695 0.031
2374 0.640
45890 0.980
26991 0.846
9124 0.287
6452 0.273
4435 0.598
45133 0.183
47877 0.854
26364 0.938
27379 0.360
34140 0.950
23138 0.175
40299 0.507
1001 0.756
20956 0.679
38834 0.630
31859 0.449
1479 0.298
23318 0.198
7582 0.598
47690 0.264
25141 0.974
25196 0.150
25872 0.475
13695 0.380
1374 0.765
19902 0.885
44056 0.099
20481 0.961
18401 0.321
39227 0.637
4869 0.955
19537 0.199
16792 0.139
49884 0.975
12130 0.957
10812 0.073
4990 0.183
24096 0.466
36616 0.148
50155 0.728
23252 0.507
2020 0.994
19254 0.257
6531 0.774
44749 0.446
31142 0.045
43868 0.396
30570 0.727
36019 0.546
23018 0.759
14083 0.931
22857 0.890
32911 0.986
920 0.879
13298 0.227
33883 0.483
4796 0.522
923 0.614
38343 0.382
35039 0.925
10641 0.402
19435 0.033
20996 0.110
27433 0.394
49785 0.026
22543 0.309
41246 0.926
4596 0.764
4348 0.836
40185 0.912
37583 0.031
46790 0.754
43083 0.428
11803 0.486
47535 0.225
8641 0.778
34999 0.938
91 0.780
261 0.323
23917 0.854
25127 0.055
6863 0.415
16417 0.044
36259 0.386
33613 0.316
49018 0.197
3150 0.760
958 0.489
14238 0.441
49459 0.654
36438 0.421
18377 0.949
35501 0.261
28975 0.730
32798 0.756
15442 0.373
30541 0.673
29265 0.522
13860 0.717
10013 0.992
42381 0.122
7583 0.414
29777 0.617
30402 0.557
6264 0.893
4189 0.781
32005 0.779
38472 0.084
21779 0.423
34870 0.563
3217 0.839
7160 0.446
40856 0.066
40345 0.382
26274 0.654
6379 0.712
11888 0.689
12045 0.919
12323 0.916
34476 0.214
7960 0.282
15862 0.975
47839 0.097
22715 0.198
24943 0.218
17390 0.929
7885 0.961
31684 0.006
27347 0.811
49921 0.374
28872 0.992
16800 0.231
38943 0.628
22171 0.542
47094 0.686
28688 0.776
6756 0.726
33187 0.589
24075 0.528
8539 0.718
1678 0.431
43875 0.976
50020 0.907
6384 0.531
27077 0.647
18311 0.679
24065 0.980
31762 0.184
50705 0.679
50501 0.181
34464 0.239
5268 0.727
22176 0.015
7861 0.099
15542 0.214
15502 0.946
28416 0.725
29846 0.586
36655 0.287
50906 0.802
50512 0.936
48172 0.912
17926 0.004
28865 0.722
8155 0.890
39264 0.977
4645 0.028
25535 0.976
35051 0.416
11071 0.981
32887 0.960
29004 0.338
36001 0.684
42748 0.777
4476 0.105
2879 0.552
3026 0.025
24943 0.990
47587 0.399
7047 0.020
21279 0.560
49859 0.537
33576 0.550
28373 0.852
14554 0.817
12592 0.639
5464 0.394
8747 0.431
47901 0.027
24938 0.519
49933 0.155
44889 0.788
19599 0.424
19865 0.336
2215 0.795
32669 0.592
42186 0.822
7494 0.640
41842 0.219
7183 0.573
38532 0.869
12316 0.191
3786 0.648
34244 0.925
42269 0.212
7532 0.118
9497 0.017
42313 0.023
14652 0.684
7854 0.542
20717 0.631
21878 0.050
8296 0.383
18878 0.276
25451 0.229
10848 0.675
28387 0.126
25519 0.420
32029 0.258
17326 0.446
29479 0.256
41968 0.067
12577 0.554
29679 0.491
13007 0.538
21286 0.675
6678 0.561
24730 0.521
46452 0.721
6966 0.201
15101 0.112
42673 0.442
38744 0.176
31698 0.800
3368 0.301
21019 0.889
37993 0.932
49971 0.366
15928 0.402
10468 0.202
36903 0.857
44201 0.160
16136 0.292
14493 0.455
50265 0.125
12881 0.242
35927 0.559
16010 0.600
12404 0.813
23625 0.237
50900 0.295
14863 0.758
11087 0.562
48342 0.577
49300 0.060
19650 0.569
50790 0.992
24099 0.607
31512 0.698
2384 0.765
41238 0.244
21282 0.116
44024 0.007
23595 0.816
22086 0.131
33501 0.928
34143 0.879
34641 0.587
20903 0.131
5933 0.199
49888 0.540
20041 0.967
20922 0.209
20523 0.876
34850 0.376
32076 0.089
26578 0.208
26873 0.344
28488 0.825
49876 0.468
49661 0.333
44713 0.041
10831 0.279
33632 0.774
34866 0.672
50636 0.270
18689 0.153
46955 0.269
43571 0.313
43005 0.104
13461 0.756
13205 0.767
19945 0.069
32956 0.421
8413 0.898
46098 0.168
28049 0.839
35015 0.597
30309 0.888
27771 0.658
48593 0.479
16917 0.597
49650 0.730
12514 0.933
40136 0.818
8129 0.499
14296 0.023
29967 0.958
9299 0.407
8209 0.566
39103 0.169
46924 0.270
16782 0.111
26798 0.440
20214 0.617
40737 0.872
10230 0.518
33706 0.600
11239 0.489
397 0.122
28642 0.580
7715 0.256
16088 0.997
10185 0.270
9982 0.809
12255 0.987
1114 0.034
10865 0.045
20027 0.301
44796 0.491
32486 0.218
49934 0.528
42632 0.967
28136 0.748
2040 0.916
4647 0.643
22162 0.064
28166 0.233
16925 0.547
49135 0.695
512 0.749
4632 0.018
21519 0.660
45823 0.661
38175 0.981
49141 0.590
24108 0.005
19229 0.881
11352 0.526
10328 0.791
44469 0.938
35699 0.361
34555 0.462
34534 0.095
45366 0.515
36520 0.268
1006 0.311
19044 0.234
49793 0.901
18026 0.749
5973 0.695
19975 0.588
5042 0.047
45825 0.067
47754 0.950
2253 0.506
35936 0.322
13798 0.089
44729 0.200
47836 0.837
39261 0.460
39704 0.286
25551 0.022
25997 0.092
15322 0.633
2862 0.807
3961 0.078
10681 0.889
47836 0.622
15958 0.330
2003 0.107
12534 0.370
10683 0.481
11708 0.695
41624 0.511
37368 0.033
21354 0.824
13849 0.651
29302 0.621
11333 0.753
4687 0.514
50802 0.977
10076 0.502
43730 0.939
48525 0.868
17764 0.874
46030 0.312
41540 0.749
43118 0.050
3536 0.854
2263 0.404
28672 0.859
30404 0.859
12891 0.612
3975 0.716
6838 0.857
14277 0.108
40761 0.217
35785 0.041
12218 0.637
1552 0.540
12849 0.386
23910 0.336
2120 0.109
43535 0.544
30365 0.499
26587 0.614
13080 0.670
15442 0.893
24586 0.482
34353 0.922
25819 0.079
11430 0.028
10891 0.654
38969 0.158
19872 0.565
8295 0.696
20440 0.091
3285 0.491
9303 0.757
2604 0.800
44463 0.529
29168 0.469
27736 0.234
41188 0.607
27971 0.849
48411 0.661
2931 0.914
32905 0.805
45423 0.521
6016 0.182
16208 0.079
28526 0.659
23904 0.861
1514 0.297
20938 0.694
44858 0.489
43825 0.028
33942 0.828
5975 0.998
39035 0.971
20843 0.884
15858 0.502
9643 0.194
4648 0.621
6316 0.688
5764 0.480
7210 0.231
10067 0.888
2299 0.370
7652 0.926
46376 0.980
47696 0.228
16880 0.182
24543 0.758
47298 0.832
12025 0.513
11942 0.298
44817 0.123
4388 0.589
45210 0.483
11275 0.161
19197 0.382
17059 0.796
2060 0.288
48181 0.342
33778 0.340
30349 0.128
30125 0.867
39661 0.675
16806 0.920
30574 0.123
48170 0.215
9685 0.041
40512 0.251
47446 0.864
10559 0.098
35343 0.176
48621 0.564
35404 0.266
6803 0.719
34278 0.514
19011 0.755
4067 0.458
44758 0.374
48959 0.669
19793 0.784
7518 0.767
38421 0.177
44185 0.855
38293 0.906
22141 0.241
4520 0.756
23942 0.304
21195 0.060
27199 0.126
50946 0.417
11906 0.016
3119 0.427
14072 0.063
43161 0.407
13698 0.708
5846 0.910
46190 0.192
33326 0.576
12069 0.193
38322 0.205
45940 0.935
24325 0.787
44263 0.086
15652 0.661
37374 0.538
234 0.554
41423 0.431
15978 0.468
46325 0.713
43347 0.345
35631 0.881
25941 0.705
12620 0.723
28987 0.490
29916 0.182
23510 0.548
40747 0.010
50365 0.134
19286 0.452
3400 0.817
17320 0.773
46140 0.917
39103 0.393
26477 0.412
23276 0.250
47203 0.174
35226 0.417
319 0.931
47445 0.211
16337 0.064
32185 0.909
34490 0.573
43339 0.971
6788 0.588
41937 0.952
7344 0.153
29618 0.602
48426 0.312
26605 0.821
11908 0.107
45876 0.096
37623 0.050
11511 0.170
15212 0.036
22275 0.431
40308 0.188
1777 0.707
19678 0.461
5581 0.218
50886 0.341
30245 0.448
37530 0.272
48703 0.316
17313 0.985
15567 0.238
2891 0.882
21954 0.940
28426 0.567
35523 0.791
20436 0.678
44148 0.603
17838 0.046
32136 0.235
40332 0.990
24597 0.471
42041 0.259
19475 0.502
49878 0.650
37027 0.689
23447 0.497
17020 0.706
40681 0.561
38361 0.594
31343 0.179
44018 0.463
35685 0.362
20960 0.186
37514 0.413
11226 0.063
28310 0.044
1278 0.166
25061 0.167
8453 0.124
5215 0.989
37689 0.235
11673 0.935
46626 0.228
30828 0.872
23401 0.061
46937 0.121
16169 0.375
38487 0.443
8739 0.588
27979 0.478
16293 0.412
32652 0.381
8369 0.139
23135 0.626
26532 0.498
20155 0.108
10788 0.895
29087 0.827
36126 0.254
5354 0.716
41835 0.544
27948 0.545
11207 0.715
3502 0.454
31167 0.876
33826 0.436
31416 0.415
26363 0.442
45709 0.028
33561 0.517
47709 0.451
24709 0.415
30798 0.558
33146 0.807
43691 0.062
34185 0.781
11314 0.114
35677 0.916
10583 0.813
4129 0.856
33725 0.939
4266 0.860
20051 0.502
4324 0.224
42048 0.724
39008 0.261
32325 0.881
14776 0.292
39997 0.644
21218 0.109
28925 0.671
8764 0.433
16963 0.406
7727 0.506
45900 0.911
45814 0.066
13607 0.574
10275 0.623
32583 0.326
50755 0.936
33827 0.076
45350 0.357
8464 0.881
29877 0.272
32770 0.446
4936 0.115
9315 0.405
26595 0.995
43994 0.514
49711 0.448
21145 0.887
16540 0.091
17609 0.403
3773 0.809
13495 0.499
35406 0.697
3091 0.794
44362 0.486
21788 0.265
40362 0.601
11431 0.230
47990 0.645
44646 0.730
19961 0.549
28995 0.817
31422 0.457
45214 0.876
3934 0.631
32593 0.293
31448 0.115
12136 0.054
34496 0.367
38272 0.519
11958 0.242
26577 0.673
4515 0.628
35423 0.289
33704 0.317
18948 0.982
40741 0.248
15905 0.608
27335 0.091
36790 0.418
33014 0.011
18461 0.688
14917 0.036
37272 0.113
27460 0.221
47513 0.452
46079 0.773
23907 0.288
25176 0.187
44973 0.301
2371 0.761
46788 0.276
16282 0.119
10216 0.407
32449 0.582
10901 0.952
47500 0.857
37791 0.295
25440 0.689
30084 0.129
44739 0.325
20515 0.778
47538 0.122
6919 0.910
12274 0.841
33540 0.018
17256 0.732
8189 0.901
45858 0.860
44366 0.214
38591 0.043
3565 0.280
41750 0.757
31459 0.352
51005 0.125
49214 0.791
34 0.818
5282 0.242
41420 0.292
3509 0.480
48889 0.544
10711 0.394
20168 0.218
9357 0.303
36277 0.783
46132 0.820
41333 0.730
19552 0.562
32438 0.521
24133 0.633
7418 0.304
26948 0.360
33043 0.822
42393 0.041
47466 0.099
33892 0.546
6511 0.611
50310 0.811
3740 0.558
2769 0.634
7474 0.122
2102 0.712
1142 0.818
49597 0.910
38532 0.092
42738 0.167
16711 0.283
25036 0.683
29519 0.107
5112 0.352
21194 0.004
19805 0.890
47265 0.347
19756 0.105
12252 0.269
38694 0.750
16788 0.103
20007 0.029
2264 0.199
11911 0.354
14912 0.312
20161 0.667
48437 0.756
6936 0.428
6927 0.157
21963 0.800
38963 0.016
43528 0.157
15248 0.201
6074 0.820
30285 0.815
25960 0.465
25416 0.736
49698 0.641
36074 0.195
12888 0.356
29374 0.939
154 0.174
22314 0.627
22768 0.342
37886 0.745
23365 0.776
39628 0.079
40003 0.219
22016 0.014
29613 0.998
37997 0.659
34787 0.864
33618 0.761
28495 0.086
12683 0.383
33615 0.333
20613 0.269
44513 0.715
16743 0.695
42125 0.198
30623 0.522
38734 0.232
34160 0.050
14335 0.453
9562 0.019
8202 0.856
9 0.052
7400 0.337
41990 0.846
27930 0.782
36868 0.469
42148 0.644
30866 0.875
41235 0.682
12163 0.417
46913 0.450
29113 0.330
30468 0.524
48595 0.593
39282 0.813
31614 0.313
2213 0.237
30900 0.033
9910 0.981
4040 0.323
19845 0.141
44854 0.130
11876 0.676
40243 0.172
49618 0.850
31193 0.765
36093 0.375
24046 0.526
5967 0.518
31162 0.812
27847 0.082
10784 0.278
10085 0.889
22595 0.612
24028 0.838
681 0.291
25190 0.441
6677 0.089
28490 0.755
37437 0.135
13848 0.178
31256 0.245
43863 0.005
20752 0.178
12586 0.760
24317 0.212
24263 0.367
29881 0.659
23576 0.120
25691 0.880
3547 0.466
4452 0.016
6731 0.931
45612 0.312
41176 0.323
12352 0.328
37011 0.441
16952 0.925
39233 0.707
27785 0.438
28961 0.785
37951 0.555
1927 0.325
20150 0.273
41483 0.359
1676 0.269
48184 0.541
8335 0.926
22553 0.609
11389 0.967
664 0.159
49385 0.889
20864 0.638
42161 0.907
27088 0.557
14396 0.736
40604 0.366
16318 0.994
33980 0.565
20520 0.262
43552 0.903
27081 0.253
4902 0.414
5502 0.995
26663 0.998
20175 0.442
29315 0.172
29162 0.640
22267 0.768
17745 0.089
33265 0.691
49904 0.270
7851 0.656
21726 0.153
27212 0.810
39923 0.857
15827 0.564
35343 0.339
12229 0.902
33751 0.248
29280 0.152
30099 0.877
11906 0.789
42133 0.746
31492 0.246
15477 0.628
4566 0.909
47314 0.739
196 0.032
11613 0.772
50712 0.446
31568 0.191
49375 0.713
49489 0.400
42081 0.058
46144 0.143
29562 0.784
26031 0.158
24471 0.771
38812 0.534
11306 0.677
21915 0.348
6218 0.674
37110 0.987
40251 0.613
24188 0.428
20955 0.232
47193 0.842
33597 0.959
34803 0.203
16895 0.797
30062 0.181
4286 0.414
43002 0.794
9662 0.293
40893 0.189
5720 0.262
668 0.740
36735 0.393
7511 0.824
30105 0.929
44442 0.563
44292 0.074
44152 0.628
29726 0.313
10676 0.169
6357 0.114
32780 0.707
33366 0.069
20504 0.460
28247 0.175
47871 0.200
16263 0.764
14554 0.889
25707 0.962
50463 0.132
16007 0.582
41260 0.879
26689 0.707
20186 0.597
38426 0.992
46404 0.752
2087 0.377
31021 0.946
35019 0.224
670 0.098
26335 0.355
17527 0.810
28940 0.538
8300 0.481
45077 0.404
24361 0.660
41173 0.526
48559 0.778
17375 0.914
22713 0.690
30712 0.456
39598 0.803
18032 0.986
46360 0.875
21910 0.147
43004 0.642
7975 0.274
43754 0.251
23520 0.131
33401 0.961
26200 0.368
20644 0.773
44289 0.465
47912 0.801
31395 0.641
44280 0.545
31733 0.290
2124 0.924
40227 0.244
45182 0.520
11083 0.944
20445 0.999
13551 0.306
40050 0.861
33343 0.628
19223 0.991
3379 0.990
4405 0.690
7027 0.523
13947 0.538
42851 0.787
33187 0.557
12123 0.967
8683 0.188
50539 0.618
958 0.937
8637 0.801
25774 0.485
25410 0.195
36067 0.209
3270 0.057
3997 0.650
49526 0.031
44896 0.500
11105 0.572
3856 0.538
40971 0.399
50156 0.007
8379 0.163
16922 0.357
46236 0.244
50422 0.198
2909 0.501
18608 0.537
21820 0.273
5099 0.087
35811 0.334
4616 0.603
44146 0.512
38530 0.894
27564 0.016
37803 0.165
32770 0.480
8876 0.908
7227 0.488
7334 0.549
23161 0.407
49663 0.916
45081 0.405
38757 0.265
6435 0.999
9968 0.585
9648 0.048
2253 0.623
27901 0.494
22694 0.046
37996 0.121
1875 0.413
23640 0.834
19061 0.469
43035 0.671
48042 0.263
27671 0.546
20173 0.499
50063 0.564
14230 0.184
1814 0.887
31650 0.707
37412 0.908
9003 0.030
35893 0.677
45815 0.915
24837 0.453
49554 0.517
14816 0.244
10504 0.890
31803 0.455
21284 0.294
22018 0.748
9787 0.501
27087 0.970
25512 0.959
47543 0.413
10601 0.625
45710 0.009
16362 0.408
25064 0.589
37599 0.417
49312 0.645
49326 0.607
32494 0.540
28838 0.342
7050 0.176
20215 0.890
32425 0.082
2451 0.210
34532 0.092
41325 0.366
35297 0.868
36655 0.796
36705 0.342
19822 0.056
22538 0.771
3827 0.243
39297 0.349
16554 0.908
37967 0.233
47264 0.835
33030 0.208
23239 0.349
29765 0.417
19168 0.013
16793 0.418
48874 0.166
26885 0.962
10400 0.098
12382 0.294
9302 0.819
25172 0.086
31388 0.329
2561 0.087
26388 0.988
37443 0.438
3282 0.708
34775 0.979
8997 0.608
20563 0.792
12773 0.919
22905 0.439
40924 0.003
20396 0.943
22787 0.411
50724 0.511
43331 0.833
26380 0.106
383 0.291
1729 0.564
41085 0.314
8746 0.236
40461 0.646
7332 0.424
47766 0.965
29267 0.981
46066 0.545
12115 0.324
517 0.648
34477 0.997
29215 0.821
5557 0.051
45366 0.617
31909 0.641
18041 0.451
25414 0.106
28582 0.076
44606 0.799
4335 0.335
25418 0.463
30195 0.464
15691 0.000
15264 0.531
29826 0.622
4279 0.957
26551 0.082
48616 0.043
7383 0.601
18112 0.117
41061 0.888
24998 0.046
16360 0.183
32516 0.234
19401 0.155
10746 0.700
9194 0.879
49016 0.797
14645 0.551
9065 0.080
29614 0.677
50031 0.085
48827 0.012
50314 0.263
26714 0.976
36540 0.803
10117 0.023
18880 0.221
34762 0.349
30839 0.234
22395 0.397
7796 0.563
20830 0.488
4743 0.001
26 0.722
44858 0.609
21135 0.886
42050 0.372
28834 0.742
35594 0.157
11356 0.096
15962 0.142
36399 0.479
14081 0.628
18036 0.291
44732 0.860
7437 0.912
12074 0.796
5426 0.666
4717 0.495
26243 0.011
3086 0.812
2953 0.917
34501 0.542
5854 0.980
6150 0.972
49044 0.871
38897 0.423
23991 0.605
22275 0.641
7993 0.445
49903 0.019
6400 0.729
6041 0.786
44628 0.260
45339 0.812
9296 0.614
31698 0.845
23527 0.658
40753 0.873
26475 0.511
24506 0.560
21328 0.118
29753 0.647
19836 0.165
19364 0.755
23337 0.164
48685 0.488
4432 0.506
29173 0.465
31944 0.523
9810 0.014
43380 0.598
1857 0.240
35636 0.598
32359 0.148
11082 0.667
49204 0.608
18606 0.961
21870 0.708
5386 0.334
16895 0.413
7675 0.948
16988 0.083
7746 0.051
12238 0.602
14233 0.843
10732 0.322
13518 0.985
29551 0.954
4031 0.403
43673 0.563
40829 0.863
7233 0.878
44718 0.572
33103 0.049
38020 0.026
38681 0.235
20310 0.161
12239 0.415
39974 0.370
19664 0.002
32303 0.826
27680 0.187
31061 0.172
26784 0.890
12571 0.852
34225 0.421
18992 0.140
10675 0.858
28780 0.266
9051 0.757
18161 0.975
35996 0.677
18769 0.458
15131 0.652
39590 0.706
9085 0.504
16376 0.958
17665 0.948
7982 0.606
34567 0.219
48092 0.514
41013 0.768
29258 0.860
11384 0.659
6319 0.517
32995 0.221
14478 0.388
31820 0.293
33783 0.428
23840 0.942
14149 0.710
22922 0.727
21074 0.156
50044 0.250
47361 0.931
4789 0.543
15459 0.466
49003 0.442
32392 0.972
310 0.560
26238 0.120
34963 0.540
26924 0.231
34101 0.392
40564 0.433
5215 0.133
1534 0.380
50440 0.896
48825 0.111
12662 0.783
25473 0.353
6644 0.695
36858 0.521
48948 0.735
40338 0.402
28205 0.981
5265 0.681
36927 0.052
11136 0.989
32750 0.163
32090 0.782
2395 0.774
42007 0.867
18029 0.312
48013 0.440
19820 0.903
29766 0.512
27522 0.864
26344 0.302
28101 0.709
35060 0.384
23303 0.637
23712 0.448
18856 0.242
28100 0.465
47917 0.698
44049 0.997
23521 0.744
12606 0.858
34833 0.849
50329 0.708
48313 0.739
3164 0.068
43139 0.618
6438 0.526
2852 0.276
82 0.070
13298 0.982
43535 0.400
39701 0.276
36603 0.870
15360 0.800
43843 0.498
43655 0.794
26034 0.883
20861 0.603
27231 0.291
10271 0.509
43981 0.662
45887 0.937
32021 0.712
20970 0.832
2282 0.685
35017 0.699
22238 0.166
33353 0.598
22274 0.427
16414 0.466
47328 0.065
45835 0.837
19377 0.651
47651 0.194
12408 0.449
25103 0.034
46176 0.954
19014 0.861
28869 0.912
32423 0.755
6038 0.142
2432 0.967
42866 0.906
47310 0.653
32620 0.805
43157 0.603
17598 0.673
26148 0.918
44525 0.739
2836 0.095
33341 0.290
4209 0.826
8516 0.827
18631 0.907
42930 0.926
26010 0.883
31223 0.894
8153 0.677
37853 0.243
29130 0.519
39113 0.289
16372 0.721
24905 0.554
30929 0.406
22761 0.973
21352 0.162
20268 0.325
24915 0.868
2298 0.896
3618 0.353
43767 0.396
23406 0.031
9079 0.970
9310 0.864
38102 0.939
5358 0.975
12418 0.257
4713 0.352
22371 0.201
6121 0.036
38440 0.308
42253 0.953
44366 0.577
19143 0.204
33803 0.058
32432 0.864
15493 0.110
43778 0.842
3806 0.928
43247 0.312
33173 0.137
43980 0.588
29936 0.868
49433 0.644
49517 0.116
17167 0.760
40717 0.394
30938 0.475
8143 0.277
24581 0.076
46572 0.157
28632 0.476
47432 0.028
3066 0.575
30310 0.635
28601 0.885
10718 0.602
32623 0.136
37856 0.270
25778 0.129
2645 0.065
16480 0.888
34226 0.758
7039 0.036
37799 0.336
15597 0.941
5675 0.859
2359 0.858
49083 0.991
202 0.895
13529 0.580
9849 0.912
1236 0.000
24391 0.214
19419 0.412
17156 0.879
35267 0.182
18847 0.629
3798 0.492
14773 0.567
17022 0.504
20795 0.057
31059 0.614
5011 0.880
44066 0.281
14470 0.356
49791 0.205
19934 0.547
40732 0.319
9488 0.518
5434 0.856
26636 0.107
30498 0.670
36457 0.060
16245 0.681
15795 0.086
21694 0.781
4725 0.323
26958 0.236
13267 0.747
15194 0.390
11380 0.742
29979 0.037
26396 0.178
37510 0.335
35771 0.962
41725 0.559
44958 0.000
13395 0.916
22499 0.972
10354 0.452
24554 0.427
2057 0.386
7851 0.189
25981 0.025
44398 0.767
39547 0.048
44589 0.609
47824 0.755
31245 0.412
43215 0.747
31999 0.951
45583 0.282
27835 0.628
9854 0.633
26080 0.558
19431 0.591
43748 0.025
27137 0.279
22983 0.259
2072 0.948
27713 0.583
7451 0.118
13752 0.623
14928 0.383
22256 0.759
16309 0.797
2169 0.246
49309 0.594
36567 0.552
42522 0.791
29036 0.456
14190 0.669
3562 0.656
6523 0.025
725 0.312
24813 0.817
12648 0.010
37985 0.276
14539 0.496
35450 0.422
36481 0.189
26231 0.951
43029 0.009
39073 0.168
26708 0.449
48422 0.443
37963 0.365
44170 0.992
14841 0.957
28007 0.464
49227 0.630
46045 0.102
42604 0.325
24186 0.560
41355 0.998
35064 0.559
9530 0.589
13288 0.628
5549 0.771
23569 0.689
12921 0.150
26697 0.289
41498 0.893
39198 0.265
36889 0.329
42936 0.444
25865 0.387
35978 0.742
27474 0.155
25011 0.155
6841 0.856
15710 0.183
5129 0.852
44625 0.873
10005 0.958
46107 0.351
40751 0.484
14168 0.161
50286 0.642
15339 0.779
18709 0.732
23097 0.562
28152 0.873
38084 0.882
1559 0.233
49864 0.326
20953 0.188
12 0.247
42367 0.339
24741 0.083
11913 0.313
6202 0.144
23246 0.167
46898 0.460
32546 0.882
41817 0.987
17827 0.121
35642 0.198
22014 0.479
23872 0.738
23551 0.806
348 0.900
40172 0.414
24998 0.021
43897 0.671
33811 0.799
8674 0.101
12565 0.021
30305 0.722
36880 0.217
18808 0.534
14707 0.900
27124 0.173
38394 0.196
34614 0.560
47889 0.569
29297 0.423
35670 0.063
48213 0.599
35839 0.543
19745 0.569
46237 0.018
48756 0.746
26318 0.037
7402 0.456
36155 0.586
24997 0.997
50226 0.391
35019 0.460
48130 0.757
25700 0.865
49231 0.088
15300 0.625
16949 0.972
26053 0.369
36593 0.022
40861 0.884
28933 0.868
30077 0.572
20218 0.826
48294 0.496
5037 0.518
21859 0.599
15854 0.435
47841 0.800
45945 0.031
12873 0.315
21971 0.764
46491 0.687
19674 0.944
31748 0.486
9733 0.470
43718 0.282
2723 0.984
34619 0.048
39203 0.514
29509 0.588
4259 0.984
20439 0.466
35870 0.996
15091 0.067
48261 0.086
36859 0.167
49737 0.154
3126 0.014
43611 0.514
9798 0.573
26293 0.431
25326 0.450
33111 0.777
28336 0.014
6751 0.564
17471 0.157
15672 0.015
2453 0.312
48336 0.840
6595 0.643
15460 0.080
7689 0.184
38188 0.358
49797 0.325
20699 0.569
22579 0.382
10695 0.825
25472 0.162
38321 0.455
39170 0.788
13181 0.957
49979 0.131
7380 0.130
6116 0.357
31184 0.408
21684 0.867
24694 0.127
82 0.430
9436 0.137
22833 0.523
27190 0.781
41116 0.518
10881 0.936
22028 0.687
43646 0.991
40878 0.405
39458 0.429
6346 0.347
32098 0.276
6054 0.563
16107 0.123
804 0.531
38170 0.881
8386 0.354
30596 0.819
48997 0.613
47861 0.959
9107 0.364
12458 0.929
10364 0.111
23134 0.349
21013 0.681
33780 0.215
50485 0.319
31599 0.556
25588 0.289
42137 0.360
10079 0.457
2281 0.744
9550 0.865
32149 0.389
37470 0.332
6567 0.918
21915 0.039
5566 0.909
11180 0.908
20488 0.513
24490 0.816
31577 0.515
19282 0.927
27402 0.579
39195 0.559
46419 0.620
47845 0.347
49298 0.233
10414 0.989
45319 0.403
35304 0.072
41691 0.263
15900 0.173
8293 0.480
20587 0.815
4533 0.378
39104 0.339
34869 0.369
3715 0.999
12042 0.972
27018 0.185
46090 0.642
37910 0.124
24631 0.088
19932 0.643
36197 0.600
35041 0.098
47033 0.335
49171 0.398
41313 0.411
16269 0.550
6956 0.536
31972 0.569
41161 0.020
35113 0.875
26390 0.292
50305 0.128
4646 0.941
30514 0.111
8836 0.018
7205 0.117
35580 0.071
36771 0.839
45255 0.719
34846 0.146
47814 0.460
10520 0.847
32720 0.934
12758 0.477
44599 0.446
8839 0.592
7079 0.390
17626 0.528
46006 0.668
50445 0.491
20404 0.701
16228 0.220
32550 0.775
9187 0.317
46327 0.330
19831 0.840
20498 0.061
40658 0.296
11554 0.843
12326 0.334
24231 0.136
22787 0.521
17119 0.434
43479 0.040
17362 0.434
33081 0.209
10725 0.640
32409 0.726
30357 0.188
7065 0.286
44406 0.085
19574 0.638
32801 0.330
20622 0.296
13244 0.593
33686 0.099
11863 0.086
16403 0.119
23860 0.973
22158 0.762
17227 0.801
9290 0.944
42827 0.998
6936 0.242
14565 0.535
40692 0.429
28218 0.509
1594 0.042
20151 0.830
50441 0.247
41933 0.508
25246 0.752
45132 0.807
36738 0.884
35213 0.127
48402 0.959
31907 0.302
25704 0.611
27201 0.841
15149 0.574
38391 0.576
30587 0.642
20502 0.670
50171 0.206
7522 0.331
21918 0.883
27819 0.619
38950 0.340
43683 0.320
43362 0.251
18115 0.993
49233 0.623
429 0.742
830 0.488
50825 0.486
40141 0.176
10237 0.297
3434 0.634
32327 0.675
16969 0.674
26816 0.014
31870 0.332
20337 0.678
23577 0.702
18083 0.900
25779 0.112
4898 0.173
24350 0.233
27238 0.891
30844 0.637
20774 0.924
24472 0.114
43554 0.750
11499 0.002
7622 0.181
19796 0.880
47261 0.975
7940 0.930
5981 0.374
50741 0.439
42975 0.846
2821 0.165
30823 0.515
24502 0.469
31237 0.922
35212 0.310
19249 0.496
15668 0.501
24734 0.413
22186 0.263
26424 0.639
20134 0.918
30004 0.960
40866 0.610
15703 0.893
41576 0.327
27869 0.783
35826 0.828
13107 0.412
26193 0.838
28471 0.574
45448 0.216
10888 0.347
14432 0.858
49982 0.812
6280 0.249
4387 0.032
18506 0.048
45277 0.645
39198 0.531
31401 0.638
13396 0.156
34866 0.991
25875 0.449
49615 0.366
17560 0.012
10058 0.074
5758 0.621
27252 0.340
35525 0.192
1305 0.888
22437 0.732
10337 0.358
50115 0.808
20290 0.438
21021 0.507
45852 0.801
9005 0.378
35213 0.855
42215 0.680
3494 0.499
25645 0.368
39931 0.114
5005 0.807
31659 0.626
47261 0.854
14604 0.061
28576 0.482
41486 0.190
28693 0.946
45210 0.843
44856 0.270
34150 0.660
18839 0.933
30692 0.628
43999 0.350
10079 0.221
20492 0.958
8425 0.160
4893 0.951
45599 0.518
32784 0.652
13584 0.964
4439 0.579
49101 0.502
6807 0.941
40411 0.661
42327 0.046
7923 0.788
44233 0.038
37840 0.115
38579 0.793
46509 0.658
31965 0.019
142 0.395
10563 0.680
22952 0.274
28079 0.741
36849 0.295
28123 0.573
8568 0.283
11287 0.579
31614 0.987
14512 0.307
42593 0.220
46592 0.861
24956 0.246
24482 0.223
21413 0.654
16358 0.905
7494 0.940
31815 0.595
13492 0.926
13133 0.601
9512 0.033
36011 0.838
39031 0.051
16691 0.566
17154 0.933
21077 0.925
49054 0.168
28394 0.830
37593 0.084
48912 0.559
49536 0.890
10205 0.943
29706 0.955
1822 0.967
44052 0.339
7593 0.689
29888 0.690
49279 0.372
48197 0.974
46657 0.568
15713 0.762
29045 0.183
19120 0.049
4339 0.907
44252 0.394
15952 0.205
10496 0.800
29752 0.598
10239 0.625
33941 0.215
1848 0.179
45049 0.651
9040 0.846
19684 0.920
33717 0.706
33449 0.347
35227 0.369
5348 0.963
9223 0.397
29291 0.796
21247 0.043
19096 0.960
24998 0.511
45028 0.651
41034 0.839
35457 0.116
43179 0.556
5551 0.820
33484 0.341
22637 0.853
7694 0.322
50298 0.783
22827 0.901
43165 0.274
31884 0.523
8892 0.465
14123 0.610
31194 0.038
43970 0.615
7310 0.334
37187 0.938
31712 0.585
25744 0.554
11708 0.336
313 0.906
7019 0.746
35505 0.929
51030 0.314
34286 0.759
18710 0.002
16308 0.008
11871 0.894
21506 0.041
11310 0.233
30432 0.279
30958 0.815
49823 0.181
7378 0.021
23052 0.627
44511 0.162
4885 0.106
23814 0.640
45749 0.383
42023 0.711
4573 0.888
19930 0.542
18823 0.656
9284 0.043
10612 0.842
17940 0.369
17937 0.848
25260 0.017
2235 0.640
17424 0.923
29150 0.586
36731 0.526
11147 0.004
20030 0.299
25895 0.906
1098 0.287
34073 0.617
25459 0.204
22559 0.900
29160 0.828
4047 0.170
27430 0.936
18436 0.535
8486 0.632
40273 0.463
4241 0.259
45318 0.651
21600 0.394
1410 0.066
17921 0.843
46677 0.536
8999 0.291
43831 0.264
5000 0.249
27362 0.362
38478 0.961
22962 0.940
37863 0.664
25907 0.239
4711 0.785
28791 0.353
12883 0.307
23042 0.840
30874 0.537
27468 0.152
2018 0.828
20341 0.037
47979 0.403
41659 0.107
44129 0.911
27845 0.225
36491 0.179
13405 0.890
35139 0.689
25867 0.441
25433 0.221
44023 0.797
4876 0.572
27079 0.973
16963 0.231
25302 0.029
30824 0.010
33667 0.767
24770 0.944
21159 0.886
43203 0.997
42572 0.795
50424 0.683
18794 0.525
508 0.664
37999 0.864
47321 0.718
22144 0.800
40748 0.849
6364 0.347
36769 0.521
9465 0.748
25001 0.085
5482 0.311
263 0.869
38740 0.280
15793 0.189
14730 0.882
30161 0.268
34990 0.623
19495 0.927
12790 0.000
18703 0.193
29974 0.455
32142 0.710
21041 0.273
32914 0.352
25116 0.535
29582 0.442
18026 0.850
35060 0.124
24464 0.530
40837 0.945
32821 0.884
1841 0.933
38189 0.349
30112 0.757
25238 0.127
34994 0.053
32617 0.636
3805 0.610
39441 0.823
28289 0.891
32824 0.820
3192 0.500
28117 0.893
4269 0.935
39414 0.049
20213 0.371
24556 0.658
5547 0.011
33578 0.467
37709 0.785
31340 0.958
40419 0.049
45201 0.558
3537 0.972
47689 0.499
11785 0.812
46624 0.780
35468 0.890
42885 0.002
15569 0.567
20282 0.841
18794 0.413
36442 0.029
37529 0.116
29146 0.580
19024 0.009
24865 0.451
33809 0.602
48404 0.638
8592 0.165
3630 0.242
37534 0.530
6795 0.307
31772 0.745
43838 0.925
25548 0.126
40636 0.932
5999 0.550
5003 0.529
45867 0.445
18195 0.807
47773 0.351
23145 0.730
37978 0.077
9723 0.366
27651 0.848
36454 0.180
36116 0.350
1790 0.576
27464 0.763
45620 0.005
8947 0.246
31991 0.106
27635 0.343
32572 0.378
97 0.724
29738 0.287
25423 0.600
20911 0.402
19921 0.902
40570 0.754
35085 0.703
44450 0.906
14417 0.606
22805 0.693
20346 0.152
46393 0.610
14371 0.340
25728 0.334
5778 0.107
3297 0.278
430 0.127
25582 0.148
26323 0.266
33654 0.405
3895 0.875
5627 0.828
35834 0.402
10341 0.676
11170 0.912
14516 0.348
25799 0.093
8421 0.723
9619 0.770
31821 0.098
32568 0.263
17283 0.043
26118 0.272
14443 0.333
20561 0.477
39482 0.763
10311 0.145
26768 0.917
10318 0.616
43028 0.031
9659 0.485
29638 0.053
4633 0.909
39449 0.942
45410 0.742
31005 0.455
2974 0.688
32086 0.570
50835 0.295
39190 0.015
1141 0.028
46549 0.438
2584 0.236
48839 0.017
5664 0.905
17095 0.212
27526 0.947
30709 0.439
41564 0.719
22644 0.691
13347 0.298
9429 0.568
47247 0.783
22783 0.943
18712 0.710
31630 0.006
12984 0.021
34684 0.217
20132 0.658
11916 0.733
3253 0.440
21096 0.877
7455 0.366
13520 0.890
14601 0.300
17546 0.957
18797 0.856
36764 0.313
37283 0.054
23806 0.809
43355 0.163
49242 0.222
30058 0.550
36708 0.339
20722 0.638
11703 0.223
15934 0.756
25820 0.964
44331 0.973
33367 0.092
17081 0.327
31512 0.793
16079 0.545
2942 0.562
3995 0.932
30857 0.203
32894 0.489
26725 0.577
26697 0.098
255 0.241
8730 0.907
31351 0.479
48426 0.163
23692 0.397
44007 0.298
47216 0.323
15884 0.192
48859 0.294
3197 0.039
38416 0.885
32629 0.187
532 0.162
15441 0.008
38312 0.086
2348 0.225
20715 0.423
25334 0.932
46689 0.729
5408 0.767
20242 0.958
2366 0.135
40910 0.687
43767 0.539
21566 0.950
42319 0.511
20013 0.842
11384 0.683
17982 0.761
3682 0.316
3067 0.932
10542 0.141
50538 0.800
21689 0.058
48531 0.432
31024 0.734
33923 0.560
42200 0.372
29403 0.349
50744 0.399
7768 0.490
46357 0.083
14252 0.992
33965 0.436
20794 0.581
31360 0.800
31612 0.482
5522 0.647
17773 0.039
16050 0.759
44001 0.835
46888 0.097
19105 0.884
37391 0.429
2532 0.390
6903 0.037
36713 0.268
21774 0.306
40234 0.409
34450 0.719
967 0.084
43909 0.404
36419 0.370
26050 0.137
5668 0.231
24277 0.421
35655 0.613
37258 0.946
35666 0.466
25905 0.802
570 0.994
12187 0.736
27703 0.954
142 0.977
18928 0.055
33566 0.008
45090 0.087
12452 0.630
30077 0.099
21593 0.659
36699 0.317
33469 0.636
50241 0.681
35071 0.776
49702 0.174
8913 0.109
43917 0.623
28396 0.004
14961 0.544
17236 0.263
28709 0.580
35589 0.598
42582 0.488
16168 0.194
39311 0.937
16495 0.986
42749 0.638
43976 0.072
49457 0.438
2247 0.008
18715 0.537
34965 0.367
14316 0.976
20156 0.755
11985 0.101
50670 0.776
39453 0.286
40043 0.147
13332 0.624
6703 0.814
22914 0.544
30879 0.490
39628 0.638
16417 0.722
38098 0.288
12458 0.027
32506 0.792
7616 0.170
40924 0.214
36893 0.504
4847 0.867
49192 0.802
5517 0.656
2658 0.154
30146 0.498
34722 0.696
43185 0.268
21475 0.007
25599 0.736
37448 0.539
16230 0.683
41332 0.420
50114 0.637
5874 0.838
35902 0.965
7767 0.981
6144 0.801
12848 0.176
2666 0.339
4640 0.250
48856 0.323
16331 0.838
49588 0.738
34223 0.977
21891 0.079
36641 0.892
33628 0.761
14931 0.642
23075 0.383
28355 0.221
27292 0.251
31224 0.831
26282 0.585
19819 0.723
36499 0.573
13302 0.538
7915 0.390
5085 0.973
18802 0.658
1079 0.337
22976 0.287
28169 0.966
48266 0.633
9516 0.092
10556 0.015
36625 0.134
1250 0.565
19249 0.029
26249 0.680
35480 0.644
43702 0.703
22006 0.559
12757 0.070
6677 0.794
24501 0.091
26237 0.602
42641 0.930
20368 0.336
6671 0.331
28141 0.300
30433 0.040
38886 0.224
14737 0.990
2799 0.745
25912 0.406
25582 0.502
29617 0.156
49096 0.496
11541 0.876
29491 0.969
32380 0.791
19680 0.274
3178 0.360
40033 0.785
18311 0.707
45698 0.442
4081 0.549
34489 0.420
19154 0.763
45887 0.515
4574 0.408
10961 0.093
15934 0.240
32745 0.847
22385 0.182
13981 0.190
50760 0.877
2652 0.563
50251 0.355
24153 0.398
13619 0.284
24381 0.710
4478 0.169
46072 0.129
17774 0.509
27827 0.702
48806 0.489
13533 0.378
20636 0.996
9902 0.355
38563 0.224
43659 0.014
16349 0.902
49138 0.241
26235 0.565
747 0.275
38054 0.851
49349 0.144
16871 0.731
18125 0.866
22811 0.622
24147 0.845
26880 0.161
2228 0.840
34442 0.245
14128 0.358
36644 0.961
29373 0.131
27486 0.743
7269 0.509
25309 0.653
2154 0.955
9230 0.730
46359 0.036
36462 0.368
29471 0.595
20406 0.594
26575 0.053
29175 0.549
46325 0.055
25184 0.023
17451 0.288
28431 0.282
44922 0.789
33701 0.874
35480 0.060
42949 0.958
3138 0.400
10316 0.650
35939 0.628
8941 0.607
16455 0.496
9488 0.256
3536 0.009
20677 0.167
33279 0.731
14549 0.041
29513 0.348
39679 0.076
3243 0.751
25733 0.278
1084 0.974
22363 0.628
48059 0.711
18633 0.927
26195 0.774
527 0.239
29297 0.018
13753 0.788
48105 0.162
14748 0.200
10725 0.856
19250 0.582
31235 0.512
20726 0.774
36372 0.264
20564 0.324
2082 0.729
18218 0.486
17263 0.229
28706 0.585
27339 0.173
31892 0.923
9560 0.984
50400 0.988
14579 0.187
17196 0.921
49800 0.582
28700 0.647
26002 0.546
3505 0.085
11993 0.254
37644 0.141
28348 0.142
38798 0.013
49696 0.300
25194 0.532
23167 0.703
17483 0.413
5916 0.491
11427 0.425
4824 0.642
16025 0.106
7378 0.317
5404 0.946
4321 0.945
11160 0.189
13636 0.427
38424 0.055
29758 0.314
50241 0.637
31647 0.098
24027 0.225
41153 0.447
27204 0.333
23721 0.774
29321 0.415
473 0.022
4004 0.357
41124 0.728
34242 0.749
32886 0.860
8612 0.491
24484 0.795
41732 0.386
34264 0.641
31651 0.259
11218 0.299
19849 0.657
23125 0.433
20703 0.262
1662 0.543
37385 0.984
13484 0.023
19093 0.706
14410 0.597
15949 0.803
7314 0.129
23850 0.566
33435 0.367
50138 0.860
14730 0.988
45009 0.361
4053 0.832
4490 0.218
4415 0.330
40707 0.819
29283 0.631
12719 0.841
19629 0.952
31018 0.407
32757 0.528
10686 0.701
32939 0.889
31242 0.145
44406 0.309
49105 0.499
37289 0.876
5264 0.851
17906 0.955
23505 0.431
4525 0.360
12283 0.812
18925 0.904
7072 0.267
13716 0.839
18312 0.596
986 0.326
36855 0.876
48108 0.749
287 0.471
15390 0.430
46047 0.860
32996 0.422
21708 0.992
33235 0.179
35574 0.236
5657 0.600
13053 0.973
36984 0.807
42991 0.405
44217 0.731
13812 0.165
22740 0.552
48257 0.073
38106 0.337
6131 0.849
32575 0.779
32067 0.824
35783 0.163
42831 0.854
10078 0.959
42643 0.645
37472 0.035
7323 0.431
17910 0.102
4225 0.229
19827 0.751
47503 0.469
48100 0.874
7372 0.179
4250 0.340
45023 0.992
31776 0.836
3864 0.758
32271 0.774
8733 0.734
7952 0.142
32502 0.175
31020 0.500
4377 0.154
38484 0.101
8135 0.349
5865 0.579
5331 0.511
7092 0.345
48103 0.057
26846 0.524
32744 0.577
49272 0.365
4359 0.977
35985 0.620
11471 0.370
5684 0.209
25868 0.943
1327 0.929
3561 0.138
30906 0.137
28366 0.474
47713 0.739
48344 0.940
73 0.789
48348 0.012
51072 0.943
36505 0.556
40387 0.565
11717 0.999
12435 0.361
23962 0.610
19587 0.416
13249 0.644
36753 0.054
17130 0.577
44818 0.559
1818 0.416
23521 0.018
7299 0.975
28736 0.201
30461 0.766
19888 0.279
10771 0.260
17855 0.444
19835 0.409
36733 0.191
9428 0.138
6208 0.283
13662 0.145
39022 0.612
44518 0.545
42223 0.961
6480 0.588
38523 0.311
657 0.093
42572 0.021
34778 0.684
34000 0.220
47192 0.450
40660 0.122
30262 0.386
11462 0.619
45504 0.277
30590 0.732
24706 0.255
35682 0.487
39049 0.888
12050 0.895
2431 0.680
10455 0.433
31312 0.678
24727 0.896
20195 0.719
21130 0.053
34946 0.682
29433 0.258
42536 0.171
27168 0.883
15825 0.056
46932 0.538
19179 0.004
21960 0.616
18949 0.296
23906 0.059
3597 0.373
1740 0.751
1589 0.555
40764 0.180
2020 0.272
37308 0.140
28359 0.047
47490 0.866
29870 0.079
6987 0.193
44368 0.300
10537 0.979
34579 0.521
36639 0.186
9850 0.855
14836 0.860
20717 0.173
2136 0.093
23807 0.264
19507 0.842
44250 0.537
45392 0.992
47977 0.620
18411 0.040
41189 0.684
49094 0.723
10752 0.303
20342 0.755
42633 0.302
43764 0.120
45111 0.362
8589 0.077
13852 0.616
27147 0.749
22558 0.100
22439 0.041
48100 0.554
38152 0.947
21724 0.129
43648 0.545
34102 0.804
1303 0.361
34450 0.274
86 0.443
45953 0.957
18429 0.478
9976 0.326
8130 0.458
7203 0.264
7503 0.759
3062 0.724
2570 0.827
41826 0.840
9240 0.688
19 0.762
15519 0.033
16202 0.235
43525 0.898
40831 0.058
11926 0.318
13701 0.996
10252 0.412
35553 0.818
44976 0.031
5605 0.615
41141 0.897
27668 0.424
6202 0.026
49735 0.159
6615 0.642
30218 0.947
31220 0.998
48690 0.481
44418 0.300
1431 0.244
24459 0.694
20220 0.885
8462 0.159
48991 0.919
28020 0.580
48693 0.165
15603 0.087
17131 0.676
42134 0.907
38474 0.182
14237 0.800
536 0.338
22718 0.058
2538 0.988
44796 0.342
30786 0.529
35377 0.763
42307 0.403
48519 0.986
48000 0.322
41008 0.528
24793 0.656
19774 0.477
45091 0.725
41658 0.072
47766 0.473
15801 0.188
21602 0.223
6527 0.426
30901 0.097
38250 0.834
2058 0.449
31612 0.463
11372 0.932
6775 0.522
5422 0.606
7498 0.695
45250 0.310
44958 0.626
8922 0.446
13331 0.928
36505 0.451
1649 0.797
43395 0.958
20879 0.134
35579 0.657
11220 0.622
23974 0.676
29517 0.492
28732 0.696
12680 0.501
38268 0.771
15426 0.039
5994 0.721
6019 0.695
4381 0.670
43869 0.805
15488 0.049
12829 0.123
11038 0.269
49090 0.506
32777 0.788
35961 0.245
20581 0.622
30797 0.895
23912 0.147
18563 0.989
32185 0.913
25643 0.711
45773 0.187
45550 0.254
35893 0.603
33193 0.228
20180 0.636
15513 0.421
35197 0.255
45845 0.502
22142 0.911
2149 0.621
38226 0.907
34505 0.765
39113 0.995
5226 0.492
19007 0.147
46596 0.058
38516 0.524
28413 0.281
29687 0.898
27233 0.519
18138 0.316
12916 0.315
42856 0.599
48616 0.292
37776 0.673
15603 0.442
33889 0.591
26161 0.057
48819 0.143
8356 0.438
38254 0.444
35052 0.069
25225 0.069
10798 0.635
10172 0.618
22563 0.573
43688 0.212
8030 0.470
42355 0.886
16584 0.678
12012 0.603
7631 0.742
11572 0.312
15983 0.164
8373 0.692
38552 0.480
31167 0.606
40001 0.932
43969 0.754
38947 0.027
19913 0.916
22793 0.125
9910 0.667
26522 0.486
5810 0.171
441 0.531
24683 0.602
50138 0.743
31790 0.258
32201 0.767
33394 0.866
5689 0.715
50566 0.209
4731 0.050
2115 0.470
30412 0.260
43103 0.112
38654 0.115
46136 0.435
34015 0.117
3521 0.880
39688 0.136
16858 0.213
27410 0.627
3737 0.131
40423 0.928
19657 0.725
22540 0.249
26385 0.095
18665 0.533
49114 0.675
22513 0.879
23795 0.799
9982 0.003
26524 0.521
17331 0.824
13341 0.064
2612 0.150
4097 0.354
6735 0.217
31789 0.452
27977 0.851
21920 0.107
22560 0.593
36021 0.198
34973 0.825
3432 0.488
32637 0.568
35668 0.751
26757 0.710
28191 0.542
42066 0.419
47138 0.880
13044 0.305
1978 0.967
14722 0.613
728 0.464
36227 0.086
41984 0.158
2656 0.336
30743 0.049
50833 0.891
1063 0.880
18105 0.190
3601 0.230
7448 0.501
25585 0.552
21295 0.896
1982 0.106
42476 0.663
50247 0.457
42605 0.140
1915 0.692
11300 0.635
32919 0.360
6886 0.148
22529 0.555
25391 0.484
31177 0.576
7715 0.247
19238 0.336
13500 0.235
37759 0.197
34987 0.308
29539 0.094
39324 0.099
16017 0.577
25249 0.767
36595 0.472
8688 0.749
13780 0.143
43083 0.451
46725 0.790
19194 0.126
6495 0.093
21699 0.668
46538 0.060
5094 0.165
26407 0.778
31246 0.325
33785 0.220
32527 0.160
30275 0.118
5156 0.802
17306 0.570
441 0.918
13103 0.791
5775 0.595
5208 0.329
7829 0.160
18982 0.619
11929 0.351
29319 0.626
4528 0.677
16852 0.621
39639 0.125
12954 0.310
37799 0.603
48792 0.296
24135 0.451
13832 0.641
34722 0.752
37253 0.518
26096 0.274
2587 0.113
38243 0.801
25921 0.490
16522 0.246
10968 0.391
34843 0.144
37378 0.437
13407 0.012
23428 0.507
38449 0.177
42822 0.673
16321 0.364
19788 0.061
38085 0.308
30657 0.710
5762 0.909
32560 0.594
45096 0.717
3005 0.586
44713 0.557
27851 0.263
33796 0.641
32753 0.657
46710 0.100
35396 0.070
10858 0.896
16855 0.176
27141 0.524
30176 0.910
40577 0.589
43456 0.995
10076 0.144
2168 0.502
8192 0.183
9198 0.770
1397 0.325
4034 0.921
28620 0.228
19417 0.455
6303 0.582
39695 0.361
24512 0.649
19235 0.687
24724 0.366
30808 0.065
28564 0.330
9939 0.811
31080 0.940
21691 0.068
32469 0.469
25880 0.757
27466 0.186
41754 0.955
45385 0.831
29617 0.614
17841 0.249
23649 0.218
13426 0.492
3491 0.616
24669 0.981
36307 0.041
42785 0.038
29646 0.342
4398 0.225
38947 0.439
26833 0.003
15650 0.172
31892 0.152
1110 0.382
37687 0.077
47633 0.964
1048 0.639
28532 0.892
2824 0.701
50452 0.743
42116 0.730
30603 0.425
10348 0.612
26519 0.371
50667 0.575
18146 0.019
21937 0.715
30359 0.996
4464 0.816
44784 0.228
4378 0.284
18904 0.536
22334 0.754
15941 0.115
4456 0.168
12149 0.406
42243 0.029
29357 0.084
1369 0.202
44612 0.431
23965 0.778
19804 0.818
19355 0.943
1177 0.395
2594 0.810
36846 0.166
27476 0.073
14584 0.176
20979 0.160
7349 0.275
5646 0.722
4137 0.562
17313 0.560
23353 0.407
37936 0.300
8790 0.782
37077 0.408
42895 0.853
10020 0.843
50032 0.523
50641 0.209
49228 0.701
47187 0.336
2853 0.921
792 0.320
31246 0.505
15649 0.818
6863 0.492
6919 0.703
3936 0.394
47759 0.773
29833 0.897
11302 0.294
1746 0.644
2079 0.397
48306 0.582
27202 0.467
7563 0.948
20533 0.353
28082 0.313
6152 0.386
41226 0.232
27208 0.436
15447 0.582
24462 0.415
40578 0.754
16394 0.755
27872 0.106
29049 0.138
4406 0.633
9037 0.864
25278 0.422
6878 0.442
41269 0.454
17617 0.054
598 0.610
25811 0.855
5044 0.933
8536 0.146
28343 0.999
32932 0.394
17186 0.555
43807 0.468
8911 0.025
51047 0.065
12723 0.133
45126 0.478
8406 0.087
4181 0.680
21649 0.559
11175 0.534
28789 0.161
28905 0.086
14344 0.386
12214 0.810
42227 0.753
20086 0.580
22586 0.930
41433 0.620
45703 0.794
21157 0.777
32040 0.186
27518 0.006
45024 0.376
13802 0.178
42871 0.467
44954 0.308
50972 0.798
9654 0.333
31666 0.185
43460 0.765
5651 0.918
6116 0.278
28580 0.843
23324 0.273
39985 0.916
9858 0.377
38150 0.077
11016 0.850
426 0.179
39661 0.724
44555 0.857
6603 0.231
14288 0.450
14403 0.189
21881 0.743
10326 0.343
48661 0.311
22696 0.163
27122 0.686
23221 0.470
23147 0.573
30301 0.826
40312 0.644
4193 0.007
12567 0.839
36732 0.018
28750 0.857
9794 0.048
51046 0.330
5153 0.200
33863 0.042
32719 0.781
29582 0.065
27483 0.828
17243 0.355
32382 0.277
6665 0.438
43975 0.427
20659 0.356
42113 0.894
20043 0.370
22269 0.740
30754 0.373
35831 0.549
46960 0.867
46536 0.537
9269 0.902
8547 0.190
24282 0.635
40894 0.007
46714 0.842
20333 0.657
14045 0.156
14103 0.336
19264 0.930
19478 0.283
47850 0.833
50414 0.381
48712 0.869
15086 0.317
5580 0.908
29519 0.635
5377 0.505
43602 0.129
24264 0.261
29334 0.856
23063 0.710
31725 0.590
18772 0.040
45213 0.447
33576 0.168
24253 0.883
31546 0.254
38626 0.285
32066 0.258
14703 0.811
10319 0.576
12518 0.148
24400 0.687
35369 0.232
41905 0.569
37271 0.611
12766 0.039
49542 0.920
38144 0.619
49730 0.219
45700 0.632
5632 0.407
28329 0.201
47259 0.601
13322 0.133
48639 0.419
41016 0.190
14101 0.720
1476 0.521
6653 0.952
11838 0.775
6296 0.686
37504 0.680
37947 0.053
27576 0.443
34299 0.261
16145 0.593
11358 0.340
28607 0.446
5954 0.379
37751 0.461
10596 0.227
45386 0.583
40993 0.156
39242 0.118
5262 0.718
19977 0.553
42410 0.358
15418 0.694
9378 0.600
19047 0.432
34090 0.310
5799 0.803
19809 0.974
8884 0.829
15177 0.361
8212 0.578
50022 0.027
15071 0.486
33257 0.276
35412 0.873
7549 0.903
45977 0.936
36205 0.652
21153 0.116
6155 0.492
14924 0.284
46266 0.699
44894 0.813
17985 0.947
19273 0.756
9612 0.568
4080 0.550
27975 0.557
3156 0.239
17926 0.227
32653 0.630
31228 0.810
48460 0.263
2912 0.673
7099 0.368
34784 0.999
29937 0.918
