5000
3782 0.680
8757 0.520
7275 0.640
3387 0.794
3603 0.517
915 0.251
4627 0.026
5087 0.975
246 0.195
3118 0.546
2203 0.602
8546 0.122
1688 0.951
1477 0.965
3098 0.803
5111 0.542
7979 0.763
525 0.997
5929 0.090
243 0.467
8974 0.664
669 0.612
4054 0.388
479 0.906
2748 0.270
4215 0.884
1178 0.721
9408 0.931
9769 0.215
3005 0.914
2679 0.750
60 0.711
5787 0.553
3729 0.092
750 0.510
8396 0.446
3262 0.737
529 0.620
3618 0.161
2944 0.175
3962 0.766
319 0.923
9202 0.579
7837 0.156
6233 0.794
2363 0.116
1157 0.380
3031 0.306
7056 0.995
9575 0.118
3977 0.303
2427 0.580
3007 0.544
2148 0.855
8383 0.328
880 0.449
9627 0.341
522 0.492
9609 0.449
9766 0.431
9291 0.284
9306 0.185
1325 0.517
9405 0.626
8986 0.748
6186 0.752
562 0.339
4635 0.529
9371 0.863
6080 0.903
3421 0.133
6842 0.020
5042 0.726
6216 0.614
960 0.485
3850 0.441
6739 0.954
9549 0.503
6007 0.792
9439 0.898
2682 0.618
8229 0.797
5161 0.872
162 0.958
8009 0.293
1464 0.076
6580 0.243
196 0.788
8275 0.771
9694 0.392
2155 0.925
7859 0.818
505 0.458
2910 0.745
7790 0.211
6002 0.910
8566 0.077
7978 0.107
3414 0.109
1043 0.489
707 0.823
679 0.286
7792 0.030
3270 0.616
3707 0.836
4856 0.871
9145 0.411
9051 0.673
4521 0.181
2420 0.902
7833 0.103
5481 0.631
5288 0.619
9300 0.493
3589 0.659
7846 0.801
5595 0.708
312 0.259
6117 0.070
4416 0.608
6485 0.052
7756 0.896
5190 0.341
5597 0.532
2676 0.831
661 0.388
1430 0.905
383 0.765
1375 0.398
3194 0.603
7016 0.255
8182 0.590
343 0.957
6930 0.803
6507 0.915
7011 0.658
5823 0.089
1147 0.224
1719 0.479
7632 0.862
5555 0.642
6385 0.222
2557 0.538
4003 0.962
6178 0.346
9507 0.603
7170 0.291
2545 0.030
5029 0.942
505 0.330
9165 0.208
6493 0.229
8422 0.835
6068 0.557
4307 0.498
442 0.058
2175 0.986
982 0.196
4065 0.511
7717 0.212
7878 0.513
5916 0.011
5370 0.062
4377 0.033
4803 0.653
692 0.278
6885 0.925
4943 0.035
3846 0.679
7211 0.626
7220 0.997
1998 0.853
3821 0.816
7779 0.600
8810 0.757
3491 0.605
3743 0.941
4076 0.615
999 0.328
7971 0.882
2647 0.308
5029 0.183
2963 0.052
5772 0.641
802 0.219
6455 0.800
9597 0.569
4432 0.914
5711 0.863
7403 0.009
2184 0.275
8042 0.420
1245 0.256
4924 0.471
6666 0.903
1189 0.692
1300 0.706
5493 0.747
5465 0.934
2223 0.356
668 0.719
1407 0.276
8478 0.560
3388 0.333
3786 0.883
6651 0.812
8857 0.202
7695 0.410
9699 0.457
123 0.370
4101 0.334
3865 0.050
5569 0.908
9379 0.213
5552 0.667
2934 0.135
6769 0.507
7127 0.701
5602 0.861
4879 0.466
8714 0.912
3875 0.301
9257 0.845
4678 0.291
8585 0.546
1226 0.474
1875 0.045
5788 0.912
4946 0.695
9284 0.721
9630 0.020
6160 0.214
1353 0.872
2347 0.487
8049 0.500
6799 0.593
2286 0.459
312 0.941
3370 0.209
6772 0.104
6581 0.965
7623 0.273
7878 0.055
1077 0.095
8106 0.660
5282 0.789
8712 0.528
464 0.368
6601 0.836
4581 0.776
4164 0.802
4704 0.283
6526 0.948
5115 0.644
5665 0.087
1092 0.378
2570 0.818
6630 0.887
7208 0.920
372 0.849
5673 0.992
5286 0.906
185 0.019
8753 0.162
9482 0.516
1220 0.161
4799 0.130
2273 0.729
3523 0.131
9427 0.889
1956 0.607
881 0.391
7839 0.710
4494 0.808
6540 0.590
2571 0.943
9383 0.489
3342 0.671
5976 0.802
4276 0.314
2296 0.002
3519 0.089
3486 0.870
9855 0.901
1211 0.164
4929 0.221
8874 0.313
6075 0.575
4433 0.588
9487 0.630
6754 0.503
5898 0.421
4126 0.137
3717 0.859
3698 0.100
9699 0.282
6510 0.419
2398 0.796
614 0.647
4521 0.217
1792 0.169
3366 0.629
2913 0.332
840 0.933
4221 0.765
5548 0.577
8309 0.071
4855 0.078
3262 0.360
566 0.133
9257 0.795
1917 0.027
6006 0.811
6467 0.835
7221 0.158
4207 0.038
6142 0.814
5678 0.276
5329 0.495
424 0.204
687 0.070
7095 0.924
4906 0.906
286 0.057
6898 0.079
1058 0.835
2382 0.368
2966 0.089
5298 0.298
9200 0.706
9369 0.869
6427 0.242
1615 0.976
9680 0.465
3632 0.447
141 0.145
1474 0.890
3914 0.780
2810 0.709
3963 0.216
9808 0.688
7938 0.779
6082 0.519
8400 0.349
5525 0.456
7280 0.139
7130 0.095
1140 0.498
9624 0.525
3209 0.970
7822 0.974
8038 0.781
2843 0.893
6055 0.645
4153 0.620
3496 0.064
8262 0.661
9815 0.726
8181 0.561
5850 0.682
961 0.070
3770 0.760
1130 0.043
6688 0.599
1146 0.686
9264 0.861
6340 0.581
7250 0.020
8370 0.775
5119 0.140
9377 0.740
2172 0.387
6963 0.655
9042 0.854
5599 0.765
7901 0.716
8798 0.568
8468 0.067
5359 0.277
4223 0.080
4818 0.097
1846 0.715
8340 0.152
3243 0.850
4343 0.512
4439 0.062
1541 0.107
8312 0.600
6073 0.356
6341 0.538
3215 0.720
7178 0.679
7764 0.783
8820 0.418
6709 0.009
4499 0.788
9433 0.366
5437 0.616
2709 0.157
8072 0.652
4497 0.191
4528 0.306
8221 0.872
8746 0.255
715 0.900
7733 0.754
111 0.090
7251 0.058
9374 0.159
5798 0.475
4488 0.087
5494 0.990
3925 0.587
1775 0.940
1921 0.086
5433 0.652
5685 0.134
4036 0.850
1548 0.680
5961 0.935
1451 0.938
5149 0.801
8869 0.219
4484 0.561
567 0.019
1057 0.647
7447 0.466
1203 0.402
5746 0.542
8617 0.856
1234 0.175
4600 0.889
8807 0.005
8729 0.106
9749 0.369
6027 0.727
6368 0.655
9899 0.380
5621 0.428
7329 0.392
5807 0.595
9671 0.606
4971 0.212
1171 0.099
483 0.970
7523 0.813
1112 0.092
652 0.166
6168 0.521
1199 0.514
7812 0.442
6099 0.670
6926 0.159
7999 0.058
3099 0.902
6648 0.910
6324 0.541
3122 0.078
8686 0.092
2694 0.953
3059 0.627
6602 0.447
4739 0.663
9011 0.303
1200 0.329
5075 0.803
7880 0.905
2278 0.924
4163 0.155
1011 0.380
3512 0.077
394 0.256
5283 0.356
897 0.387
1299 0.594
3180 0.033
8153 0.704
8380 0.716
5867 0.230
7310 0.123
2672 0.839
1482 0.487
6233 0.713
3977 0.568
4487 0.438
9197 0.480
6128 0.239
9633 0.043
4294 0.997
3345 0.582
9137 0.498
6963 0.356
8399 0.232
8066 0.896
3498 0.589
3855 0.826
7101 0.272
6674 0.795
7279 0.050
3112 0.937
790 0.987
3394 0.353
5930 0.320
4131 0.353
4108 0.460
926 0.295
9338 0.960
8306 0.318
2616 0.862
4797 0.913
207 0.062
1446 0.090
4988 0.224
1328 0.728
6505 0.743
6458 0.074
3766 0.920
742 0.983
6989 0.438
3259 0.183
3868 0.736
6356 0.863
9571 0.860
8494 0.674
1525 0.034
5604 0.630
8677 0.505
9704 0.730
1718 0.513
793 0.211
329 0.833
3656 0.257
7538 0.675
354 0.693
7261 0.818
7986 0.623
5814 0.745
4732 0.764
9018 0.326
4370 0.928
8287 0.017
7761 0.133
8337 0.176
540 0.801
3466 0.405
6732 0.618
688 0.208
3684 0.140
1612 0.524
1346 0.821
9380 0.194
7758 0.602
6578 0.989
5722 0.417
6373 0.877
8613 0.414
9775 0.563
3881 0.603
4856 0.549
2119 0.640
8873 0.482
7838 0.030
7367 0.542
6527 0.707
3630 0.754
4870 0.601
1173 0.254
2034 0.012
6629 0.416
9678 0.764
1894 0.520
8413 0.540
4165 0.287
4051 0.679
7186 0.065
2028 0.507
2651 0.346
2292 0.813
4783 0.636
7770 0.614
2431 0.260
6838 0.349
5975 0.697
1333 0.066
5025 0.199
4879 0.068
1932 0.390
1372 0.749
7423 0.946
1718 0.969
5924 0.018
3628 0.602
2005 0.946
7568 0.508
4442 0.403
430 0.818
5406 0.040
893 0.924
4416 0.561
7178 0.352
1316 0.399
8630 0.298
7636 0.709
4897 0.998
849 0.026
3084 0.985
5674 0.343
1896 0.793
160 0.176
2387 0.720
6355 0.744
7543 0.598
1167 0.674
157 0.539
3416 0.508
5541 0.332
5975 0.030
2577 0.657
9696 0.755
7615 0.546
4248 0.731
2340 0.847
4538 0.805
4912 0.807
4436 0.045
4279 0.029
7992 0.491
226 0.179
400 0.809
1682 0.768
6847 0.420
6384 0.419
1020 0.494
5151 0.912
9516 0.096
6987 0.866
8883 0.843
689 0.328
8776 0.474
9343 0.378
8451 0.172
9784 0.228
4709 0.335
8032 0.560
7484 0.393
9062 0.058
1455 0.118
242 0.386
2817 0.014
9679 0.770
9031 0.213
6325 0.906
9699 0.979
8938 0.311
6311 0.988
6833 0.412
2943 0.306
9353 0.045
551 0.173
2103 0.491
4001 0.341
3142 0.654
7213 0.971
6747 0.562
7275 0.601
9072 0.547
1752 0.513
6201 0.095
3038 0.996
1356 0.137
9486 0.874
1647 0.034
3807 0.599
4415 0.394
8492 0.231
7277 0.820
5963 0.578
8126 0.603
3186 0.195
7431 0.248
834 0.047
7014 0.956
4837 0.039
679 0.092
193 0.658
5259 0.410
5055 0.672
6702 0.647
572 0.921
7932 0.734
7006 0.844
2272 0.013
9911 0.544
2090 0.555
2727 0.007
9541 0.009
5070 0.442
3104 0.699
6703 0.430
8116 0.249
2873 0.252
4862 0.362
9640 0.755
7548 0.579
7504 0.546
1504 0.624
328 0.362
9520 0.600
8061 0.308
7203 0.421
7214 0.645
3224 0.402
9783 0.703
1898 0.771
1078 0.691
1602 0.538
8638 0.494
2606 0.842
9367 0.376
2300 0.783
5776 0.638
5601 0.291
8947 0.161
3628 0.030
1895 0.189
1987 0.414
7762 0.020
8990 0.588
3141 0.294
4848 0.120
6976 0.416
1101 0.261
8333 0.095
3273 0.163
5037 0.799
1296 0.427
6387 0.896
3688 0.563
1646 0.254
1529 0.667
4729 0.638
7780 0.591
1833 0.139
7514 0.067
6090 0.842
9331 0.181
2569 0.706
1034 0.910
5410 0.233
2669 0.572
2343 0.129
2474 0.117
2127 0.862
4877 0.000
3752 0.996
5459 0.207
7148 0.746
1301 0.688
5169 0.799
9039 0.849
4739 0.902
4785 0.076
4562 0.133
2185 0.858
448 0.109
8051 0.099
8790 0.744
32 0.785
133 0.876
8926 0.346
3807 0.780
4557 0.455
5158 0.206
593 0.879
7471 0.512
2264 0.682
1540 0.673
9866 0.934
6036 0.448
9568 0.337
4346 0.200
8542 0.201
3141 0.593
7664 0.080
6268 0.834
2959 0.701
2630 0.513
5055 0.100
9675 0.782
9875 0.176
1221 0.308
1505 0.693
6013 0.740
9198 0.631
8092 0.909
5445 0.831
9645 0.375
7723 0.567
4706 0.946
3945 0.160
7661 0.392
5019 0.168
3551 0.365
1014 0.218
8292 0.134
6559 0.164
2841 0.728
2000 0.137
4547 0.019
7195 0.510
7002 0.401
4233 0.485
7350 0.761
6654 0.904
3468 0.544
5223 0.669
4985 0.650
4828 0.835
2671 0.761
5296 0.313
7391 0.978
695 0.750
6130 0.257
4040 0.432
6599 0.023
879 0.972
9339 0.210
5512 0.025
9872 0.872
8088 0.362
3328 0.138
7938 0.478
8294 0.331
3150 0.643
9850 0.437
139 0.535
8986 0.246
7168 0.512
7585 0.085
1683 0.031
2333 0.749
5009 0.469
9543 0.308
6256 0.151
3653 0.099
1140 0.709
9604 0.060
1987 0.076
4197 0.896
5137 0.539
7013 0.655
5514 0.433
5261 0.230
2248 0.779
1911 0.689
7279 0.579
3449 0.727
7604 0.577
3172 0.363
2691 0.879
1166 0.583
5462 0.364
8944 0.251
4598 0.658
8826 0.327
3432 0.480
3259 0.953
8613 0.053
4948 0.129
7814 0.437
7209 0.847
5302 0.378
3556 0.534
6538 0.864
6918 0.238
4061 0.174
2754 0.546
634 0.748
1936 0.091
1494 0.009
9632 0.925
9734 0.262
1819 0.991
5875 0.846
6229 0.957
9702 0.679
6213 0.882
9886 0.246
632 0.516
64 0.052
1481 0.775
7051 0.459
5370 0.891
9132 0.746
8475 0.510
348 0.912
1569 0.036
8963 0.546
4590 0.385
1154 0.559
952 0.475
2270 0.492
2164 0.685
2582 0.351
9479 0.887
3615 0.556
2397 0.182
1474 0.999
8111 0.778
9023 0.080
5244 0.160
6163 0.632
4536 0.756
6274 0.309
5371 0.915
196 0.015
4662 0.107
312 0.251
1986 0.372
3079 0.723
1425 0.807
2020 0.532
1446 0.877
8880 0.506
1288 0.029
3101 0.329
7065 0.168
2202 0.117
898 0.561
543 0.911
9692 0.840
7160 0.687
8960 0.429
9533 0.333
7261 0.637
2853 0.559
5433 0.582
9263 0.982
8447 0.473
9863 0.959
6476 0.093
9590 0.134
8723 0.457
3991 0.618
773 0.937
9078 0.842
8489 0.838
8430 0.652
3430 0.720
5649 0.351
9081 0.008
3815 0.344
7394 0.504
8212 0.614
7837 0.943
9259 0.873
6004 0.361
3889 0.917
1860 0.042
7180 0.476
9638 0.831
7595 0.891
2090 0.399
2382 0.925
5324 0.414
25 0.042
6790 0.612
1513 0.811
765 0.359
1449 0.082
1612 0.541
6362 0.025
1598 0.603
9175 0.801
5854 0.676
8160 0.449
4882 0.419
8000 0.273
9351 0.300
934 0.747
8819 0.654
6941 0.089
9084 0.860
7773 0.066
306 0.497
1311 0.046
2206 0.340
7194 0.964
1039 0.022
4384 0.261
8502 0.348
5789 0.088
5630 0.770
4924 0.764
8514 0.523
6403 0.757
5227 0.318
9813 0.591
3441 0.313
6224 0.632
3911 0.736
9634 0.854
6029 0.009
7822 0.382
6161 0.353
3155 0.612
6521 0.121
7709 0.165
7655 0.419
5597 0.087
3383 0.787
3808 0.161
4035 0.476
3816 0.438
4277 0.835
5945 0.693
3251 0.337
8491 0.808
1896 0.580
848 0.783
3477 0.899
1893 0.185
9000 0.874
336 0.770
7240 0.387
5913 0.543
9382 0.309
70 0.445
7932 0.385
5710 0.570
3748 0.410
2490 0.751
6236 0.347
911 0.051
4018 0.357
1875 0.462
7131 0.501
6182 0.979
7567 0.756
326 0.985
9092 0.003
9489 0.150
1522 0.459
9595 0.725
6695 0.538
7636 0.787
1544 0.522
6348 0.079
1176 0.885
2356 0.247
5000 0.631
7870 0.869
5214 0.770
9699 0.843
5590 0.395
6559 0.807
4757 0.536
7894 0.425
1391 0.001
7963 0.802
3458 0.022
76 0.315
4132 0.826
8957 0.780
7583 0.019
3429 0.731
6924 0.825
1819 0.184
7161 0.531
8027 0.166
3643 0.173
6495 0.562
168 0.091
6563 0.954
875 0.737
2203 0.720
6301 0.489
804 0.809
6817 0.688
1779 0.527
1724 0.349
6615 0.328
8901 0.697
1348 0.113
5281 0.252
8881 0.808
6621 0.929
7830 0.379
2868 0.659
1653 0.925
5304 0.669
4344 0.478
9027 0.379
8479 0.386
2270 0.691
958 0.023
612 0.614
3685 0.258
629 0.493
5464 0.688
1754 0.800
9870 0.001
5895 0.571
9645 0.957
4825 0.938
481 0.173
2800 0.602
9835 0.674
2237 0.814
7478 0.744
3561 0.116
1746 0.227
7976 0.353
6911 0.395
4718 0.353
7481 0.774
4028 0.645
5366 0.457
2905 0.049
1867 0.677
7861 0.260
4287 0.655
4052 0.239
7529 0.338
2683 0.897
1816 0.130
8051 0.088
1512 0.658
2504 0.322
1967 0.693
1526 0.765
6655 0.439
1628 0.029
7319 0.290
4791 0.190
8898 0.911
7426 0.471
1378 0.016
5712 0.977
6129 0.594
2077 0.075
1886 0.323
4747 0.463
5284 0.724
5054 0.069
311 0.559
1172 0.996
9123 0.154
31 0.760
3264 0.561
1077 0.413
5612 0.608
6442 0.829
5347 0.345
6486 0.482
2926 0.655
2480 0.604
8577 0.464
2470 0.239
3474 0.313
4967 0.654
3151 0.083
6024 0.454
2831 0.276
9306 0.375
6446 0.346
4791 0.752
2847 0.163
6287 0.121
3332 0.478
2506 0.303
3864 0.624
9341 0.380
9180 0.408
2569 0.827
4904 0.802
4181 0.761
3105 0.831
8406 0.577
485 0.168
9156 0.768
2157 0.587
4862 0.497
1924 0.713
1701 0.161
6789 0.493
1778 0.402
3199 0.370
8288 0.328
8836 0.257
8682 0.952
2005 0.757
5593 0.504
2250 0.176
7264 0.202
4898 0.065
9561 0.165
3538 0.729
9523 0.309
6967 0.894
6711 0.832
559 0.867
9137 0.613
2703 0.418
4122 0.486
4313 0.934
2827 0.533
8944 0.271
5976 0.316
1205 0.540
2457 0.844
9019 0.070
4390 0.913
2196 0.040
4641 0.361
1089 0.421
4615 0.726
6853 0.043
8489 0.388
5675 0.946
3562 0.515
541 0.155
2030 0.117
2276 0.853
8592 0.997
6234 0.799
414 0.971
9235 0.840
8995 0.230
7044 0.703
148 0.420
508 0.308
2593 0.705
1815 0.060
1303 0.140
1823 0.029
3662 0.443
6125 0.664
6760 0.686
2467 0.541
6380 0.024
2071 0.699
1010 0.140
8748 0.682
175 0.317
188 0.569
7689 0.546
6822 0.238
3124 0.480
6284 0.647
8093 0.044
9007 0.559
2033 0.040
7491 0.557
4464 0.208
6839 0.614
5877 0.927
1737 0.258
5872 0.167
4222 0.473
2523 0.983
500 0.507
2626 0.144
2213 0.200
1489 0.689
6734 0.365
5486 0.233
5825 0.733
4402 0.023
1573 0.172
7119 0.763
7402 0.562
826 0.264
6553 0.584
7301 0.345
2950 0.772
7491 0.088
2852 0.383
3275 0.685
534 0.016
4840 0.589
8843 0.245
5908 0.072
3416 0.326
1109 0.718
311 0.598
4036 0.841
2227 0.318
5361 0.875
8479 0.682
1790 0.570
3851 0.982
4248 0.974
2415 0.483
7712 0.129
1108 0.623
9059 0.507
9589 0.446
2198 0.356
1679 0.377
4418 0.195
5165 0.438
4533 0.100
2108 0.984
6485 0.687
8466 0.235
8176 0.813
7257 0.161
5184 0.833
5934 0.402
4920 0.587
396 0.726
3873 0.464
5927 0.403
3977 0.016
5766 0.123
2465 0.366
4515 0.297
3019 0.256
3166 0.582
1290 0.787
2591 0.069
1862 0.033
6721 0.449
7540 0.776
9878 0.049
6849 0.143
1089 0.490
8591 0.065
8425 0.958
8031 0.573
9871 0.991
4709 0.671
2891 0.891
7687 0.588
1796 0.950
1887 0.995
2820 0.296
18 0.382
5289 0.558
8919 0.744
8673 0.283
1551 0.239
4317 0.636
3300 0.379
4865 0.719
348 0.505
2823 0.706
3872 0.143
8578 0.044
957 0.883
4651 0.308
807 0.552
3968 0.373
4516 0.312
670 0.726
3108 0.748
412 0.316
7673 0.173
2528 0.620
9898 0.327
8271 0.632
5797 0.553
4986 0.149
4445 0.205
3973 0.260
1380 0.549
6867 0.532
2755 0.732
6929 0.761
7062 0.871
5891 0.619
2492 0.110
3171 0.619
2884 0.686
8857 0.074
8236 0.642
60 0.759
2096 0.791
5532 0.519
8129 0.133
558 0.295
7382 0.800
6432 0.480
6596 0.863
1292 0.975
1412 0.238
6795 0.205
9028 0.429
40 0.336
3622 0.391
1881 0.697
7852 0.993
1294 0.378
7844 0.491
1288 0.124
4718 0.889
1873 0.793
2849 0.950
5759 0.311
6786 0.326
6285 0.718
511 0.244
625 0.692
1252 0.995
2061 0.122
2558 0.204
531 0.935
4156 0.659
9294 0.431
7505 0.672
2108 0.632
8916 0.367
6525 0.600
7085 0.267
1492 0.907
817 0.146
2633 0.930
6021 0.338
7956 0.770
5402 0.846
6912 0.094
7370 0.527
5507 0.247
755 0.586
3469 0.359
145 0.085
6966 0.785
1033 0.239
5330 0.176
3190 0.045
6394 0.533
8368 0.826
8647 0.397
861 0.659
1242 0.615
4884 0.864
8129 0.516
3317 0.389
2950 0.836
7565 0.777
1664 0.710
7806 0.614
6505 0.014
5863 0.317
9787 0.277
9022 0.308
6555 0.085
6803 0.924
4864 0.744
7481 0.666
799 0.919
8642 0.657
4184 0.608
494 0.649
329 0.939
8732 0.774
6190 0.166
4937 0.232
1618 0.032
114 0.302
6209 0.747
8568 0.468
2748 0.927
7853 0.013
849 0.072
5 0.598
5592 0.395
6237 0.485
6317 0.884
9336 0.472
8796 0.291
5878 0.204
5006 0.869
9055 0.129
8910 0.050
603 0.970
5723 0.551
1440 0.708
8050 0.635
7688 0.263
4544 0.303
3737 0.785
8561 0.025
7695 0.901
886 0.804
39 0.017
1421 0.892
25 0.492
2472 0.789
6842 0.419
4258 0.785
1053 0.882
827 0.973
8473 0.213
3613 0.656
3161 0.584
2082 0.162
6295 0.293
8709 0.458
7155 0.467
286 0.011
626 0.174
6601 0.694
5274 0.962
180 0.186
3895 0.440
3797 0.553
6060 0.446
5557 0.341
2819 0.340
4999 0.926
3333 0.299
3166 0.021
1667 0.653
4226 0.609
8465 0.832
4211 0.037
6271 0.247
4596 0.573
5453 0.077
6596 0.213
1121 0.886
6134 0.517
6209 0.116
9305 0.732
7871 0.124
5731 0.704
7002 0.809
8090 0.204
1124 0.564
4238 0.251
9670 0.757
527 0.938
4391 0.835
4998 0.545
7477 0.875
3824 0.936
6188 0.630
279 0.414
4183 0.578
3517 0.441
231 0.642
4464 0.479
2692 0.760
9173 0.947
1169 0.148
3198 0.083
5986 0.208
8184 0.184
6657 0.525
1886 0.241
2231 0.800
7359 0.042
3438 0.938
1132 0.439
1878 0.936
4428 0.968
4640 0.013
6551 0.439
6882 0.514
9092 0.233
8837 0.570
1812 0.628
5651 0.888
8735 0.097
8183 0.215
8117 0.554
6687 0.108
8859 0.746
5467 0.726
4618 0.750
1966 0.153
8238 0.233
3614 0.615
9687 0.399
165 0.464
43 0.383
7702 0.079
6718 0.326
4121 0.348
5112 0.711
9542 0.224
2998 0.511
2830 0.746
2282 0.613
974 0.715
380 0.211
9671 0.795
4167 0.632
6413 0.696
8126 0.043
983 0.925
3622 0.883
5464 0.113
4318 0.957
4246 0.549
9888 0.795
7786 0.762
3419 0.273
1376 0.478
1691 0.874
8669 0.041
2871 0.811
9407 0.510
7998 0.085
4867 0.671
2142 0.153
7617 0.252
8511 0.918
2111 0.689
6690 0.605
5980 0.776
2644 0.654
9683 0.179
4276 0.942
7117 0.356
9427 0.414
9416 0.380
8466 0.456
9745 0.103
1867 0.362
6425 0.088
6167 0.725
9907 0.189
357 0.309
1047 0.691
5681 0.560
4070 0.229
492 0.620
8327 0.318
3202 0.289
4977 0.760
7900 0.427
7445 0.007
9393 0.204
3876 0.619
4067 0.752
9882 0.279
9312 0.873
166 0.799
6209 0.880
7335 0.080
9789 0.864
7316 0.689
9476 0.582
8793 0.124
7171 0.068
5719 0.726
1702 0.250
8002 0.731
8159 0.437
9195 0.898
3795 0.532
9153 0.218
529 0.331
7803 0.455
9158 0.592
3755 0.758
918 0.113
8403 0.258
2419 0.277
5548 0.598
8183 0.816
5857 0.111
5327 0.955
839 0.131
7585 0.141
8756 0.979
70 0.041
2046 0.020
856 0.164
6156 0.213
3647 0.686
2533 0.549
4226 0.489
7612 0.034
7520 0.587
7404 0.029
131 0.720
3832 0.322
9518 0.388
5077 0.310
9297 0.467
2208 0.525
2936 0.113
500 0.552
375 0.632
9823 0.087
3609 0.117
7890 0.323
8211 0.421
3085 0.180
3987 0.767
682 0.070
3232 0.667
3848 0.807
7503 0.675
8796 0.726
3008 0.941
5297 0.339
909 0.460
608 0.118
7784 0.533
1664 0.733
6360 0.442
7769 0.040
5086 0.860
9586 0.364
329 0.169
2257 0.590
6570 0.688
5648 0.834
3260 0.518
4930 0.749
9361 0.222
625 0.507
7278 0.055
1891 0.693
7413 0.168
1408 0.402
4807 0.171
8989 0.835
2781 0.330
5140 0.683
415 0.150
3472 0.894
1107 0.969
1379 0.949
9741 0.967
7502 0.384
9526 0.449
2786 0.726
3986 0.244
3924 0.592
1890 0.133
7702 0.133
6186 0.704
1308 0.354
6570 0.166
4812 0.155
3916 0.271
7929 0.853
3506 0.776
5496 0.174
1640 0.389
8011 0.049
1661 0.773
7774 0.241
635 0.509
5792 0.232
6382 0.488
6852 0.576
6728 0.850
6762 0.526
9260 0.692
9145 0.213
5247 0.334
8332 0.971
3303 0.872
2513 0.501
8987 0.890
6598 0.307
8798 0.001
7764 0.475
1095 0.247
5975 0.852
5434 0.734
6955 0.388
3591 0.845
2315 0.043
9701 0.814
2573 0.073
1194 0.187
4364 0.706
3911 0.884
1885 0.148
6792 0.452
107 0.686
9698 0.132
1960 0.060
9513 0.872
5061 0.806
8505 0.568
2651 0.977
4788 0.844
8061 0.658
5031 0.636
1222 0.213
7796 0.261
5211 0.310
2542 0.125
7499 0.123
2299 0.405
824 0.825
5372 0.412
4686 0.256
8347 0.302
69 0.980
7914 0.068
9306 0.941
3884 0.836
3998 0.499
4320 0.107
7484 0.941
2252 0.357
1787 0.179
9056 0.866
2033 0.567
6364 0.173
8643 0.491
7983 0.078
5058 0.396
8296 0.837
7628 0.955
4564 0.673
4539 0.580
6326 0.658
3096 0.751
691 0.808
693 0.479
4123 0.888
8844 0.825
3502 0.551
1572 0.805
288 0.541
6480 0.080
6245 0.864
4898 0.785
1349 0.695
3962 0.531
6717 0.117
6484 0.851
5356 0.743
6188 0.690
9434 0.653
6611 0.050
8926 0.810
77 0.621
4853 0.012
8693 0.689
279 0.846
3535 0.021
147 0.150
5238 0.215
7161 0.516
8706 0.731
4065 0.426
3343 0.995
2528 0.276
6488 0.652
3032 0.497
7679 0.557
3336 0.306
3236 0.743
5621 0.399
1325 0.196
9574 0.988
4371 0.087
5116 0.854
6657 0.729
8344 0.974
9158 0.506
8922 0.714
2884 0.955
1297 0.254
224 0.551
8722 0.696
8280 0.819
6032 0.840
3118 0.383
6334 0.842
1347 0.507
2236 0.793
1601 0.990
1441 0.056
8635 0.825
6423 0.904
6880 0.757
6555 0.048
5551 0.487
3853 0.787
3447 0.021
5723 0.071
3861 0.353
6850 0.373
56 0.681
439 0.933
9779 0.668
4304 0.281
3176 0.138
6850 0.637
9712 0.325
9094 0.443
6205 0.680
2197 0.509
2595 0.189
6051 0.001
6736 0.215
5224 0.969
2257 0.564
7541 0.078
7420 0.799
9740 0.428
8602 0.781
6715 0.207
3912 0.919
4955 0.832
8371 0.200
8153 0.455
1307 0.780
1436 0.716
5382 0.764
1500 0.625
7909 0.536
6443 0.292
8336 0.997
2482 0.552
9627 0.638
1701 0.834
7761 0.920
3941 0.247
5133 0.553
9296 0.665
2472 0.849
665 0.355
5947 0.720
7820 0.512
6452 0.086
6290 0.632
6944 0.526
2845 0.131
5325 0.493
90 0.403
5798 0.633
2737 0.067
2594 0.133
2754 0.414
1303 0.147
4870 0.816
7668 0.572
8119 0.235
8633 0.037
4211 0.037
6328 0.104
903 0.803
1248 0.752
1880 0.068
1720 0.043
510 0.105
6604 0.862
234 0.672
5668 0.388
7910 0.675
7157 0.700
5233 0.015
9179 0.934
9497 0.538
1512 0.209
263 0.061
2463 0.789
2961 0.502
1939 0.953
9578 0.008
5456 0.755
9120 0.282
7656 0.669
8706 0.310
3345 0.895
2241 0.290
438 0.660
952 0.494
9873 0.308
5333 0.087
3879 0.098
8567 0.920
5178 0.750
5998 0.121
7325 0.541
3550 0.582
3929 0.652
3958 0.348
7507 0.100
4004 0.199
2465 0.852
3497 0.978
5211 0.979
4184 0.599
7602 0.465
5211 0.779
7974 0.021
9874 0.826
5734 0.067
2091 0.348
6491 0.898
3107 0.195
5960 0.385
1135 0.793
465 0.069
1362 0.361
1075 0.377
1061 0.680
2370 0.961
7441 0.969
8559 0.134
4526 0.330
1931 0.115
1967 0.477
3298 0.010
903 0.484
6129 0.400
1328 0.446
237 0.520
491 0.964
1476 0.323
1491 0.636
9525 0.386
9765 0.384
4810 0.554
2531 0.950
2015 0.289
7624 0.404
4637 0.860
2009 0.775
3173 0.845
6412 0.878
1913 0.057
8763 0.856
1850 0.805
9457 0.145
4607 0.023
6616 0.275
4834 0.572
6572 0.182
7210 0.102
8101 0.699
1548 0.736
4042 0.432
9535 0.858
4364 0.575
4086 0.187
8448 0.202
508 0.446
5732 0.958
2198 0.641
635 0.232
9511 0.386
6516 0.732
8191 0.533
1156 0.270
1050 0.320
894 0.916
4182 0.675
9256 0.474
7392 0.750
1039 0.078
4025 0.674
8388 0.704
9464 0.290
5200 0.218
169 0.345
6352 0.765
1756 0.685
851 0.946
9019 0.306
8480 0.171
6502 0.183
8210 0.912
4107 0.098
2857 0.775
5038 0.235
7623 0.526
2582 0.186
3505 0.778
9044 0.046
7004 0.172
8204 0.638
9641 0.007
6873 0.430
4128 0.758
9228 0.451
1648 0.713
7095 0.175
2578 0.429
2354 0.154
9177 0.591
6782 0.839
9695 0.217
6107 0.193
4400 0.711
37 0.605
8196 0.585
3995 0.853
3611 0.261
729 0.956
5723 0.717
5351 0.579
5193 0.028
3109 0.706
3553 0.858
4718 0.929
153 0.893
14 0.571
4893 0.884
547 0.872
6582 0.271
818 0.498
1861 0.246
9742 0.875
9021 0.720
6844 0.246
9310 0.487
7454 0.055
3601 0.270
6480 0.789
1949 0.156
3314 0.436
254 0.638
847 0.813
5457 0.303
2360 0.399
3473 0.743
5026 0.820
52 0.493
9147 0.862
7324 0.131
2998 0.282
7101 0.682
7272 0.706
9496 0.568
2501 0.811
9710 0.807
6095 0.329
3658 0.924
7994 0.351
2072 0.005
1244 0.890
958 0.394
8530 0.016
2502 0.209
8744 0.382
6652 0.429
5380 0.832
4686 0.628
2345 0.591
2779 0.516
3603 0.820
3443 0.055
4324 0.953
1861 0.278
2653 0.468
2465 0.740
969 0.978
7287 0.080
5408 0.344
5102 0.511
6862 0.364
9072 0.492
3468 0.515
6605 0.762
1966 0.112
8588 0.202
9147 0.577
1316 0.477
8278 0.734
1980 0.043
8484 0.653
4383 0.701
2029 0.065
8891 0.796
16 0.961
5554 0.303
5286 0.363
2360 0.194
6553 0.918
5162 0.351
2050 0.815
4412 0.157
1443 0.346
6112 0.916
3048 0.150
2812 0.661
1855 0.739
6496 0.490
8412 0.077
7348 0.806
5616 0.929
3066 0.428
6805 0.962
5195 0.647
3982 0.687
1206 0.376
8973 0.731
4063 0.121
2030 0.938
4706 0.052
8361 0.822
2939 0.575
7190 0.697
3578 0.021
3128 0.049
9276 0.618
2252 0.065
7006 0.974
1124 0.189
641 0.785
7776 0.219
8239 0.502
5966 0.018
5506 0.817
7676 0.548
1859 0.215
8512 0.005
7329 0.345
8123 0.694
4219 0.967
1053 0.822
201 0.905
7234 0.413
9912 0.308
2362 0.271
5958 0.798
1888 0.975
126 0.504
5724 0.210
4120 0.309
1879 0.989
6731 0.791
8131 0.067
3846 0.355
6156 0.263
247 0.102
31 0.795
4176 0.007
6132 0.626
4600 0.356
9873 0.034
7364 0.925
3189 0.299
4642 0.028
7782 0.117
4132 0.437
2809 0.452
4193 0.984
5246 0.858
2588 0.903
1859 0.152
3681 0.248
8356 0.326
3889 0.330
3717 0.972
4709 0.977
4619 0.920
6198 0.521
5319 0.063
5173 0.087
9392 0.934
5200 0.881
2314 0.387
1506 0.430
5316 0.264
6949 0.074
9021 0.733
7902 0.517
8042 0.119
3896 0.350
7064 0.164
2816 0.618
6482 0.445
6759 0.488
8404 0.928
5867 0.515
3331 0.294
5246 0.936
2017 0.580
3692 0.785
1246 0.593
9736 0.869
7808 0.920
5645 0.037
1956 0.059
1126 0.393
1938 0.058
8972 0.933
1921 0.177
9061 0.872
1738 0.864
4984 0.356
1506 0.140
1434 0.512
6656 0.884
9391 0.747
1238 0.048
5544 0.543
8274 0.404
8413 0.677
5361 0.398
5288 0.837
1175 0.970
8263 0.229
788 0.160
6874 0.521
9866 0.334
4033 0.666
4388 0.586
8613 0.280
2146 0.808
3551 0.182
9270 0.588
7789 0.497
8743 0.804
7306 0.988
6291 0.471
5796 0.315
643 0.592
9836 0.228
9462 0.417
4813 0.683
2751 0.799
9564 0.633
7963 0.175
945 0.082
4472 0.717
8616 0.049
9796 0.777
1178 0.664
1981 0.364
3799 0.840
7527 0.490
6188 0.700
67 0.536
4111 0.974
25 0.979
6760 0.793
8038 0.549
7897 0.144
5347 0.782
6153 0.164
4685 0.392
4259 0.592
3233 0.199
5200 0.912
2883 0.232
6171 0.400
9468 0.330
6376 0.468
1739 0.670
4470 0.442
1937 0.617
1538 0.160
2255 0.593
3692 0.717
5692 0.544
7419 0.319
2506 0.552
2546 0.082
2143 0.176
172 0.659
3192 0.026
7547 0.467
5859 0.480
2742 0.849
5472 0.818
1225 0.931
2477 0.290
7286 0.002
4834 0.993
4539 0.094
4452 0.079
8253 0.299
6649 0.038
4682 0.045
4967 0.525
8088 0.078
8494 0.833
2058 0.242
4181 0.810
3858 0.683
2874 0.359
7527 0.906
6476 0.748
3341 0.506
366 0.577
7416 0.083
3503 0.274
8184 0.106
1008 0.003
5261 0.024
4177 0.587
6706 0.321
3390 0.337
7411 0.266
3302 0.196
8599 0.030
7379 0.749
2972 0.086
2042 0.575
3880 0.021
976 0.661
6085 0.860
325 0.668
9494 0.718
5779 0.789
6445 0.917
2059 0.099
5153 0.741
8226 0.486
9040 0.300
8364 0.421
7441 0.363
2656 0.669
7850 0.233
7010 0.547
7265 0.362
4195 0.004
2242 0.979
9195 0.915
1728 0.639
4585 0.330
1632 0.729
4418 0.122
5742 0.004
8096 0.082
9785 0.451
8200 0.493
7204 0.654
9534 0.296
9546 0.649
6039 0.040
3384 0.150
4496 0.841
8857 0.047
7573 0.246
4826 0.608
4355 0.380
9052 0.832
2615 0.407
1797 0.383
6938 0.202
9486 0.146
2811 0.413
3217 0.504
5088 0.256
9403 0.461
6081 0.729
4581 0.234
5915 0.709
3373 0.556
3643 0.411
7449 0.229
4622 0.595
8570 0.099
827 0.532
5982 0.926
1314 0.029
9795 0.253
8390 0.588
2311 0.935
3829 0.314
8840 0.972
787 0.395
287 0.360
4898 0.392
1713 0.333
4970 0.999
957 0.774
8447 0.384
9342 0.978
2903 0.782
203 0.871
2713 0.391
255 0.808
6514 0.513
5319 0.092
4043 0.321
8773 0.417
6737 0.627
1297 0.662
2306 0.905
7385 0.462
5996 0.883
2338 0.590
2226 0.694
1549 0.803
8017 0.695
6647 0.144
6023 0.191
3403 0.025
1534 0.008
4424 0.796
1347 0.361
1518 0.832
1760 0.560
8524 0.406
2744 0.969
8220 0.345
7354 0.315
6704 0.860
3139 0.259
7027 0.610
6123 0.395
7401 0.465
9253 0.975
1763 0.026
1645 0.386
487 0.779
1790 0.184
6097 0.521
552 0.662
7684 0.598
818 0.508
1765 0.607
3492 0.096
5424 0.837
9567 0.454
5126 0.510
8100 0.658
7709 0.190
3587 0.905
1052 0.232
6608 0.127
3350 0.138
4879 0.303
3447 0.642
3805 0.903
365 0.180
6413 0.145
3887 0.637
4003 0.725
8535 0.984
1378 0.408
1625 0.500
4252 0.643
3369 0.142
1841 0.811
1284 0.157
5355 0.020
869 0.520
5652 0.630
9055 0.396
4255 0.636
7453 0.672
1605 0.694
3159 0.650
5680 0.094
4266 0.770
9514 0.064
5714 0.136
5023 0.781
4375 0.617
3190 0.229
211 0.215
3537 0.722
1185 0.365
9244 0.390
7908 0.591
5600 0.063
4378 0.719
3982 0.483
657 0.641
970 0.740
7550 0.071
5314 0.368
5736 0.250
4489 0.034
8848 0.308
1233 0.969
5565 0.750
1401 0.570
8370 0.091
3825 0.104
7823 0.271
3751 0.726
237 0.037
4373 0.185
7289 0.276
1355 0.336
8794 0.252
3153 0.889
5532 0.107
4678 0.574
1609 0.511
5409 0.661
1527 0.987
2266 0.047
1539 0.749
1934 0.917
2683 0.367
9461 0.389
5864 0.148
7010 0.164
9687 0.801
1264 0.165
3246 0.252
6683 0.009
4314 0.131
5079 0.573
5948 0.920
4834 0.303
9051 0.668
8621 0.438
3014 0.502
7136 0.372
6003 0.898
5021 0.324
2401 0.235
5595 0.061
5450 0.662
2160 0.104
526 0.388
8443 0.992
9471 0.114
5218 0.902
8477 0.929
920 0.405
5811 0.224
8475 0.712
949 0.809
5300 0.142
8155 0.857
4678 0.805
8595 0.649
2805 0.721
644 0.788
4887 0.446
4627 0.327
7679 0.885
1559 0.847
5981 0.610
3032 0.247
9892 0.062
7579 0.856
9387 0.473
3989 0.346
5635 0.626
8621 0.044
5736 0.450
3409 0.427
9452 0.536
678 0.388
5093 0.338
2658 0.353
8054 0.877
999 0.182
3857 0.417
1929 0.958
5167 0.125
5180 0.937
7170 0.392
9001 0.579
1493 0.761
7834 0.884
1704 0.250
3549 0.860
3929 0.274
3180 0.996
9783 0.682
9265 0.592
2965 0.271
876 0.161
6640 0.313
1986 0.472
3278 0.336
3702 0.887
7488 0.859
9342 0.906
6550 0.785
3433 0.256
3509 0.899
330 0.872
7702 0.030
7917 0.991
3868 0.824
8611 0.763
391 0.228
864 0.089
157 0.872
6420 0.385
4035 0.006
2914 0.418
1678 0.382
837 0.206
9810 0.000
5585 0.974
9871 0.064
3986 0.461
555 0.831
5302 0.248
7153 0.895
9119 0.651
1798 0.982
8110 0.698
3242 0.992
9521 0.514
5289 0.940
1834 0.040
4597 0.030
2185 0.360
2364 0.740
5351 0.394
771 0.031
3626 0.304
1377 0.353
3341 0.619
3235 0.799
3350 0.205
2157 0.607
8182 0.261
5353 0.708
7470 0.524
5225 0.604
8393 0.270
2166 0.364
7088 0.429
8166 0.588
6836 0.001
8997 0.636
3289 0.318
329 0.253
5163 0.469
4794 0.790
9909 0.628
5359 0.256
4306 0.885
4100 0.222
5196 0.696
1281 0.306
3251 0.246
2074 0.067
3013 0.338
1789 0.613
4454 0.346
3766 0.254
2499 0.997
4769 0.841
1293 0.807
439 0.908
4037 0.930
9202 0.299
6681 0.004
6681 0.843
8669 0.485
5767 0.448
1922 0.253
5295 0.002
4910 0.673
2383 0.365
8265 0.583
3669 0.341
9519 0.919
7772 0.949
8270 0.472
9167 0.279
4510 0.132
2503 0.501
294 0.295
1992 0.466
5685 0.130
8290 0.412
7026 0.595
6772 0.459
1529 0.680
2496 0.822
1283 0.349
7832 0.479
4256 0.944
6153 0.813
3623 0.968
8457 0.947
1445 0.542
5778 0.568
7668 0.659
4004 0.859
3835 0.381
2262 0.178
7891 0.559
4867 0.603
6041 0.118
6418 0.590
66 0.635
1066 0.436
654 0.827
264 0.864
4981 0.196
8597 0.064
4685 0.506
7077 0.850
6317 0.232
9687 0.844
9037 0.501
9771 0.612
273 0.214
170 0.272
2920 0.994
1250 0.893
4254 0.631
779 0.315
3503 0.946
9212 0.384
8267 0.990
1675 0.070
1380 0.224
3711 0.449
4268 0.054
6042 0.146
364 0.267
1992 0.543
1727 0.083
3160 0.765
4360 0.289
5747 0.956
2310 0.374
8013 0.029
4718 0.611
5615 0.299
784 0.688
9423 0.009
2927 0.142
7565 0.926
8159 0.391
645 0.279
5697 0.642
4899 0.817
2186 0.578
3598 0.846
1774 0.541
6010 0.013
8751 0.135
9567 0.658
5608 0.777
1530 0.006
5658 0.342
7922 0.037
4101 0.502
1421 0.892
2990 0.103
2056 0.382
7079 0.882
6031 0.663
2803 0.939
225 0.064
5643 0.107
4683 0.976
5571 0.740
60 0.418
4630 0.373
5737 0.591
7777 0.511
4445 0.383
8237 0.713
264 0.310
5797 0.409
5533 0.334
8692 0.805
4770 0.726
4579 0.000
2287 0.968
9756 0.946
3540 0.093
650 0.971
1645 0.678
3686 0.383
4017 0.248
747 0.778
4718 0.143
8914 0.574
7776 0.038
8732 0.610
731 0.022
398 0.435
1294 0.230
7225 0.028
7134 0.141
620 0.978
245 0.172
3747 0.331
4931 0.946
1379 0.279
9889 0.943
650 0.581
2425 0.831
242 0.875
6417 0.436
3571 0.373
1993 0.816
7955 0.216
216 0.697
5067 0.190
5791 0.239
2040 0.910
4015 0.542
548 0.834
5140 0.445
154 0.353
7362 0.122
4318 0.561
3157 0.429
2444 0.711
1762 0.072
1612 0.682
9896 0.264
7674 0.637
1837 0.237
2786 0.151
1252 0.786
6365 0.886
8580 0.228
6894 0.480
4852 0.874
980 0.214
4916 0.830
3221 0.336
6397 0.945
6924 0.524
8059 0.638
561 0.850
5472 0.342
1314 0.950
7072 0.803
8196 0.676
8434 0.995
6126 0.328
8678 0.148
7750 0.755
2679 0.539
7991 0.425
1877 0.109
9855 0.238
7189 0.708
3462 0.543
5654 0.953
8097 0.679
5191 0.740
4393 0.061
7067 0.572
2170 0.154
4790 0.325
4867 0.768
134 0.208
750 0.697
1069 0.254
4917 0.923
9440 0.598
9482 0.330
3917 0.518
1858 0.513
5656 0.238
8443 0.104
1114 0.176
8285 0.864
2227 0.642
4097 0.605
4439 0.132
6489 0.176
5972 0.423
2549 0.648
8695 0.033
7747 0.114
6632 0.927
7377 0.898
7570 0.264
5946 0.701
4371 0.372
3123 0.828
3694 0.487
3296 0.282
3368 0.355
3271 0.572
7662 0.891
6037 0.937
5597 0.531
8106 0.479
4010 0.335
2783 0.175
8648 0.950
3372 0.460
2049 0.951
3914 0.896
6368 0.170
1776 0.388
309 0.591
4821 0.923
3670 0.632
3768 0.370
4848 0.308
4456 0.672
4728 0.625
4938 0.768
7862 0.467
5997 0.349
5253 0.278
300 0.558
3916 0.453
3608 0.195
1180 0.667
1262 0.521
3055 0.648
278 0.819
2900 0.067
8288 0.709
200 0.361
9768 0.495
3945 0.966
1874 0.775
2576 0.469
8294 0.248
8632 0.417
3868 0.844
1668 0.058
5929 0.804
4395 0.042
4606 0.142
8861 0.543
6922 0.789
552 0.022
2967 0.329
7587 0.188
4555 0.436
2736 0.663
1246 0.867
6697 0.293
7334 0.569
3520 0.517
8122 0.442
3971 0.518
4945 0.328
9631 0.927
1915 0.304
9558 0.217
5408 0.623
3443 0.584
3966 0.106
3815 0.570
1976 0.704
5472 0.155
2493 0.415
8442 0.658
8207 0.165
9359 0.446
6721 0.393
7409 0.643
6523 0.170
7253 0.491
3061 0.293
497 0.039
3481 0.635
8077 0.026
193 0.507
593 0.218
6066 0.731
7540 0.998
7763 0.009
1187 0.725
8245 0.118
7243 0.786
4733 0.747
7713 0.886
5576 0.972
5397 0.731
5495 0.564
9771 0.874
3597 0.123
7587 0.131
5363 0.864
1833 0.237
215 0.886
4673 0.115
3255 0.745
825 0.655
1568 0.842
4019 0.730
3896 0.339
2831 0.352
3797 0.719
8575 0.878
1961 0.275
6180 0.934
8460 0.486
8570 0.910
3353 0.195
4011 0.497
7998 0.341
3566 0.522
1288 0.759
3412 0.662
4229 0.229
3520 0.761
5624 0.332
3693 0.521
6494 0.626
2636 0.530
2052 0.430
4514 0.021
997 0.370
6257 0.404
2517 0.885
8096 0.926
9799 0.948
8609 0.897
5093 0.936
6361 0.722
8249 0.203
4776 0.896
8216 0.020
8415 0.099
6179 0.577
1873 0.305
2497 0.383
2389 0.101
9505 0.814
3158 0.213
957 0.055
3974 0.863
2309 0.229
6136 0.091
4828 0.999
6309 0.517
1886 0.381
2451 0.291
6033 0.098
5127 0.461
9081 0.343
7206 0.141
2067 0.107
4832 0.052
326 0.033
9870 0.491
2744 0.664
2268 0.854
9051 0.081
7777 0.498
1359 0.794
8993 0.910
7547 0.941
2873 0.385
3600 0.405
3072 0.952
9658 0.709
4265 0.981
4103 0.678
1200 0.466
55 0.884
3418 0.282
6854 0.481
3988 0.545
4376 0.286
1189 0.839
4978 0.717
9594 0.532
2819 0.094
3510 0.308
2977 0.217
4228 0.370
3328 0.061
6508 0.022
7984 0.724
6739 0.741
8006 0.607
2255 0.286
1639 0.369
5384 0.036
6007 0.282
5397 0.669
7055 0.235
9458 0.601
697 0.686
6518 0.664
6833 0.555
2804 0.926
3954 0.979
2612 0.840
2927 0.201
8749 0.180
4459 0.944
6746 0.109
8386 0.755
1713 0.661
3742 0.134
7707 0.671
5909 0.177
2608 0.397
4247 0.806
4021 0.260
1208 0.531
3343 0.604
8113 0.199
6634 0.858
7257 0.443
9838 0.744
8592 0.464
6846 0.635
8699 0.838
9012 0.406
9191 0.195
774 0.425
7610 0.888
3454 0.168
3834 0.469
7766 0.519
2639 0.257
7015 0.628
1806 0.493
9577 0.098
9732 0.772
7334 0.570
5789 0.710
8049 0.282
543 0.993
3209 0.285
4211 0.401
3008 0.848
2306 0.003
1204 0.317
5920 0.987
5809 0.490
9776 0.145
9857 0.982
3611 0.334
540 0.595
2053 0.212
2129 0.234
5105 0.719
9181 0.956
7734 0.675
4300 0.002
9830 0.695
1844 0.409
4295 0.434
9073 0.957
5687 0.948
7387 0.715
9531 0.118
5257 0.399
9709 0.678
7417 0.188
6442 0.690
7799 0.236
330 0.015
9465 0.658
9847 0.064
9682 0.980
6612 0.943
5552 0.804
4231 0.225
634 0.896
6127 0.922
5997 0.587
5892 0.027
5583 0.330
2347 0.869
8 0.365
7587 0.710
2451 0.371
3385 0.493
3267 0.195
7447 0.191
663 0.787
2411 0.964
9147 0.038
4473 0.909
5036 0.582
8208 0.582
2945 0.737
1537 0.105
1055 0.570
3461 0.691
5284 0.255
3596 0.380
2851 0.364
984 0.963
1609 0.340
53 0.351
999 0.745
6469 0.403
932 0.307
619 0.577
8560 0.679
6508 0.709
2097 0.485
4744 0.849
2643 0.450
9117 0.602
2874 0.070
9264 0.305
1966 0.573
9277 0.994
9783 0.521
7437 0.860
8313 0.987
76 0.151
9641 0.379
2703 0.801
6021 0.463
4495 0.498
5129 0.066
2193 0.999
1649 0.074
6337 0.773
1872 0.048
8276 0.031
5043 0.122
5286 0.095
2090 0.766
5206 0.701
7331 0.864
3631 0.586
9233 0.657
1709 0.451
7110 0.791
8379 0.021
5845 0.948
1723 0.819
3993 0.364
2686 0.138
603 0.044
6004 0.283
8983 0.637
9320 0.913
2836 0.927
7753 0.754
3654 0.221
8533 0.667
4095 0.834
418 0.328
7607 0.197
6397 0.754
2775 0.262
5522 0.686
5080 0.885
4211 0.294
823 0.940
6599 0.069
9036 0.772
6221 0.288
7921 0.378
8697 0.751
3403 0.776
1530 0.677
6380 0.105
4528 0.638
9488 0.474
619 0.885
8060 0.077
7108 0.865
5690 0.709
6902 0.546
4008 0.194
182 0.969
5273 0.373
2080 0.982
541 0.871
7104 0.166
3036 0.977
4807 0.141
709 0.926
2864 0.804
3507 0.898
4159 0.660
540 0.878
8930 0.592
2733 0.407
4962 0.741
3005 0.391
6251 0.497
7740 0.974
1031 0.628
8548 0.810
3745 0.605
1715 0.035
6959 0.348
9483 0.121
4011 0.669
5976 0.242
3592 0.437
8620 0.175
8274 0.304
5237 0.616
6679 0.079
5538 0.281
9029 0.779
4974 0.817
5465 0.575
500 0.616
8892 0.852
740 0.588
8252 0.095
1421 0.649
1111 0.872
9042 0.031
8857 0.733
8642 0.366
8001 0.203
5046 0.471
874 0.851
9366 0.324
1799 0.690
6235 0.243
4565 0.921
9679 0.606
2192 0.953
66 0.095
217 0.460
6640 0.190
4163 0.143
375 0.634
8896 0.431
9482 0.869
2556 0.471
4416 0.488
9023 0.459
5403 0.075
115 0.513
8863 0.069
1649 0.743
531 0.187
3054 0.675
5271 0.542
6835 0.626
3756 0.476
9881 0.794
5658 0.818
586 0.677
4682 0.297
6566 0.526
5062 0.309
5827 0.135
2143 0.876
7934 0.254
6686 0.420
3959 0.058
586 0.268
6584 0.742
9357 0.412
1405 0.910
1359 0.606
7488 0.706
3063 0.904
390 0.560
1006 0.879
43 0.619
7112 0.892
5089 0.036
4748 0.973
6918 0.984
4477 0.170
854 0.075
3468 0.876
7634 0.054
8975 0.105
6576 0.423
452 0.435
78 0.824
3506 0.346
7875 0.891
8014 0.347
3399 0.663
503 0.769
4022 0.308
2217 0.023
1452 0.628
9876 0.080
4312 0.743
160 0.765
4270 0.776
8872 0.313
393 0.818
253 0.005
7170 0.895
4900 0.988
8785 0.762
3859 0.280
9295 0.697
9427 0.176
6379 0.398
3120 0.360
2550 0.462
9671 0.620
3663 0.904
9041 0.728
1020 0.563
9782 0.992
4380 0.731
421 0.371
4713 0.267
6010 0.966
7545 0.305
99 0.763
2803 0.212
5061 0.941
8974 0.492
4070 0.425
136 0.716
8031 0.005
5025 0.693
7698 0.440
6779 0.284
568 0.137
8205 0.619
6433 0.947
710 0.437
7676 0.385
4616 0.032
3613 0.337
9797 0.233
1108 0.123
9220 0.109
5205 0.911
2113 0.450
2894 0.287
3543 0.229
9802 0.700
1717 0.151
5522 0.930
9077 0.505
1816 0.871
9567 0.393
9896 0.523
2456 0.159
5491 0.845
7673 0.817
8581 0.055
9443 0.480
1043 0.102
3188 0.761
9873 0.188
5029 0.016
6140 0.337
7305 0.702
1571 0.714
553 0.878
3696 0.006
3037 0.826
4167 0.594
4171 0.613
9723 0.335
3659 0.001
8089 0.120
4170 0.796
9631 0.663
9612 0.037
9439 0.520
355 0.600
5332 0.127
7037 0.672
2630 0.103
3480 0.164
3825 0.796
1122 0.796
4090 0.235
1838 0.866
1590 0.589
928 0.604
6349 0.260
6530 0.299
4463 0.377
6394 0.697
9447 0.572
3719 0.049
9056 0.451
5509 0.077
3158 0.168
9868 0.696
6158 0.010
8508 0.555
6676 0.772
1535 0.991
4821 0.430
964 0.282
2356 0.441
405 0.596
2418 0.586
2628 0.611
8851 0.324
6175 0.491
9435 0.327
3975 0.618
3297 0.918
5033 0.434
3389 0.699
3073 0.700
5572 0.696
897 0.040
8822 0.537
274 0.541
5849 0.902
2903 0.036
7731 0.733
128 0.258
1306 0.444
8991 0.035
4573 0.303
594 0.603
1909 0.029
5366 0.006
1605 0.947
1927 0.390
539 0.401
6922 0.178
6853 0.236
3849 0.328
7072 0.189
7217 0.895
6104 0.491
2869 0.773
4465 0.136
5279 0.577
5809 0.585
1134 0.291
8426 0.142
4774 0.359
374 0.668
2515 0.336
7656 0.423
1778 0.685
8163 0.060
7339 0.162
5982 0.338
3871 0.977
275 0.573
1481 0.046
4527 0.523
9782 0.408
6302 0.306
357 0.342
1259 0.630
2214 0.895
8461 0.187
615 0.173
434 0.357
6010 0.505
5101 0.283
9492 0.349
8503 0.282
986 0.792
4636 0.949
6676 0.253
5559 0.516
5745 0.900
6665 0.444
25 0.000
6716 0.904
8921 0.222
6995 0.264
3660 0.592
5934 0.267
2176 0.414
7482 0.355
3519 0.427
1558 0.270
9099 0.472
3515 0.621
3390 0.658
7355 0.380
1643 0.075
560 0.387
8304 0.542
6599 0.305
1745 0.629
5681 0.001
318 0.942
4621 0.623
5355 0.140
9105 0.713
7101 0.403
1432 0.286
4940 0.842
7176 0.163
8303 0.055
5163 0.066
2039 0.029
2060 0.157
8859 0.938
4889 0.490
6992 0.988
9851 0.854
7052 0.001
7595 0.758
1863 0.609
2998 0.941
5153 0.528
7572 0.047
2864 0.743
9032 0.971
9084 0.261
5609 0.247
3548 0.241
7870 0.833
7261 0.364
3434 0.556
3905 0.312
6252 0.483
8638 0.989
4317 0.844
1941 0.908
9610 0.277
2070 0.780
8506 0.442
1464 0.765
4075 0.764
9838 0.885
8903 0.147
1166 0.010
9451 0.115
942 0.035
981 0.523
2375 0.064
2741 0.093
5852 0.912
4956 0.605
9518 0.658
4264 0.814
666 0.807
5656 0.966
4466 0.123
5108 0.972
5929 0.713
2599 0.869
8621 0.176
8866 0.087
786 0.496
5601 0.752
4701 0.922
5477 0.180
5043 0.332
4414 0.042
9675 0.920
7090 0.835
9223 0.901
3327 0.035
6640 0.770
502 0.121
7921 0.921
1582 0.576
7798 0.757
1288 0.350
2228 0.809
8125 0.388
2251 0.584
475 0.763
8027 0.466
659 0.965
3547 0.306
2383 0.406
6804 0.949
2886 0.562
2577 0.129
2727 0.185
6642 0.959
173 0.271
9402 0.156
2063 0.263
5262 0.166
8669 0.656
1386 0.046
5809 0.128
2012 0.510
5327 0.446
4596 0.042
3388 0.141
1845 0.912
9319 0.872
7831 0.204
6905 0.172
4338 0.854
9098 0.816
7515 0.830
6440 0.971
118 0.959
1178 0.782
3137 0.564
7711 0.712
2124 0.077
5319 0.175
1754 0.887
2347 0.487
5839 0.374
7975 0.774
5717 0.874
2736 0.388
6252 0.836
2928 0.429
3898 0.496
2181 0.686
9227 0.762
5754 0.354
636 0.419
8924 0.139
8421 0.548
3824 0.716
3259 0.762
7089 0.738
5344 0.493
1162 0.347
7933 0.471
4634 0.321
524 0.920
4355 0.280
5694 0.600
6729 0.212
8611 0.252
6810 0.004
6123 0.552
5548 0.079
9453 0.798
1633 0.009
4764 0.064
1731 0.318
4089 0.444
5206 0.865
5162 0.491
5230 0.797
2610 0.884
5854 0.224
4864 0.706
2173 0.420
40 0.423
3397 0.465
697 0.477
7253 0.778
3328 0.613
7105 0.011
3406 0.544
6644 0.231
2316 0.503
2707 0.526
6737 0.549
5845 0.308
3219 0.576
127 0.490
4469 0.356
4819 0.972
4489 0.615
4206 0.784
1862 0.687
7229 0.345
8047 0.800
5821 0.921
3124 0.966
2249 0.846
8936 0.673
4583 0.392
5666 0.187
3212 0.899
7662 0.163
3206 0.631
5087 0.003
2261 0.227
7500 0.304
4690 0.601
4826 0.529
6758 0.677
3449 0.243
3894 0.868
4453 0.421
178 0.348
1722 0.905
8790 0.927
6191 0.215
1936 0.525
4258 0.731
6208 0.913
867 0.021
1166 0.929
8645 0.632
5255 0.985
3060 0.522
9075 0.760
9766 0.615
1951 0.794
930 0.734
7809 0.440
6901 0.494
2768 0.878
7843 0.577
6707 0.645
8481 0.060
3273 0.309
7447 0.385
3091 0.372
8048 0.573
5285 0.680
7163 0.073
7325 0.973
7384 0.626
6075 0.224
8974 0.665
6262 0.550
9827 0.590
8804 0.628
7827 0.420
1379 0.550
8726 0.592
8538 0.164
2641 0.683
2011 0.122
5628 0.678
763 0.135
933 0.921
7567 0.781
6328 0.922
2635 0.668
5941 0.469
7673 0.070
7498 0.826
6790 0.162
6829 0.308
8932 0.503
4018 0.984
8225 0.078
8394 0.321
9839 0.775
9464 0.773
6238 0.582
7385 0.097
3678 0.468
8836 0.322
8502 0.866
9745 0.886
7638 0.225
2470 0.465
1083 0.690
4052 0.519
5342 0.770
3917 0.694
7232 0.560
1349 0.951
3074 0.749
792 0.173
7978 0.035
5513 0.997
5827 0.272
3249 0.406
5749 0.627
9795 0.841
7363 0.635
2190 0.374
7214 0.398
8601 0.447
6129 0.581
82 0.649
5405 0.481
6386 0.827
6771 0.809
3215 0.098
4362 0.735
8037 0.667
5743 0.246
5820 0.848
9269 0.679
7200 0.355
948 0.562
3472 0.176
2329 0.501
6489 0.204
3723 0.414
7163 0.041
8639 0.669
1279 0.773
4070 0.913
2562 0.707
4282 0.338
6410 0.088
1 0.178
1755 0.036
6429 0.247
8274 0.275
8109 0.371
2551 0.930
8191 0.332
543 0.244
1980 0.894
3808 0.234
6095 0.735
1307 0.682
6321 0.402
924 0.511
8458 0.559
9088 0.871
911 0.311
900 0.054
3032 0.642
8855 0.173
6872 0.561
38 0.656
3880 0.454
4469 0.452
3151 0.546
4975 0.078
2902 0.537
7079 0.449
4956 0.364
3196 0.423
3985 0.353
197 0.293
6174 0.621
3892 0.913
3856 0.479
2702 0.385
1535 0.512
3606 0.154
4813 0.264
3600 0.776
7727 0.168
7904 0.970
6159 0.509
9352 0.951
5250 0.731
9801 0.838
6077 0.383
345 0.544
7641 0.892
7649 0.776
5521 0.319
2357 0.182
4480 0.988
1422 0.351
1190 0.032
2112 0.500
6396 0.373
9216 0.783
7991 0.581
5054 0.323
6532 0.894
5188 0.941
4435 0.715
6366 0.930
6694 0.284
2103 0.061
6564 0.980
5873 0.124
3151 0.032
6911 0.359
7626 0.451
8225 0.739
2675 0.807
5388 0.563
1314 0.029
3902 0.051
3256 0.511
9572 0.808
8286 0.996
79 0.564
191 0.247
7528 0.497
4056 0.464
6364 0.651
7353 0.597
553 0.830
3213 0.903
7194 0.291
1504 0.455
695 0.382
9771 0.416
6252 0.723
753 0.563
375 0.489
1463 0.053
1607 0.570
7036 0.530
2800 0.356
6520 0.088
1134 0.128
819 0.094
6454 0.740
1256 0.154
113 0.839
860 0.860
5879 0.990
4423 0.015
7635 0.620
6200 0.141
2401 0.954
6878 0.881
3047 0.289
1070 0.813
8790 0.217
3425 0.697
1865 0.741
2305 0.587
9899 0.575
3110 0.013
1350 0.781
3677 0.329
3855 0.269
999 0.692
4788 0.470
5441 0.463
2669 0.324
3629 0.037
1503 0.006
3399 0.404
790 0.550
5272 0.665
3618 0.395
9784 0.752
1781 0.169
2721 0.945
361 0.668
1023 0.361
3238 0.820
5657 0.944
9069 0.711
2821 0.567
4319 0.307
2834 0.441
4846 0.170
3131 0.425
3912 0.823
8902 0.096
8191 0.427
3741 0.630
1052 0.820
5772 0.287
5311 0.105
3266 0.246
6653 0.685
6008 0.842
9081 0.985
5327 0.877
6609 0.694
5972 0.744
636 0.967
9641 0.999
4054 0.882
7396 0.027
3175 0.556
5212 0.277
2452 0.047
8619 0.638
6988 0.971
4055 0.321
2412 0.863
6129 0.421
1502 0.208
8784 0.921
5909 0.062
6907 0.488
622 0.017
3020 0.394
4842 0.517
8255 0.009
1126 0.704
5784 0.287
4158 0.820
2987 0.681
89 0.787
6230 0.106
6977 0.950
2353 0.777
1669 0.829
4820 0.431
5588 0.465
8883 0.252
574 0.895
7133 0.714
7318 0.264
6631 0.547
9026 0.053
1537 0.666
1485 0.640
636 0.513
431 0.699
2947 0.292
9603 0.406
8123 0.161
454 0.770
2126 0.785
5227 0.538
7113 0.169
3617 0.061
282 0.253
2767 0.089
3405 0.246
6213 0.058
9212 0.260
5241 0.597
7294 0.835
6929 0.724
530 0.403
2752 0.282
2595 0.511
7026 0.700
4216 0.309
8148 0.955
8763 0.209
8838 0.147
9234 0.351
4203 0.103
4480 0.539
826 0.640
326 0.353
9024 0.981
559 0.811
7537 0.546
8233 0.518
8651 0.385
6904 0.817
3199 0.191
7811 0.979
1532 0.261
6492 0.272
2550 0.626
2338 0.457
3649 0.903
3666 0.373
5773 0.116
9904 0.964
2157 0.639
2029 0.282
1100 0.748
4981 0.816
5286 0.005
5986 0.377
3700 0.030
9293 0.692
5226 0.353
3385 0.285
2122 0.593
4020 0.728
4587 0.981
1816 0.935
3114 0.796
6024 0.291
4243 0.280
5387 0.521
2162 0.751
80 0.296
4002 0.520
5613 0.543
2321 0.227
9695 0.910
5803 0.019
5874 0.497
1650 0.319
7935 0.724
3118 0.037
5429 0.809
1511 0.678
4175 0.688
6833 0.254
9220 0.425
5991 0.565
7896 0.936
4258 0.938
2319 0.556
9240 0.271
5478 0.385
4704 0.980
4026 0.399
1590 0.702
5109 0.135
8993 0.070
3189 0.174
319 0.674
9530 0.567
6856 0.120
894 0.076
5051 0.027
1467 0.408
3760 0.360
5426 0.155
8406 0.715
3194 0.618
4158 0.152
9848 0.307
8968 0.231
1956 0.746
2601 0.312
4193 0.279
8145 0.034
5374 0.529
9891 0.078
7647 0.977
9336 0.266
8775 0.638
4783 0.134
9791 0.225
4836 0.052
2817 0.607
4667 0.449
7063 0.170
2874 0.371
6169 0.614
7056 0.133
4719 0.272
3910 0.855
2202 0.065
2907 0.581
2071 0.004
4653 0.106
125 0.014
7417 0.678
370 0.501
8431 0.399
5811 0.020
14 0.362
108 0.057
4737 0.844
2620 0.832
4579 0.830
1443 0.129
3765 0.012
8425 0.292
3139 0.556
6599 0.981
8656 0.747
3557 0.542
875 0.320
6397 0.684
7641 0.808
3150 0.249
2198 0.219
9007 0.518
5863 0.317
5860 0.248
8134 0.802
6658 0.186
1225 0.709
9818 0.009
2744 0.600
8478 0.703
2515 0.661
5471 0.183
9186 0.949
5714 0.040
471 0.972
6313 0.284
6057 0.370
5565 0.856
3800 0.815
8934 0.656
2490 0.725
1915 0.944
9688 0.524
5027 0.164
8355 0.404
428 0.094
7210 0.474
2010 0.289
7646 0.821
1954 0.743
7572 0.422
5512 0.970
5575 0.112
1914 0.014
6885 0.431
4547 0.425
5390 0.011
4495 0.452
2304 0.820
7176 0.971
9236 0.312
5968 0.218
4529 0.608
9192 0.504
980 0.092
8902 0.752
7911 0.986
2175 0.483
7783 0.619
9118 0.690
755 0.311
7654 0.591
2669 0.913
244 0.031
1517 0.776
2635 0.743
9473 0.662
6284 0.528
3743 0.967
5246 0.047
5146 0.932
4423 0.825
3707 0.490
7449 0.303
2671 0.069
9830 0.077
7418 0.963
9662 0.983
8081 0.141
5192 0.317
6449 0.782
4701 0.856
525 0.261
5369 0.897
8220 0.081
1596 0.071
5805 0.448
2379 0.356
7152 0.857
2565 0.440
408 0.760
7373 0.686
5442 0.494
8418 0.472
1159 0.006
9556 0.992
9372 0.655
3475 0.790
7213 0.785
9336 0.383
8533 0.548
6996 0.192
672 0.929
2897 0.158
2508 0.014
1843 0.671
7968 0.350
646 0.109
5427 0.682
2586 0.405
1072 0.503
2929 0.084
3642 0.365
1214 0.463
362 0.876
9715 0.803
4750 0.653
9317 0.057
6602 0.777
4352 0.187
8644 0.223
633 0.768
2577 0.727
5813 0.020
7021 0.905
5070 0.744
552 0.067
3454 0.527
3046 0.616
4594 0.127
5772 0.141
8421 0.518
7484 0.511
6875 0.041
2900 0.363
9664 0.438
7833 0.132
1872 0.030
4617 0.677
1904 0.180
2753 0.134
5709 0.902
2308 0.484
4863 0.574
2116 0.489
9093 0.191
6617 0.304
5404 0.007
5195 0.354
922 0.821
7075 0.012
2610 0.497
8818 0.939
6270 0.932
7770 0.602
7320 0.259
6028 0.255
4172 0.356
6483 0.077
7689 0.366
8965 0.709
8192 0.711
3637 0.820
3335 0.892
8578 0.590
2315 0.718
6254 0.967
9369 0.746
7215 0.768
1795 0.911
1522 0.658
5359 0.506
6089 0.311
7985 0.980
3275 0.622
9417 0.169
1627 0.018
7604 0.856
7023 0.172
6270 0.323
33 0.006
8872 0.590
5365 0.983
5278 0.427
924 0.959
7146 0.023
7802 0.030
7612 0.692
9049 0.006
4192 0.990
5590 0.396
5566 0.099
7450 0.683
367 0.547
5464 0.757
7456 0.312
6967 0.478
8441 0.429
3615 0.594
8272 0.843
8389 0.009
769 0.542
4189 0.371
75 0.536
7430 0.693
3 0.857
7641 0.818
2967 0.479
1352 0.901
622 0.091
9453 0.289
9253 0.900
1971 0.939
4481 0.552
3368 0.293
4106 0.221
2200 0.199
9155 0.822
1596 0.569
6885 0.935
9123 0.721
5684 0.069
772 0.186
5262 0.125
2990 0.624
6225 0.606
2016 0.049
235 0.376
1096 0.003
1451 0.538
8720 0.944
3418 0.402
6720 0.758
5532 0.948
2887 0.351
212 0.735
3417 0.359
5544 0.404
5393 0.072
9105 0.759
8771 0.614
75 0.578
1499 0.292
7263 0.881
7734 0.042
6109 0.569
6955 0.749
5382 0.169
2898 0.117
2549 0.967
6129 0.648
7553 0.540
8352 0.779
6174 0.555
8974 0.364
1847 0.231
1363 0.739
4293 0.675
641 0.936
794 0.553
4325 0.661
6369 0.582
116 0.782
5909 0.670
350 0.973
7147 0.799
1373 0.682
4141 0.144
4668 0.425
7772 0.358
1513 0.346
3924 0.486
9136 0.788
2871 0.108
376 0.313
7503 0.400
2526 0.864
8363 0.747
6526 0.006
9353 0.360
9223 0.860
9415 0.709
2175 0.149
978 0.774
504 0.056
1939 0.065
1044 0.448
6030 0.188
2527 0.860
8965 0.702
8179 0.387
6182 0.046
7216 0.499
6497 0.338
81 0.546
3471 0.570
845 0.689
5359 0.419
6595 0.528
2727 0.924
4747 0.198
6451 0.827
4494 0.214
657 0.597
6295 0.783
2300 0.894
7182 0.382
6326 0.018
7128 0.452
6715 0.698
6829 0.780
2364 0.637
5743 0.696
2985 0.964
4385 0.858
7413 0.968
8030 0.461
3720 0.777
8028 0.823
4477 0.294
7921 0.066
7434 0.233
9039 0.110
1233 0.628
3270 0.526
1578 0.170
5640 0.317
948 0.683
8699 0.466
3999 0.079
7863 0.979
5059 0.837
4572 0.505
720 0.982
2208 0.449
7351 0.691
9763 0.253
5981 0.724
1973 0.340
6287 0.492
7546 0.466
3113 0.324
6265 0.259
7986 0.222
1705 0.327
6115 0.929
5647 0.714
4439 0.135
1519 0.183
3165 0.837
7866 0.122
866 0.568
3836 0.969
4483 0.604
2164 0.770
809 0.415
59 0.924
2000 0.753
6618 0.190
3455 0.681
198 0.113
2825 0.402
8692 0.618
1723 0.203
5103 0.807
4126 0.430
2656 0.714
8583 0.439
4845 0.421
8669 0.708
5412 0.850
4477 0.538
9360 0.702
6593 0.022
2993 0.392
7313 0.979
148 0.399
4563 0.983
5994 0.380
3107 0.651
4406 0.788
5423 0.216
6009 0.955
4547 0.542
6565 0.768
3574 0.507
3614 0.106
957 0.811
2955 0.534
6883 0.151
6949 0.582
8800 0.558
7260 0.941
4517 0.913
2936 0.574
2960 0.826
5742 0.110
5377 0.840
9683 0.687
2076 0.465
8095 0.706
9686 0.842
7367 0.042
8754 0.002
1729 0.009
7733 0.320
5771 0.341
2123 0.647
4259 0.601
3781 0.451
7113 0.227
3201 0.579
7346 0.468
2634 0.092
4540 0.143
4252 0.651
5227 0.469
3721 0.448
1535 0.648
2774 0.002
4395 0.949
9160 0.148
1389 0.839
6027 0.532
1104 0.948
4853 0.145
5961 0.444
2194 0.625
2435 0.360
7876 0.740
1661 0.653
1741 0.305
1747 0.086
462 0.224
5386 0.836
5087 0.333
9255 0.750
7482 0.557
4853 0.522
4779 0.794
2417 0.442
809 0.902
3013 0.255
5725 0.871
6089 0.591
6823 0.080
7792 0.368
3291 0.823
6286 0.221
2618 0.664
9166 0.404
3280 0.632
1421 0.918
1392 0.846
6621 0.187
2931 0.263
6721 0.802
6002 0.118
2142 0.253
7295 0.331
4317 0.148
7245 0.621
4094 0.061
7164 0.590
9288 0.564
7583 0.495
7094 0.439
7431 0.053
2159 0.170
1606 0.976
6047 0.235
3960 0.736
7459 0.958
5900 0.703
9111 0.833
3680 0.327
8447 0.646
8687 0.503
8154 0.458
8411 0.282
1886 0.517
46 0.067
2514 0.512
723 0.585
4639 0.926
2156 0.525
7324 0.966
2947 0.485
656 0.526
2680 0.962
5592 0.525
4620 0.359
2608 0.854
8603 0.623
297 0.833
3099 0.768
610 0.166
3911 0.339
9606 0.250
1440 0.783
7273 0.884
1031 0.394
7964 0.329
8293 0.058
1665 0.513
9667 0.338
2234 0.036
4367 0.482
2909 0.996
1051 0.332
5232 0.601
3620 0.628
8232 0.663
115 0.901
1370 0.657
314 0.021
1988 0.792
1715 0.704
508 0.306
7664 0.517
2926 0.059
8435 0.857
6612 0.739
9802 0.116
5467 0.260
6143 0.301
2585 0.323
607 0.807
7705 0.090
9748 0.485
9462 0.890
8099 0.492
6027 0.131
8245 0.118
8580 0.452
6809 0.602
1508 0.757
5301 0.903
4642 0.709
2697 0.470
9834 0.634
6867 0.556
4194 0.218
4526 0.776
4929 0.279
7486 0.341
7417 0.938
1070 0.143
8130 0.542
8044 0.775
420 0.900
7570 0.882
3571 0.990
1188 0.392
2648 0.039
1168 0.980
7854 0.660
6208 0.988
6858 0.674
2310 0.454
5091 0.181
9803 0.663
6742 0.197
538 0.812
1330 0.292
274 0.464
1206 0.580
3329 0.187
5488 0.854
7341 0.638
315 0.243
7775 0.120
9516 0.489
1603 0.151
3372 0.326
1137 0.528
1744 0.945
8150 0.610
1424 0.646
1750 0.636
4757 0.223
8992 0.211
5921 0.965
9748 0.617
7271 0.722
771 0.944
624 0.280
2559 0.933
6655 0.107
9552 0.901
2099 0.490
3385 0.925
9906 0.322
7943 0.291
1263 0.640
1610 0.036
775 0.253
2176 0.012
2013 0.138
9567 0.193
3664 0.614
7628 0.855
6412 0.926
7769 0.632
5778 0.406
7740 0.683
6407 0.529
2971 0.508
592 0.417
1997 0.697
736 0.598
1547 0.673
4186 0.534
6629 0.714
6209 0.810
8632 0.379
5353 0.845
6302 0.870
326 0.100
2372 0.661
2696 0.564
6570 0.107
2225 0.573
9321 0.640
853 0.254
7853 0.182
4282 0.565
3246 0.800
2283 0.382
4903 0.030
108 0.662
379 0.130
435 0.649
2764 0.373
8444 0.807
4828 0.581
3697 0.337
4534 0.773
8949 0.740
6519 0.974
9147 0.060
4723 0.660
2259 0.798
5636 0.136
8863 0.297
3852 0.305
1168 0.953
1351 0.659
3656 0.261
89 0.625
5751 0.150
7554 0.691
6427 0.615
2868 0.674
8373 0.075
707 0.060
6629 0.083
3955 0.623
5035 0.353
2863 0.573
5803 0.042
1268 0.469
6075 0.127
7697 0.535
666 0.907
6878 0.771
6879 0.915
6427 0.390
7638 0.491
5964 0.602
5317 0.917
4050 0.439
5146 0.905
1845 0.808
9237 0.636
6244 0.864
7019 0.227
7217 0.485
2539 0.977
2509 0.560
3436 0.775
9209 0.385
6252 0.061
5173 0.853
967 0.645
5103 0.635
8129 0.672
3594 0.150
8211 0.257
328 0.238
7134 0.185
3904 0.168
422 0.779
4012 0.097
2491 0.118
2922 0.900
8844 0.093
1772 0.596
7806 0.293
