5000
5956 0.890
16039 0.776
13129 0.907
7838 0.248
7873 0.058
14746 0.053
1705 0.683
1442 0.719
8070 0.926
11759 0.926
7620 0.591
7178 0.333
13280 0.691
3727 0.906
6242 0.705
15859 0.222
1136 0.324
3399 0.105
8732 0.348
14574 0.462
5045 0.246
13073 0.053
4208 0.529
11797 0.440
9635 0.477
3085 0.620
9465 0.391
4381 0.394
8425 0.632
14917 0.486
3642 0.160
930 0.022
10994 0.427
14001 0.190
8798 0.362
11229 0.881
3628 0.050
4568 0.050
2694 0.058
15765 0.311
2005 0.781
14414 0.785
9699 0.946
12156 0.478
12847 0.941
2599 0.486
4272 0.883
3538 0.763
9383 0.211
5512 0.609
15828 0.303
15222 0.092
11246 0.628
1372 0.748
7540 0.543
568 0.741
166 0.998
4420 0.147
10694 0.161
6040 0.976
3650 0.356
8048 0.267
11693 0.044
14905 0.704
6624 0.791
5334 0.144
11783 0.244
8765 0.879
4053 0.784
14442 0.591
1294 0.666
7249 0.658
13210 0.552
13210 0.384
12993 0.667
13156 0.505
15777 0.710
12781 0.040
310 0.242
14387 0.063
8889 0.497
10095 0.515
15527 0.878
4578 0.922
2996 0.122
1895 0.125
5714 0.598
8698 0.719
3917 0.640
2554 0.495
14660 0.900
10129 0.058
1599 0.284
251 0.663
15097 0.303
13066 0.158
7079 0.326
13384 0.842
14009 0.003
9524 0.130
15760 0.679
18 0.023
15793 0.542
332 0.985
6780 0.318
12201 0.220
11540 0.906
10151 0.998
162 0.703
954 0.001
12442 0.759
12715 0.134
9490 0.007
13583 0.181
235 0.149
12805 0.631
7412 0.682
7378 0.325
10505 0.725
4606 0.795
11395 0.284
11700 0.330
6327 0.510
4397 0.033
4456 0.640
5877 0.952
15267 0.321
6532 0.004
1911 0.454
11805 0.309
11971 0.726
5458 0.674
14288 0.982
10874 0.179
15845 0.674
9139 0.684
9504 0.913
2749 0.751
66 0.396
10082 0.045
11086 0.420
15463 0.792
4412 0.688
12266 0.796
15529 0.338
10723 0.707
8862 0.823
10258 0.929
11684 0.838
14227 0.207
13884 0.696
15536 0.529
704 0.004
10432 0.250
2956 0.497
14866 0.096
13289 0.578
3070 0.949
3932 0.284
2781 0.681
15043 0.978
9410 0.230
4459 0.573
3545 0.888
2752 0.792
9517 0.490
11952 0.255
8095 0.167
10123 0.009
2810 0.655
15542 0.490
7181 0.834
14713 0.383
12025 0.958
1050 0.782
14007 0.330
281 0.772
5656 0.606
14539 0.513
13398 0.749
8011 0.688
8361 0.617
9572 0.115
13671 0.402
4342 0.882
8385 0.079
3282 0.834
7155 0.296
5817 0.529
8950 0.667
4678 0.910
8882 0.833
13189 0.390
15040 0.938
6207 0.805
11249 0.861
4999 0.490
6124 0.495
14358 0.604
10356 0.178
13757 0.284
14928 0.573
179 0.093
1991 0.359
3800 0.866
491 0.411
4361 0.324
2404 0.204
14916 0.362
909 0.454
14684 0.057
15060 0.146
3302 0.917
1668 0.318
5123 0.953
375 0.796
3131 0.279
14103 0.962
4260 0.922
9661 0.155
9995 0.126
15021 0.260
6746 0.408
2569 0.262
3100 0.733
11650 0.378
6211 0.976
14154 0.924
12320 0.415
2255 0.941
7991 0.445
9601 0.402
14708 0.353
7649 0.812
18 0.578
6480 0.973
4484 0.996
2439 0.050
7777 0.981
9448 0.702
14498 0.006
4208 0.659
343 0.272
2020 0.848
9291 0.233
9192 0.489
13624 0.920
15736 0.716
4735 0.953
15595 0.003
8263 0.799
11367 0.123
5466 0.556
1841 0.386
8869 0.409
4961 0.717
13547 0.674
11405 0.977
15247 0.312
13592 0.793
891 0.587
14322 0.063
1529 0.425
2410 0.617
11179 0.871
9925 0.442
4915 0.415
4532 0.541
11041 0.092
10266 0.636
8164 0.410
3055 0.652
13612 0.207
5407 0.329
144 0.887
3945 0.985
2721 0.218
12603 0.361
8410 0.584
2164 0.752
3783 0.184
7728 0.092
10713 0.839
15470 0.609
9987 0.958
12865 0.644
9590 0.454
13631 0.749
3520 0.443
3591 0.698
579 0.919
1851 0.093
3597 0.312
2883 0.373
12126 0.809
4 0.139
7602 0.577
15324 0.280
1487 0.326
6311 0.631
2211 0.551
8280 0.319
1531 0.097
13875 0.549
7594 0.380
3894 0.887
14165 0.505
12934 0.615
12416 0.092
5051 0.686
12616 0.381
6289 0.897
14886 0.979
11261 0.304
4593 0.909
9457 0.086
9377 0.531
5910 0.049
4165 0.541
5019 0.031
14711 0.282
7310 0.488
14600 0.579
13381 0.476
4456 0.506
11260 0.644
14983 0.788
15563 0.376
6678 0.845
15378 0.327
14796 0.907
16004 0.109
3571 0.235
7662 0.052
8358 0.029
14780 0.489
13710 0.254
9625 0.227
1232 0.977
4650 0.336
2798 0.233
14277 0.007
4070 0.448
2585 0.894
12591 0.284
8416 0.273
5534 0.875
14617 0.721
9149 0.283
8860 0.819
3917 0.278
14065 0.295
9966 0.137
1811 0.242
4029 0.224
5690 0.039
4107 0.272
12358 0.578
7171 0.034
8139 0.020
15462 0.514
11635 0.312
11522 0.001
13279 0.584
9251 0.046
4440 0.200
11067 0.969
5049 0.087
5926 0.478
9201 0.211
1475 0.878
15919 0.683
3311 0.074
9420 0.808
408 0.318
6412 0.023
14527 0.099
7625 0.913
594 0.588
4521 0.823
9193 0.679
14855 0.720
6736 0.043
10435 0.823
4887 0.949
7117 0.315
10840 0.690
12292 0.381
12652 0.568
6441 0.225
1014 0.781
13136 0.522
4477 0.216
5221 0.654
4365 0.084
7169 0.122
639 0.010
3739 0.573
5267 0.755
9106 0.622
10161 0.138
7020 0.180
3687 0.877
9380 0.979
8502 0.201
963 0.289
724 0.352
9878 0.923
12489 0.322
13106 0.120
9660 0.151
10234 0.947
5692 0.883
10509 0.427
7022 0.576
15145 0.062
14699 0.143
4137 0.653
827 0.124
7476 0.979
11537 0.925
9702 0.063
8126 0.880
11019 0.978
12224 0.048
1435 0.236
947 0.284
13776 0.382
12916 0.716
11599 0.809
7236 0.610
6437 0.909
14472 0.969
13241 0.086
987 0.408
15976 0.403
6348 0.481
12719 0.915
3007 0.840
7962 0.350
3297 0.680
265 0.647
13778 0.678
8410 0.866
14783 0.351
8074 0.975
6182 0.850
13824 0.889
3286 0.542
426 0.658
14497 0.722
13332 0.971
4026 0.225
4643 0.960
577 0.036
4663 0.515
8679 0.575
2117 0.378
14845 0.301
11364 0.181
5208 0.185
7244 0.428
8913 0.161
3910 0.792
11272 0.271
12015 0.579
7335 0.036
9023 0.409
14489 0.694
3924 0.365
13547 0.470
11660 0.527
3115 0.726
4361 0.576
13071 0.477
4560 0.357
15616 0.699
2855 0.049
5470 0.756
4707 0.591
5878 0.062
13829 0.616
19 0.094
10441 0.911
15985 0.511
2232 0.985
385 0.740
5466 0.701
8399 0.387
11557 0.509
2020 0.407
10652 0.047
2001 0.555
15697 0.095
405 0.613
9654 0.700
10444 0.341
8849 0.212
11551 0.236
8431 0.714
5192 0.991
6431 0.183
12329 0.564
4773 0.355
10363 0.148
4125 0.958
8430 0.490
10357 0.402
10450 0.361
5677 0.643
3118 0.227
6345 0.064
13134 0.406
15116 0.906
4690 0.390
11730 0.885
5904 0.668
10163 0.631
5555 0.055
8275 0.534
14569 0.054
4289 0.987
2660 0.055
9683 0.197
4917 0.370
6626 0.049
8648 0.860
8233 0.772
15731 0.152
10337 0.189
13015 0.543
3320 0.049
10437 0.920
4869 0.155
14846 0.057
13592 0.966
12164 0.432
13880 0.414
13467 0.868
2142 0.401
2362 0.426
3381 0.327
5401 0.705
10744 0.068
5657 0.230
2555 0.498
7723 0.411
14298 0.129
14844 0.447
8357 0.533
15606 0.171
13783 0.063
5122 0.197
9499 0.542
868 0.564
11147 0.001
13312 0.297
3427 0.846
10799 0.994
725 0.460
4040 0.447
7600 0.459
11051 0.426
880 0.574
6932 0.756
10835 0.709
10904 0.737
13789 0.050
7610 0.253
11263 0.661
3595 0.907
5305 0.185
9503 0.301
1133 0.594
12594 0.121
9706 0.780
7894 0.895
11320 0.469
15012 0.304
13293 0.623
6854 0.314
9423 0.509
7185 0.187
12399 0.104
11395 0.369
6080 0.031
10769 0.467
1626 0.617
6973 0.274
7114 0.363
10253 0.397
6385 0.468
4601 0.022
4349 0.422
3342 0.428
11444 0.583
4651 0.436
4319 0.222
9091 0.922
6948 0.984
7385 0.221
8320 0.213
6744 0.666
11885 0.091
10912 0.033
14177 0.561
15960 0.995
11621 0.225
15211 0.081
5761 0.229
7484 0.203
4132 0.010
14790 0.982
5621 0.735
1139 0.146
8112 0.754
12499 0.194
4047 0.803
820 0.867
9717 0.069
7337 0.412
8940 0.902
8409 0.583
10762 0.277
5792 0.433
4021 0.696
5815 0.021
12563 0.880
8254 0.992
799 0.866
7605 0.341
14352 0.402
1753 0.273
14250 0.447
13570 0.015
1979 0.919
977 0.652
8044 0.794
1205 0.883
14847 0.848
9926 0.016
14879 0.198
857 0.445
226 0.755
5031 0.526
3876 0.985
7025 0.987
9626 0.456
5432 0.481
197 0.736
7010 0.151
15182 0.350
2198 0.513
7604 0.465
9491 0.127
13240 0.457
11725 0.092
12656 0.882
2384 0.371
12345 0.466
11256 0.969
1962 0.827
10051 0.429
1955 0.296
411 0.688
13737 0.732
12064 0.184
3015 0.878
10606 0.416
10655 0.493
3697 0.934
14243 0.080
12539 0.061
2235 0.065
14543 0.451
5000 0.846
14153 0.258
2355 0.886
4604 0.525
5573 0.212
339 0.616
10315 0.114
6379 0.608
1348 0.553
13406 0.715
8074 0.741
4672 0.311
5373 0.768
3315 0.651
9705 0.955
2868 0.747
2836 0.512
9779 0.957
9412 0.236
3829 0.495
16006 0.528
9906 0.029
9861 0.203
15667 0.298
13166 0.375
13169 0.912
5272 0.232
7373 0.535
7297 0.910
4693 0.294
6499 0.681
14525 0.727
1929 0.107
8602 0.690
10879 0.579
3671 0.357
12254 0.220
7189 0.572
5826 0.345
11868 0.804
3720 0.749
44 0.307
3852 0.410
10485 0.928
10251 0.063
8081 0.299
11268 0.276
6121 0.296
7501 0.816
7668 0.478
14480 0.551
15055 0.739
9136 0.240
12612 0.177
4699 0.539
4115 0.291
15987 0.558
4136 0.349
11897 0.262
263 0.690
14678 0.766
1360 0.797
12518 0.404
7447 0.996
13704 0.748
1248 0.388
815 0.193
2497 0.219
760 0.151
7328 0.940
2947 0.201
13184 0.002
9697 0.168
2072 0.607
9892 0.707
4846 0.226
13926 0.766
12999 0.322
2803 0.520
1291 0.891
15858 0.241
4376 0.656
6943 0.143
661 0.608
11628 0.159
12235 0.196
743 0.582
3061 0.083
15315 0.809
7756 0.209
6716 0.311
11468 0.685
10602 0.375
4762 0.276
12 0.142
12436 0.933
3016 0.676
4754 0.225
4109 0.205
4323 0.978
10174 0.101
9759 0.953
11807 0.170
10611 0.318
8255 0.781
13038 0.030
4729 0.902
14677 0.047
14840 0.814
11144 0.141
14208 0.186
4967 0.613
9496 0.584
12930 0.498
9779 0.649
8104 0.275
4819 0.256
10641 0.191
5464 0.469
14920 0.227
9302 0.033
8959 0.184
4882 0.131
7490 0.941
12126 0.945
11539 0.042
464 0.128
6116 0.671
4336 0.530
1230 0.083
10999 0.476
10931 0.897
9336 0.232
14556 0.933
1690 0.537
4676 0.064
26 0.965
5982 0.956
7369 0.675
10261 0.043
4068 0.770
7684 0.272
2022 0.621
5493 0.728
13161 0.576
15068 0.191
2576 0.093
7314 0.678
4267 0.018
2181 0.506
4492 0.448
12036 0.211
15790 0.756
6509 0.800
1876 0.319
40 0.653
8005 0.333
6057 0.318
621 0.574
6651 0.418
13415 0.521
11264 0.833
8472 0.647
11959 0.051
13509 0.441
8210 0.482
10920 0.158
8474 0.093
6903 0.936
12148 0.401
9850 0.285
10082 0.362
1631 0.702
8975 0.637
3796 0.304
15894 0.496
3134 0.591
538 0.274
5495 0.900
14047 0.785
11131 0.186
10973 0.633
9945 0.822
5648 0.275
535 0.364
4403 0.657
13533 0.233
1437 0.409
6484 0.487
10136 0.932
9617 0.127
10592 0.418
6458 0.567
14360 0.796
8122 0.324
11728 0.551
3760 0.765
11664 0.282
15684 0.972
8593 0.212
12332 0.041
8106 0.207
11864 0.840
10956 0.852
8050 0.567
13072 0.262
4583 0.234
2326 0.695
6621 0.974
1167 0.262
12698 0.683
4518 0.631
1123 0.450
15407 0.557
1757 0.918
4165 0.538
9683 0.794
5035 0.141
10200 0.855
2284 0.324
12360 0.907
14111 0.414
6673 0.678
14000 0.655
13424 0.344
3019 0.903
2076 0.287
933 0.460
216 0.250
9711 0.895
11201 0.689
3304 0.909
3559 0.481
7563 0.581
5001 0.436
15557 0.357
6542 0.575
7250 0.952
14668 0.575
2676 0.173
13384 0.331
3699 0.274
13388 0.152
11702 0.213
10612 0.237
2895 0.137
15006 0.256
6527 0.752
6188 0.734
5783 0.606
3071 0.711
10923 0.775
7952 0.051
658 0.448
10314 0.318
4560 0.335
6916 0.830
5391 0.875
11564 0.767
4661 0.312
9785 0.169
6005 0.790
5562 0.473
15213 0.315
4936 0.829
8325 0.788
2705 0.857
4666 0.588
13137 0.907
7122 0.565
5173 0.313
6115 0.276
10346 0.524
5448 0.368
11642 0.061
15451 0.603
7199 0.665
12378 0.033
10459 0.462
6193 0.780
2447 0.072
8780 0.270
2161 0.977
1982 0.571
9228 0.448
10739 0.132
1842 0.044
3084 0.613
7621 0.624
9536 0.283
4287 0.616
13797 0.524
7341 0.847
4932 0.854
14927 0.452
6976 0.466
10728 0.788
7651 0.470
3066 0.207
6027 0.216
5044 0.350
9089 0.828
12232 0.324
11323 0.266
4517 0.162
8106 0.197
11378 0.696
3387 0.340
10417 0.127
11614 0.658
7008 0.528
8048 0.870
9790 0.870
13886 0.275
10552 0.088
9122 0.325
14146 0.258
2472 0.854
15167 0.992
3978 0.805
14783 0.807
7205 0.996
10540 0.374
2129 0.187
3781 0.703
3920 0.033
9165 0.636
15320 0.338
1329 0.107
9774 0.938
6410 0.196
9024 0.953
8520 0.714
12840 0.368
10835 0.706
6545 0.483
13664 0.421
15372 0.867
2374 0.228
11066 0.020
14768 0.740
11272 0.194
9269 0.350
8306 0.733
8752 0.029
2773 0.496
6949 0.876
2196 0.718
3725 0.145
14808 0.118
917 0.516
3299 0.377
5351 0.244
4082 0.340
6839 0.510
3624 0.566
13512 0.344
3640 0.862
8341 0.812
5745 0.735
12462 0.819
12845 0.065
5495 0.029
5466 0.173
8443 0.270
4066 0.695
14919 0.213
4014 0.773
40 0.161
7941 0.254
7850 0.634
2279 0.091
9316 0.910
1433 0.440
12940 0.144
345 0.033
9362 0.864
2303 0.293
14692 0.201
4390 0.728
14298 0.732
10821 0.560
5215 0.376
4395 0.690
6489 0.842
12588 0.415
10859 0.683
15728 0.873
9521 0.548
9345 0.265
1759 0.562
8354 0.817
3312 0.781
12187 0.154
7966 0.122
12417 0.307
5324 0.787
14343 0.425
11806 0.817
3316 0.225
10796 0.045
15715 0.265
2087 0.834
507 0.816
10004 0.403
15145 0.363
8359 0.335
8244 0.077
8761 0.477
6637 0.693
6722 0.343
4713 0.821
5474 0.347
2734 0.381
1025 0.642
12502 0.807
5981 0.912
12854 0.876
10434 0.078
1469 0.161
710 0.395
9716 0.311
4858 0.074
2197 0.443
573 0.704
8840 0.455
13065 0.820
14416 0.276
13272 0.310
6060 0.434
11080 0.840
11114 0.646
8238 0.236
83 0.664
7446 0.515
7905 0.003
4756 0.606
2954 0.427
5079 0.099
7746 0.726
16019 0.007
15357 0.123
6183 0.293
2941 0.878
4832 0.609
9320 0.213
12874 0.875
8340 0.952
436 0.664
1227 0.395
10676 0.137
1419 0.458
6570 0.702
13097 0.161
9627 0.134
6084 0.250
10581 0.095
8875 0.436
2327 0.525
6305 0.142
13586 0.132
9588 0.717
13941 0.973
10889 0.927
13402 0.642
11309 0.303
2343 0.129
12059 0.601
6448 0.121
14778 0.272
14804 0.326
14829 0.214
13022 0.147
5846 0.509
4729 0.091
5851 0.914
12528 0.828
14052 0.902
6382 0.869
13297 0.440
7949 0.332
14664 0.258
1518 0.066
1927 0.150
10449 0.564
6916 0.641
10028 0.031
14732 0.423
12981 0.097
753 0.814
11896 0.966
6651 0.473
12434 0.631
11021 0.237
3905 0.563
15115 0.734
15625 0.605
1505 0.601
12445 0.307
12715 0.813
7670 0.058
11218 0.320
5301 0.886
3648 0.970
9857 0.772
7113 0.743
15552 0.915
13699 0.413
9407 0.589
1161 0.757
12637 0.730
2675 0.657
15157 0.253
5160 0.009
11318 0.251
6314 0.950
12210 0.359
13761 0.546
15791 0.936
1648 0.500
463 0.681
5409 0.952
13128 0.936
1458 0.480
14194 0.735
6146 0.275
6383 0.833
5818 0.167
12923 0.032
7830 0.060
7890 0.294
2153 0.397
13607 0.534
15145 0.021
4587 0.924
8835 0.237
14403 0.577
3194 0.059
12609 0.466
1980 0.432
1451 0.583
3998 0.195
8340 0.791
276 0.823
1595 0.051
7775 0.564
8097 0.833
5732 0.524
467 0.845
62 0.890
9038 0.325
9739 0.348
8344 0.802
11755 0.901
8084 0.299
13261 0.012
5924 0.614
4389 0.657
10444 0.355
9882 0.165
3026 0.878
4249 0.630
15928 0.571
8936 0.023
5732 0.034
2753 0.280
15848 0.970
11551 0.924
15700 0.095
3796 0.432
11059 0.010
4640 0.542
9680 0.515
10978 0.624
8680 0.204
5170 0.176
4267 0.413
364 0.239
11748 0.329
9095 0.507
3397 0.359
9123 0.915
1809 0.199
9122 0.151
15503 0.676
6564 0.502
8169 0.454
7173 0.868
12336 0.627
707 0.058
4836 0.714
10124 0.657
2014 0.158
12911 0.595
14931 0.028
863 0.516
12076 0.882
3519 0.048
1681 0.497
3010 0.357
14808 0.618
188 0.158
9343 0.301
13285 0.732
2975 0.201
89 0.935
3503 0.610
4518 0.729
5685 0.783
8734 0.006
12334 0.605
6964 0.618
14155 0.085
14340 0.191
4154 0.861
8614 0.422
15144 0.918
8009 0.232
5352 0.449
815 0.510
13962 0.859
247 0.814
1108 0.500
14903 0.753
1578 0.833
13121 0.884
14480 0.651
3433 0.606
14631 0.248
11637 0.889
3214 0.142
9835 0.529
14834 0.550
60 0.415
15561 0.156
8604 0.469
5293 0.106
2820 0.174
11093 0.815
5252 0.397
2445 0.393
13641 0.144
10595 0.778
10606 0.797
11213 0.562
3298 0.732
3057 0.601
3839 0.986
13609 0.755
7578 0.919
14655 0.858
8317 0.581
3531 0.761
14704 0.537
5626 0.617
14561 0.360
7161 0.787
2080 0.738
11143 0.692
8941 0.534
3500 0.084
9855 0.614
3621 0.006
1123 0.770
12758 0.209
4799 0.997
11105 0.098
12784 0.193
12886 0.825
4934 0.563
1830 0.969
1682 0.985
7430 0.755
2439 0.768
705 0.961
15793 0.813
13303 0.301
8835 0.728
4044 0.922
12123 0.701
13024 0.080
12209 0.178
4842 0.756
2085 0.789
11129 0.701
12347 0.843
7972 0.372
3576 0.599
5914 0.512
7426 0.224
1800 0.894
3036 0.811
10319 0.630
12298 0.681
13056 0.476
15370 0.729
6732 0.779
7815 0.540
12848 0.880
2667 0.803
7697 0.865
4089 0.150
725 0.417
4156 0.787
8476 0.022
15495 0.851
7217 0.096
8715 0.473
9126 0.465
14914 0.529
3563 0.727
13723 0.181
493 0.341
13970 0.706
12483 0.508
4816 0.307
7786 0.662
8327 0.461
1859 0.395
1980 0.127
15501 0.183
4928 0.184
6035 0.302
11299 0.752
5805 0.964
14551 0.430
364 0.753
3799 0.039
4579 0.717
7352 0.394
8868 0.063
7014 0.859
15779 0.700
9812 0.382
8175 0.711
14275 0.478
2005 0.952
4304 0.647
1213 0.286
4439 0.287
6638 0.754
8946 0.884
12201 0.660
14141 0.437
7400 0.170
12703 0.342
5678 0.510
1692 0.068
9228 0.800
16027 0.827
4853 0.712
2585 0.587
14898 0.568
7543 0.413
14905 0.897
13542 0.879
8152 0.256
7478 0.698
13179 0.628
3444 0.553
15213 0.675
6435 0.781
6269 0.246
8639 0.003
790 0.407
11587 0.385
9649 0.181
13742 0.552
14330 0.994
1642 0.759
8548 0.012
3651 0.869
6852 0.923
13922 0.111
13660 0.635
1377 0.175
5158 0.666
12949 0.968
6309 0.213
7711 0.345
2895 0.418
3598 0.547
3820 0.269
7728 0.863
518 0.406
9276 0.842
6776 0.165
4037 0.583
7009 0.966
12652 0.116
5208 0.423
9261 0.140
5752 0.686
7951 0.695
4887 0.158
11977 0.530
12051 0.938
11159 0.916
2394 0.363
4908 0.535
8181 0.377
2502 0.546
7472 0.252
10980 0.054
7970 0.920
15216 0.039
8139 0.620
13612 0.674
10507 0.444
13962 0.164
1041 0.192
14692 0.867
12504 0.155
11858 0.883
10039 0.245
8460 0.359
10851 0.372
3180 0.145
10434 0.671
4235 0.541
6325 0.953
8304 0.384
5047 0.531
2719 0.472
982 0.815
9626 0.847
4502 0.763
15878 0.144
6138 0.896
2367 0.515
3039 0.200
785 0.233
7743 0.344
14371 0.827
2981 0.294
13825 0.197
12804 0.481
1127 0.058
12126 0.448
567 0.637
4743 0.828
12264 0.680
9957 0.706
13919 0.793
3612 0.182
4176 0.123
12881 0.781
398 0.754
8097 0.860
13100 0.116
5260 0.745
13578 0.612
16004 0.869
14506 0.166
12552 0.120
13817 0.743
3300 0.536
2395 0.781
2618 0.602
5167 0.653
15020 0.598
8181 0.354
14628 0.275
9097 0.431
15870 0.212
6135 0.292
13752 0.687
2882 0.551
574 0.173
15582 0.024
10428 0.438
3959 0.812
6066 0.297
7783 0.219
2205 0.509
2140 0.004
8763 0.443
11887 0.366
7612 0.884
10998 0.849
1526 0.630
13069 0.574
15914 0.776
871 0.589
9741 0.288
4765 0.717
415 0.186
10378 0.485
10868 0.162
3810 0.251
14726 0.411
10417 0.260
14 0.637
12041 0.214
8319 0.403
11064 0.708
12198 0.170
7402 0.983
4827 0.014
9951 0.175
12710 0.032
7518 0.096
3773 0.760
7704 0.924
7315 0.731
10058 0.365
13369 0.940
14928 0.533
2255 0.466
8412 0.742
10630 0.271
15935 0.815
2840 0.219
11296 0.269
451 0.719
13312 0.971
5872 0.863
1975 0.401
578 0.360
1470 0.184
14775 0.405
8832 0.607
8202 0.356
10136 0.286
7210 0.357
3041 0.997
5316 0.182
15886 0.600
3477 0.947
6195 0.979
6191 0.100
9251 0.194
11950 0.295
11935 0.896
15851 0.791
3790 0.098
4682 0.402
609 0.711
2388 0.341
4052 0.013
4773 0.057
13908 0.329
383 0.580
13984 0.148
6147 0.209
1931 0.322
4049 0.197
2338 0.345
5046 0.079
11041 0.430
14658 0.210
6219 0.206
15313 0.991
7088 0.228
4402 0.320
14863 0.221
11109 0.316
2662 0.606
10171 0.919
2200 0.900
2290 0.526
7137 0.392
6389 0.370
14173 0.546
13030 0.967
15001 0.287
2323 0.224
8509 0.066
12272 0.294
12038 0.363
4928 0.493
4960 0.635
3721 0.779
13179 0.976
13727 0.483
6197 0.400
1008 0.542
10073 0.268
13135 0.239
3854 0.035
9491 0.338
10712 0.889
1335 0.333
14353 0.907
366 0.566
14162 0.744
5946 0.746
15855 0.414
1286 0.028
9320 0.154
2145 0.817
14043 0.752
10155 0.736
9427 0.779
15255 0.014
14991 0.869
4392 0.200
971 0.879
2172 0.559
4076 0.612
11087 0.868
6320 0.429
15664 0.718
4270 0.526
5892 0.182
13731 0.305
11473 0.570
106 0.798
1690 0.970
13478 0.581
9110 0.455
5572 0.629
15580 0.688
4331 0.764
14634 0.681
12918 0.614
1975 0.036
1024 0.659
15652 0.654
2155 0.100
2233 0.862
2076 0.018
7729 0.786
7869 0.086
15162 0.256
14689 0.928
2554 0.843
2428 0.244
15455 0.024
2747 0.487
10101 0.895
7954 0.626
9004 0.759
8323 0.188
6781 0.245
8128 0.798
13731 0.587
8125 0.404
3883 0.252
7818 0.595
9355 0.370
7415 0.533
1787 0.574
3605 0.411
12712 0.395
3504 0.458
3315 0.870
2350 0.197
9502 0.970
13832 0.744
986 0.920
9737 0.862
81 0.701
13516 0.000
3417 0.902
9736 0.303
7364 0.409
2338 0.095
6922 0.915
10108 0.956
4493 0.564
10134 0.077
4286 0.905
13533 0.213
3611 0.972
9860 0.692
119 0.992
13697 0.149
6655 0.425
1894 0.438
11268 0.549
2088 0.112
6529 0.021
15668 0.604
13315 0.926
11041 0.990
14587 0.752
2163 0.777
3405 0.395
12349 0.738
7752 0.591
15403 0.321
14299 0.551
15185 0.849
5574 0.095
816 0.447
4499 0.818
15472 0.125
3556 0.209
3364 0.275
8343 0.133
14328 0.022
13040 0.874
6697 0.400
14387 0.431
2720 0.032
10232 0.723
9558 0.753
2217 0.018
9260 0.955
4542 0.457
10919 0.421
5417 0.179
2056 0.557
3702 0.812
9678 0.040
15925 0.284
12394 0.593
13893 0.806
12824 0.849
2810 0.256
6083 0.801
14782 0.533
3609 0.670
11092 0.828
12094 0.460
605 0.966
1991 0.546
1693 0.300
13413 0.184
1957 0.565
2292 0.843
14763 0.074
4715 0.611
14549 0.662
8455 0.631
12104 0.406
4274 0.454
3039 0.591
6632 0.029
15525 0.552
9019 0.153
6739 0.114
9947 0.301
12665 0.531
6297 0.465
5636 0.416
7145 0.397
1687 0.647
13780 0.194
15723 0.142
11359 0.500
5465 0.153
3271 0.194
9456 0.034
13391 0.403
1605 0.028
11547 0.538
15902 0.181
3317 0.959
15510 0.509
827 0.775
1845 0.660
11480 0.921
4358 0.203
954 0.065
9622 0.519
5512 0.077
4669 0.869
11606 0.686
4221 0.620
5884 0.630
1401 0.824
9968 0.477
2087 0.267
13497 0.828
13569 0.719
1608 0.512
31 0.314
9488 0.460
1267 0.273
5117 0.226
7063 0.874
9844 0.555
15390 0.660
5130 0.786
4860 0.351
7110 0.687
8331 0.533
10669 0.209
5716 0.870
8017 0.159
8103 0.600
7976 0.238
7913 0.624
14979 0.196
11612 0.799
12759 0.367
12191 0.641
9755 0.472
13708 0.716
11331 0.343
2510 0.603
1348 0.958
8031 0.419
3352 0.437
9419 0.677
9329 0.116
5261 0.483
7253 0.801
11182 0.446
4568 0.825
7664 0.776
1365 0.563
7485 0.729
13738 0.026
6527 0.152
9177 0.969
3475 0.276
3374 0.596
2922 0.578
4918 0.842
7315 0.162
10594 0.540
12433 0.493
9353 0.706
1850 0.368
1976 0.608
7579 0.198
3958 0.598
5976 0.792
7276 0.482
10671 0.672
6554 0.031
5522 0.620
1545 0.083
14755 0.395
3744 0.138
11660 0.271
2314 0.020
6522 0.785
14744 0.554
9050 0.034
4708 0.572
560 0.412
7923 0.332
11911 0.247
12034 0.090
2544 0.494
9734 0.171
6249 0.852
6804 0.419
15753 0.650
8439 0.588
6648 0.180
5778 0.361
11633 0.850
1067 0.611
9703 0.858
7526 0.630
982 0.373
8875 0.594
4607 0.738
8755 0.809
608 0.103
14019 0.262
426 0.758
4172 0.403
4323 0.498
12866 0.217
8913 0.300
9816 0.268
12137 0.543
1575 0.772
5595 0.805
9807 0.766
452 0.217
1075 0.613
13811 0.968
5323 0.663
15513 0.670
6443 0.716
14063 0.837
4438 0.883
5503 0.083
337 0.972
14693 0.028
10237 0.521
4887 0.495
3366 0.684
2429 0.417
8630 0.320
3657 0.775
15818 0.829
2100 0.575
367 0.559
2187 0.647
8197 0.588
7640 0.993
11154 0.682
4788 0.341
10435 0.564
1290 0.678
9668 0.076
2029 0.738
5187 0.272
7484 0.000
12441 0.996
12921 0.369
7114 0.270
9660 0.567
12156 0.273
6880 0.389
6443 0.170
3355 0.512
12867 0.971
4094 0.517
6333 0.552
3469 0.944
4826 0.819
2823 0.336
14189 0.921
2466 0.309
3443 0.958
1141 0.188
14187 0.867
2087 0.337
10290 0.736
1271 0.679
4325 0.380
1822 0.819
11328 0.644
9751 0.227
14169 0.944
14255 0.758
15864 0.456
7524 0.680
6852 0.543
12555 0.719
14123 0.204
5648 0.454
5262 0.555
4436 0.923
12622 0.946
5444 0.757
10077 0.010
2649 0.610
15359 0.639
13472 0.150
11103 0.271
2606 0.533
12152 0.792
3238 0.397
8117 0.849
4710 0.380
14826 0.490
8608 0.267
14673 0.283
8213 0.220
276 0.440
13396 0.043
3738 0.535
15161 0.456
3143 0.209
11824 0.323
4112 0.050
12454 0.172
2015 0.864
6370 0.591
8820 0.518
7080 0.544
2501 0.748
13175 0.793
11672 0.235
9865 0.252
3356 0.607
7926 0.532
11866 0.259
13932 0.564
15716 0.722
2511 0.236
780 0.712
3452 0.256
2511 0.233
3326 0.209
7921 0.856
9046 0.583
1252 0.436
8762 0.236
11045 0.671
8308 0.738
1799 0.955
2622 0.552
2653 0.815
5178 0.173
4079 0.567
13190 0.405
14726 0.624
12131 0.105
13818 0.701
4801 0.312
10137 0.391
13332 0.097
11145 0.212
6951 0.560
951 0.032
15545 0.835
1595 0.157
5291 0.883
7296 0.498
6810 0.107
11745 0.443
1693 0.447
13870 0.650
9958 0.812
6232 0.300
9980 0.323
2480 0.351
4893 0.318
4726 0.196
10392 0.218
9702 0.507
12465 0.969
5695 0.317
14382 0.028
10558 0.850
3887 0.535
14477 0.240
3770 0.277
4398 0.776
9559 0.628
2222 0.053
12544 0.015
5228 0.990
4850 0.422
13310 0.581
15333 0.494
14754 0.237
1259 0.446
7017 0.998
14985 0.409
9921 0.144
8986 0.699
7564 0.390
10457 0.706
8073 0.572
11724 0.295
641 0.317
9576 0.649
3743 0.216
4187 0.075
13281 0.911
9898 0.326
8698 0.471
6273 0.450
3267 0.373
12329 0.921
16056 0.747
15297 0.251
6713 0.288
5164 0.540
3281 0.939
15840 0.705
1148 0.260
13432 0.731
4142 0.418
11362 0.823
14649 0.729
4696 0.324
6955 0.656
10329 0.038
5429 0.142
5354 0.527
15064 0.796
4248 0.566
114 0.862
13501 0.462
12649 0.454
14701 0.714
6929 0.246
13073 0.091
2308 0.074
11480 0.656
14306 0.861
9295 0.251
110 0.156
12726 0.639
11949 0.538
254 0.692
2831 0.750
4474 0.475
2736 0.646
7027 0.984
5227 0.847
2828 0.768
11694 0.310
9109 0.932
4721 0.820
7305 0.201
3927 0.756
15435 0.580
9797 0.465
8360 0.988
1560 0.945
3586 0.857
15492 0.708
8879 0.469
7802 0.079
9263 0.785
1569 0.198
6099 0.094
14031 0.966
10204 0.865
3625 0.221
14267 0.729
5046 0.637
8548 0.990
2210 0.203
8194 0.295
12864 0.676
11221 0.233
11124 0.576
11394 0.403
8453 0.024
797 0.400
3247 0.018
11336 0.180
4693 0.332
15684 0.572
9751 0.188
8025 0.298
502 0.938
14747 0.907
15490 0.827
13148 0.155
2577 0.949
12739 0.872
7898 0.575
473 0.087
339 0.262
8708 0.006
10550 0.328
10937 0.884
2016 0.750
11732 0.571
3065 0.815
5232 0.555
8667 0.879
865 0.982
11086 0.332
150 0.333
10519 0.614
5025 0.963
15270 0.377
13124 0.710
2861 0.442
10706 0.033
3625 0.562
1661 0.113
6494 0.059
356 0.913
10513 0.922
2695 0.784
9867 0.010
4513 0.148
14703 0.636
5322 0.734
12508 0.659
4894 0.050
11290 0.595
14112 0.965
14260 0.166
15239 0.756
2351 0.052
14142 0.750
1240 0.159
9483 0.436
4442 0.885
14161 0.511
10626 0.997
16010 0.248
803 0.357
6393 0.830
6845 0.691
5660 0.739
6837 0.381
6612 0.189
8324 0.880
8621 0.626
4797 0.090
887 0.041
9167 0.719
14109 0.967
9420 0.612
1904 0.623
6506 0.597
4598 0.386
4630 0.776
498 0.452
371 0.320
2373 0.704
1450 0.464
5254 0.873
10498 0.007
13953 0.970
15294 0.953
12859 0.219
9575 0.631
7568 0.399
4073 0.861
10215 0.429
11131 0.551
4313 0.440
6073 0.254
12693 0.317
1964 0.603
5229 0.857
5007 0.177
8229 0.951
5628 0.855
9232 0.513
11400 0.069
15014 0.586
3780 0.717
479 0.304
1932 0.972
10406 0.575
10307 0.485
11077 0.094
6931 0.408
10544 0.908
1793 0.087
2970 0.611
5927 0.278
10951 0.634
2162 0.602
11098 0.617
4320 0.392
1557 0.490
15210 0.514
8191 0.115
2901 0.281
2658 0.644
8385 0.616
13108 0.421
11113 0.953
4733 0.140
4655 0.227
11202 0.943
15581 0.901
4230 0.263
1557 0.558
5623 0.518
3147 0.188
4578 0.018
12781 0.780
9191 0.039
9108 0.629
7374 0.871
5318 0.484
8113 0.457
6280 0.163
3083 0.610
3110 0.125
473 0.493
296 0.395
12348 0.149
4149 0.136
4510 0.448
8467 0.238
15814 0.421
13880 0.444
7960 0.784
15603 0.856
7363 0.966
15293 0.197
8509 0.613
1800 0.596
204 0.255
867 0.021
5914 0.967
11717 0.356
5551 0.968
9418 0.372
2589 0.562
1020 0.861
13038 0.457
1358 0.169
9815 0.605
10958 0.634
795 0.549
7857 0.527
7207 0.111
15264 0.126
2482 0.409
4091 0.048
510 0.126
11153 0.299
5338 0.010
13188 0.024
13277 0.797
5953 0.228
8309 0.849
15048 0.384
6595 0.773
7274 0.058
6932 0.544
10204 0.433
3565 0.302
8899 0.126
5073 0.848
4989 0.100
12636 0.340
4659 0.361
13037 0.903
14145 0.011
10860 0.333
5764 0.169
9669 0.088
10654 0.399
6454 0.936
14261 0.971
7433 0.188
10580 0.638
14086 0.434
7183 0.167
12055 0.463
1091 0.195
9021 0.574
6764 0.850
15816 0.714
13194 0.463
12297 0.820
7200 0.205
11664 0.365
11217 0.395
2058 0.293
9125 0.515
7827 0.014
6183 0.295
8840 0.144
11759 0.015
77 0.325
663 0.705
6337 0.476
14914 0.118
3422 0.524
5372 0.554
7179 0.721
741 0.853
6820 0.373
15290 0.458
6294 0.979
9439 0.358
1842 0.063
14033 0.219
9519 0.069
3821 0.307
9735 0.112
15912 0.860
15426 0.683
11928 0.108
4892 0.188
12577 0.278
14835 0.456
9202 0.729
3385 0.601
1489 0.669
11878 0.221
2064 0.390
8813 0.542
12606 0.620
8445 0.766
6718 0.645
15898 0.715
11255 0.166
2946 0.626
11520 0.309
10831 0.331
2491 0.807
383 0.988
3096 0.310
2484 0.199
3119 0.175
823 0.162
10451 0.997
16049 0.006
7774 0.994
3614 0.476
12751 0.029
257 0.093
7819 0.527
8042 0.343
3781 0.523
5874 0.272
10960 0.125
11810 0.834
9507 0.730
3398 0.380
5773 0.282
13810 0.773
2813 0.778
13220 0.733
6748 0.747
9914 0.533
607 0.274
9959 0.351
13718 0.161
5718 0.872
15599 0.247
8452 0.397
12985 0.108
3734 0.471
1353 0.864
15504 0.462
12072 0.343
4840 0.163
1168 0.654
577 0.552
14114 0.657
300 0.628
7483 0.490
9157 0.347
5938 0.753
13771 0.003
2857 0.240
11399 0.712
10544 0.415
4337 0.073
927 0.715
9581 0.187
4572 0.785
4182 0.402
14211 0.808
6475 0.542
4966 0.377
15084 0.724
2229 0.171
12123 0.103
15045 0.506
4443 0.662
13968 0.488
3750 0.371
15575 0.921
1178 0.907
9510 0.168
7616 0.041
7047 0.988
13609 0.431
4101 0.693
10707 0.070
10133 0.153
961 0.604
6575 0.646
9611 0.253
6116 0.660
9502 0.826
14156 0.581
11138 0.929
1223 0.317
11360 0.524
12730 0.927
8015 0.693
2741 0.352
10280 0.709
7908 0.783
8782 0.105
8331 0.705
14992 0.861
14660 0.597
7206 0.475
10203 0.923
9081 0.734
10768 0.319
10125 0.912
2574 0.024
6352 0.054
15586 0.596
12883 0.719
914 0.741
7736 0.874
6682 0.330
9583 0.225
9670 0.090
7198 0.229
3606 0.024
4920 0.469
10201 0.957
12334 0.191
13354 0.135
1703 0.234
10454 0.476
2335 0.490
12973 0.314
4940 0.350
10572 0.575
12220 0.147
15416 0.375
1382 0.414
1948 0.746
13886 0.901
11509 0.213
15534 0.939
1715 0.350
13241 0.473
9183 0.348
7871 0.289
11542 0.814
1679 0.356
4440 0.590
4901 0.218
5699 0.330
7488 0.579
9428 0.609
1402 0.000
7291 0.645
3333 0.428
7368 0.150
5915 0.046
15757 0.416
3692 0.530
14317 0.363
7812 0.035
13460 0.223
13680 0.476
3288 0.953
14207 0.561
13825 0.411
6873 0.824
6394 0.790
5345 0.149
13992 0.484
15812 0.227
14751 0.422
2469 0.572
8561 0.938
11685 0.309
2503 0.570
5021 0.852
579 0.134
9478 0.424
13548 0.696
15792 0.160
6561 0.471
6029 0.016
8 0.141
352 0.703
15504 0.639
9084 0.929
11578 0.796
2503 0.900
3663 0.054
6907 0.789
7661 0.086
1766 0.522
11116 0.564
5706 0.655
9541 0.845
13277 0.393
1941 0.263
1952 0.670
14598 0.217
8748 0.483
1925 0.673
13016 0.368
3281 0.238
933 0.664
11123 0.585
12392 0.329
9904 0.191
10550 0.318
9467 0.913
3091 0.146
6185 0.953
3870 0.838
8611 0.740
12373 0.495
14486 0.341
15605 0.359
8279 0.387
4374 0.794
787 0.062
13589 0.870
12177 0.533
845 0.305
1143 0.297
15917 0.986
9809 0.800
1508 0.959
12675 0.284
14538 0.290
132 0.381
14670 0.341
14332 0.815
9197 0.066
10366 0.466
15744 0.008
26 0.270
15309 0.293
7036 0.643
12674 0.745
13392 0.125
13925 0.932
13449 0.256
3620 0.905
4340 0.507
10991 0.123
9218 0.760
2035 0.962
7932 0.487
9035 0.318
11877 0.509
2942 0.440
15616 0.029
9646 0.288
15185 0.492
7742 0.832
7570 0.140
10761 0.596
12421 0.103
14884 0.832
3182 0.319
12822 0.941
10952 0.614
2152 0.652
10689 0.079
15499 0.960
7812 0.501
9870 0.487
4660 0.797
3280 0.962
13871 0.896
4003 0.652
14867 0.514
5482 0.747
1138 0.516
15200 0.282
6744 0.963
10288 0.081
9720 0.136
5433 0.463
7374 0.440
7579 0.587
10365 0.040
3726 0.578
6636 0.509
4705 0.939
9036 0.806
5306 0.821
8507 0.181
9298 0.537
10971 0.950
3511 0.274
13783 0.915
2398 0.672
9761 0.764
5085 0.804
1795 0.789
4807 0.171
8346 0.729
3334 0.704
1477 0.527
570 0.241
15116 0.550
9596 0.096
4784 0.532
7945 0.595
5172 0.084
4084 0.316
14357 0.772
15759 0.075
5794 0.165
2260 0.553
11415 0.566
6837 0.234
3265 0.117
15035 0.720
73 0.732
3245 0.238
6163 0.236
13753 0.558
9882 0.171
12830 0.361
11671 0.721
9739 0.779
13127 0.287
3305 0.872
4077 0.831
7991 0.518
4481 0.373
6392 0.300
6587 0.584
10431 0.257
8938 0.628
10722 0.357
7665 0.166
8357 0.359
11033 0.812
10345 0.783
2482 0.558
13099 0.272
4784 0.077
3829 0.611
9840 0.034
6967 0.600
5698 0.980
11948 0.913
6631 0.520
15057 0.353
1885 0.319
2996 0.131
3415 0.315
3792 0.830
2352 0.592
13541 0.149
5474 0.823
8923 0.186
4669 0.992
265 0.296
4255 0.497
13156 0.228
3669 0.430
1605 0.526
2936 0.280
13550 0.110
3871 0.252
11955 0.229
11954 0.178
4370 0.720
2184 0.412
7590 0.180
67 0.101
8230 0.350
8930 0.064
10913 0.470
1561 0.015
11054 0.532
14204 0.154
15439 0.875
10907 0.622
3783 0.127
3564 0.443
8609 0.584
15708 0.404
8222 0.296
6438 0.952
801 0.081
11268 0.117
14105 0.971
1017 0.332
7806 0.992
15529 0.710
661 0.249
14096 0.829
4489 0.095
12923 0.377
13184 0.613
14346 0.163
1719 0.320
12297 0.823
11026 0.379
483 0.645
13806 0.642
3783 0.889
8190 0.936
6492 0.184
14217 0.411
7221 0.570
11031 0.785
1898 0.518
4799 0.476
5583 0.791
5666 0.807
14746 0.989
4680 0.799
4653 0.394
11147 0.344
1704 0.624
7487 0.825
14122 0.441
8123 0.684
4095 0.938
11728 0.818
7541 0.946
5101 0.263
4587 0.943
11212 0.297
1148 0.532
9304 0.551
3679 0.545
1742 0.829
7877 0.696
7821 0.663
12341 0.834
2049 0.734
6304 0.834
1956 0.268
2882 0.630
8812 0.014
6671 0.899
2947 0.688
9434 0.023
4152 0.915
4271 0.568
10231 0.102
4808 0.959
13311 0.664
14985 0.480
11848 0.907
1505 0.350
9694 0.126
1104 0.186
2431 0.589
10281 0.486
2880 0.805
15284 0.195
4188 0.033
14269 0.917
2956 0.585
6209 0.105
1686 0.073
3130 0.306
4491 0.310
11089 0.368
4314 0.009
1243 0.397
2148 0.715
2037 0.463
6097 0.118
2581 0.382
1833 0.947
515 0.056
8662 0.120
3390 0.737
7174 0.293
14475 0.681
3115 0.604
14124 0.742
10395 0.991
1797 0.666
11466 0.739
2646 0.610
12950 0.079
14239 0.397
2032 0.259
8386 0.458
6792 0.977
13088 0.396
1126 0.018
2323 0.564
9783 0.409
1850 0.238
14626 0.451
7400 0.051
89 0.131
7333 0.097
6225 0.414
14897 0.367
3437 0.191
15139 0.963
9395 0.488
8410 0.699
10221 0.640
7854 0.348
10120 0.304
9028 0.185
8274 0.153
14103 0.350
8915 0.871
14217 0.385
10927 0.063
2259 0.909
15485 0.297
268 0.807
6114 0.841
6395 0.504
8918 0.411
4422 0.987
13979 0.576
2372 0.685
5097 0.166
11190 0.241
8141 0.612
14002 0.230
2674 0.085
2979 0.906
6616 0.930
10395 0.345
10598 0.264
8371 0.031
15985 0.297
4652 0.808
6788 0.299
12617 0.348
15676 0.720
5072 0.221
52 0.590
13077 0.629
15140 0.796
14644 0.001
8772 0.204
13753 0.037
5646 0.363
4115 0.103
12868 0.181
4933 0.293
655 0.855
7743 0.808
12227 0.109
6529 0.645
15778 0.629
4640 0.007
691 0.257
3834 0.300
7622 0.175
3623 0.183
1314 0.477
10363 0.019
10438 0.997
10675 0.478
12108 0.520
2179 0.538
4475 0.166
3489 0.799
12281 0.569
8656 0.221
9625 0.727
15604 0.684
7936 0.639
6262 0.559
817 0.599
123 0.177
5742 0.744
15537 0.912
9189 0.371
14759 0.588
9895 0.924
14420 0.239
7653 0.895
10463 0.953
15914 0.854
4826 0.171
1635 0.814
11149 0.413
990 0.906
93 0.406
15647 0.299
6807 0.636
7335 0.667
10432 0.710
8641 0.946
9650 0.540
9824 0.966
7220 0.831
7703 0.191
1668 0.830
9439 0.458
6526 0.258
3678 0.478
5651 0.270
4918 0.979
13582 0.738
12644 0.662
12009 0.135
8241 0.046
1293 0.282
7479 0.832
10499 0.863
14302 0.287
3642 0.173
3252 0.793
14781 0.241
9185 0.660
4382 0.248
12853 0.379
14528 0.572
2113 0.287
8200 0.202
4223 0.205
15522 0.087
8212 0.185
14266 0.161
8280 0.375
3113 0.804
10762 0.702
13881 0.886
3995 0.975
15047 0.220
15029 0.974
7061 0.991
662 0.917
14062 0.638
3742 0.377
5584 0.986
5764 0.666
4887 0.576
877 0.307
14728 0.099
582 0.623
10579 0.461
12841 0.423
15589 0.958
4761 0.260
7427 0.130
14995 0.966
12233 0.236
7171 0.277
2410 0.863
4965 0.846
5151 0.401
3908 0.652
8491 0.166
496 0.673
14296 0.812
12553 0.809
7599 0.945
599 0.675
14661 0.078
13735 0.747
8495 0.678
4019 0.607
9172 0.658
8753 0.406
3743 0.649
7521 0.034
10339 0.524
8521 0.213
15098 0.720
15556 0.520
6544 0.516
283 0.263
10440 0.471
852 0.416
12086 0.756
11901 0.069
12816 0.109
1732 0.502
10568 0.849
914 0.913
2106 0.866
8119 0.008
9694 0.613
176 0.044
10601 0.042
12060 0.602
685 0.224
10483 0.453
5996 0.855
2916 0.586
2584 0.241
13393 0.686
3892 0.153
5971 0.714
9685 0.612
10414 0.935
8878 0.177
4231 0.176
3993 0.358
3573 0.993
2781 0.328
7008 0.485
14641 0.995
12164 0.251
15785 0.578
1196 0.183
15420 0.617
4391 0.560
10896 0.621
13609 0.573
7157 0.483
10318 0.326
12874 0.843
2014 0.157
14553 0.224
15638 0.363
13126 0.013
10183 0.305
4685 0.148
10046 0.264
11905 0.739
15605 0.976
10148 0.731
3362 0.934
2714 0.148
11801 0.340
2694 0.742
137 0.701
9868 0.291
11012 0.032
5356 0.093
14885 0.644
15852 0.747
2566 0.571
9020 0.006
9318 0.528
13283 0.897
7585 0.204
9102 0.997
13454 0.540
12517 0.931
833 0.853
12506 0.763
184 0.439
16018 0.409
8790 0.582
9361 0.367
14756 0.418
8162 0.196
8715 0.462
931 0.823
5335 0.242
14530 0.375
15727 0.429
10159 0.857
1485 0.108
10350 0.106
2157 0.473
6522 0.765
13973 0.210
12078 0.966
163 0.708
8919 0.247
15642 0.170
3505 0.587
9152 0.448
2121 0.995
16053 0.843
10371 0.000
5638 0.769
4432 0.912
2249 0.595
11471 0.577
15742 0.702
13303 0.505
11135 0.989
15794 0.132
9300 0.743
3527 0.679
3042 0.478
14775 0.047
6321 0.889
12741 0.303
8817 0.684
1508 0.105
4026 0.775
15423 0.110
1638 0.933
13159 0.229
9112 0.499
12419 0.510
13005 0.360
3679 0.139
12323 0.096
11625 0.672
8370 0.188
5426 0.895
7686 0.134
3102 0.059
5779 0.175
5132 0.046
5719 0.332
5598 0.193
7695 0.726
7217 0.890
2375 0.360
10497 0.216
1176 0.904
9556 0.558
15850 0.810
13195 0.972
7619 0.298
14840 0.760
9246 0.879
5196 0.390
8073 0.985
1380 0.607
9433 0.831
3011 0.152
9692 0.467
11430 0.490
7247 0.289
4134 0.814
4541 0.688
452 0.627
8518 0.804
2922 0.760
12519 0.400
2582 0.115
8349 0.042
9218 0.103
9074 0.257
6034 0.796
2033 0.020
7412 0.198
11633 0.085
6995 0.113
5912 0.979
4255 0.174
2705 0.064
14188 0.686
7831 0.368
1966 0.129
12542 0.269
8930 0.836
3566 0.543
7379 0.730
9412 0.209
6058 0.647
3839 0.503
4365 0.354
6901 0.046
5692 0.668
9002 0.545
11342 0.196
6598 0.056
4340 0.650
524 0.295
4893 0.105
3880 0.359
10487 0.450
3691 0.280
8698 0.245
9698 0.458
2679 0.967
9116 0.724
12883 0.687
5803 0.775
8786 0.859
2039 0.096
9764 0.090
8319 0.493
14283 0.929
13936 0.206
1731 0.715
15386 0.321
14798 0.541
12018 0.368
12684 0.072
10903 0.722
11745 0.131
1323 0.687
8616 0.638
3965 0.282
14922 0.938
12561 0.235
58 0.223
2600 0.893
1188 0.283
5384 0.573
9185 0.888
9285 0.082
8944 0.770
4376 0.441
4976 0.072
10630 0.831
3660 0.234
9513 0.769
8386 0.191
6403 0.078
3781 0.878
10639 0.858
1618 0.869
9242 0.055
14014 0.856
3362 0.831
5650 0.691
3535 0.269
5780 0.776
6973 0.443
642 0.873
14782 0.467
8665 0.914
9732 0.970
3392 0.996
11393 0.710
9777 0.523
2670 0.867
5959 0.349
3820 0.713
10879 0.672
8346 0.891
3148 0.041
6279 0.945
4749 0.580
7249 0.532
4161 0.535
14376 0.469
1399 0.343
1567 0.091
15066 0.465
11043 0.723
3054 0.502
14908 0.430
3882 0.642
12380 0.582
1470 0.891
294 0.511
5026 0.764
5250 0.270
4207 0.849
15523 0.998
11459 0.413
3304 0.682
7016 0.886
8569 0.839
12757 0.417
2487 0.443
10617 0.531
12812 0.240
5606 0.117
11544 0.051
8115 0.588
10180 0.522
8725 0.518
37 0.606
1274 0.393
10408 0.372
15663 0.192
4128 0.716
15629 0.420
13008 0.782
9241 0.305
10 0.377
11051 0.748
13020 0.022
15481 0.397
4830 0.521
4148 0.454
12477 0.618
110 0.917
8478 0.541
4023 0.859
4401 0.611
7005 0.058
3014 0.718
15351 0.099
6323 0.276
8848 0.655
5550 0.183
14066 0.422
11112 0.499
15922 0.355
14118 0.916
10602 0.356
2567 0.727
9752 0.486
9625 0.862
5247 0.306
8534 0.059
4626 0.758
8153 0.167
6383 0.576
1239 0.110
1947 0.466
3804 0.344
15369 0.193
12638 0.317
7586 0.355
15882 0.238
9499 0.487
8129 0.769
9045 0.739
14825 0.158
12902 0.865
10356 0.155
5861 0.572
3813 0.498
14388 0.054
14497 0.422
4678 0.541
11846 0.543
10190 0.950
6043 0.167
2138 0.547
14396 0.554
11702 0.225
193 0.255
13568 0.356
12055 0.357
1283 0.485
2371 0.602
5152 0.478
15760 0.509
5967 0.214
9221 0.688
13412 0.765
1236 0.731
2572 0.207
11193 0.309
11027 0.862
15132 0.731
11844 0.144
8592 0.575
13810 0.385
10296 0.786
12394 0.270
13797 0.159
3579 0.224
5505 0.441
14064 0.941
14965 0.496
3274 0.626
2990 0.254
14481 0.221
9995 0.495
5001 0.718
7282 0.640
15087 0.332
2738 0.089
10097 0.525
1929 0.074
13294 0.949
665 0.077
7267 0.553
6770 0.529
10408 0.378
299 0.995
2049 0.665
14131 0.404
12213 0.106
1711 0.270
15367 0.744
14051 0.909
546 0.818
8408 0.535
2473 0.663
8516 0.326
1772 0.827
4788 0.464
2918 0.444
12489 0.238
10666 0.456
3802 0.272
8512 0.908
14864 0.681
1462 0.366
14488 0.978
168 0.731
5736 0.918
14195 0.696
9350 0.660
11315 0.159
8606 0.055
13059 0.373
5764 0.213
14383 0.240
15411 0.428
15075 0.018
7106 0.308
7687 0.939
5870 0.374
12877 0.562
1322 0.924
10281 0.027
12441 0.578
13427 0.778
5334 0.432
4367 0.729
15775 0.402
848 0.776
1685 0.641
3626 0.635
15181 0.600
1955 0.884
15725 0.595
5642 0.783
14847 0.584
13656 0.361
3713 0.262
1482 0.824
4482 0.553
14917 0.593
2418 0.199
14605 0.159
15072 0.645
11609 0.679
8764 0.559
6871 0.178
12299 0.993
11224 0.656
9215 0.544
5285 0.426
55 0.269
4931 0.676
2479 0.952
5594 0.931
7089 0.944
5758 0.347
6063 0.220
12094 0.437
5091 0.418
13127 0.284
4370 0.557
1954 0.808
6696 0.534
6600 0.119
999 0.192
8803 0.895
14685 0.632
8254 0.334
7191 0.956
7102 0.286
14974 0.281
13046 0.999
2925 0.488
9251 0.556
6148 0.571
2783 0.165
5987 0.802
15307 0.126
4511 0.851
14549 0.392
14394 0.558
13889 0.098
3031 0.621
8442 0.743
7075 0.018
4560 0.036
4238 0.552
10567 0.606
14705 0.208
14618 0.436
9911 0.457
8776 0.402
6786 0.851
12097 0.246
5504 0.096
10732 0.527
7558 0.544
1220 0.531
2848 0.010
6522 0.079
1092 0.766
6340 0.508
9094 0.646
617 0.179
1401 0.721
10689 0.348
4366 0.956
8839 0.519
9469 0.758
1572 0.686
3298 0.538
5213 0.808
6523 0.488
10936 0.921
4797 0.472
7293 0.389
1858 0.503
3804 0.592
15632 0.544
11322 0.148
981 0.345
14691 0.784
11176 0.571
15359 0.850
5786 0.696
12912 0.821
3897 0.707
5645 0.590
10991 0.114
6786 0.867
2735 0.379
12219 0.669
4660 0.275
911 0.860
2542 0.781
4759 0.069
7851 0.339
15022 0.269
7424 0.200
4039 0.188
5276 0.142
4727 0.984
10291 0.991
11402 0.923
12092 0.734
8125 0.818
4460 0.768
3666 0.323
10088 0.899
4996 0.509
1084 0.598
15681 0.955
13628 0.008
14574 0.291
10185 0.425
15221 0.670
13456 0.755
6652 0.420
207 0.306
15197 0.738
12182 0.815
7351 0.157
8683 0.125
5523 0.845
10437 0.424
8086 0.601
6845 0.929
4987 0.072
14352 0.689
6583 0.120
4802 0.960
24 0.325
14217 0.949
6560 0.333
14447 0.166
8309 0.725
8855 0.998
1651 0.411
2968 0.904
3020 0.967
2176 0.205
13209 0.972
12363 0.099
8558 0.958
6986 0.759
1524 0.685
10399 0.291
8757 0.077
5435 0.386
796 0.126
12852 0.635
14466 0.795
15476 0.992
127 0.845
7379 0.662
6482 0.274
7753 0.470
1119 0.787
6786 0.155
13710 0.650
11599 0.995
7815 0.015
4773 0.657
13283 0.554
8720 0.541
10700 0.924
109 0.767
358 0.682
11412 0.729
4283 0.454
7978 0.095
536 0.813
4500 0.719
12596 0.931
15369 0.823
8935 0.107
12380 0.900
14417 0.019
10957 0.966
3130 0.185
8690 0.597
11714 0.502
14671 0.287
1740 0.231
9680 0.732
12550 0.096
14555 0.310
13848 0.395
4381 0.336
11935 0.874
5419 0.305
7654 0.862
8049 0.311
5494 0.534
1648 0.417
1209 0.853
12267 0.260
13115 0.114
14800 0.973
3164 0.521
9887 0.984
6058 0.484
14978 0.934
12869 0.308
12700 0.013
13442 0.244
4506 0.098
6332 0.384
4582 0.406
7517 0.229
6800 0.920
5919 0.872
8364 0.508
1067 0.505
4213 0.706
2907 0.563
7591 0.363
14131 0.380
7970 0.035
15871 0.199
5848 0.610
13419 0.341
1151 0.971
8972 0.959
2368 0.211
11548 0.873
1146 0.981
1710 0.480
8168 0.174
6686 0.310
14071 0.313
4810 0.791
2330 0.318
13805 0.748
6943 0.903
13073 0.557
13495 0.323
6200 0.443
5686 0.379
11838 0.729
172 0.490
11769 0.054
16032 0.365
6619 0.832
13104 0.297
12395 0.514
2626 0.968
4810 0.924
6965 0.907
14225 0.843
13428 0.612
11335 0.599
9989 0.541
2748 0.508
15909 0.079
411 0.469
60 0.309
1899 0.721
11201 0.364
9256 0.491
4058 0.601
9548 0.963
11228 0.968
2644 0.421
8837 0.730
361 0.136
3520 0.573
10285 0.849
11932 0.038
8289 0.663
8493 0.656
13416 0.332
13671 0.361
1789 0.371
9433 0.791
4755 0.171
10547 0.594
6554 0.311
7571 0.270
9242 0.923
6722 0.011
7487 0.350
8830 0.898
15452 0.839
4914 0.016
9112 0.329
7880 0.228
8383 0.647
7707 0.213
12413 0.953
8500 0.442
16060 0.757
6453 0.274
13287 0.863
14913 0.810
5263 0.767
6911 0.481
2543 0.756
11874 0.445
8057 0.016
11362 0.413
5709 0.326
6090 0.463
13139 0.044
2990 0.637
931 0.342
15587 0.617
8622 0.377
2325 0.676
13226 0.850
3589 0.329
10711 0.293
9919 0.035
1560 0.049
972 0.098
1473 0.471
11333 0.103
7996 0.744
11286 0.844
4408 0.456
2443 0.055
1291 0.505
9527 0.503
8797 0.934
1911 0.213
9602 0.307
7979 0.157
5268 0.231
8022 0.694
487 0.239
8163 0.219
5000 0.506
13521 0.970
4518 0.553
11821 0.574
140 0.969
11627 0.183
5164 0.108
7997 0.207
12390 0.325
15963 0.692
3024 0.235
9460 0.387
13897 0.010
939 0.838
3006 0.225
6033 0.220
1755 0.466
15083 0.693
4543 0.408
13676 0.114
4243 0.396
9250 0.163
4123 0.702
1392 0.224
7372 0.984
5922 0.357
6218 0.118
2853 0.698
15156 0.758
15280 0.724
6190 0.139
3334 0.327
6198 0.617
10086 0.376
11011 0.593
4252 0.918
6346 0.820
15852 0.914
11245 0.125
10450 0.395
4360 0.303
3549 0.680
8027 0.128
10849 0.523
7915 0.688
4137 0.942
3879 0.903
12408 0.019
9537 0.747
10647 0.406
3266 0.256
13831 0.938
13188 0.710
8700 0.369
6077 0.707
1272 0.680
11277 0.321
14321 0.299
9025 0.029
15785 0.644
3665 0.503
8856 0.616
5455 0.614
11172 0.432
5326 0.491
12856 0.593
4158 0.864
6162 0.995
15956 0.772
4267 0.284
8534 0.528
13138 0.518
11607 0.023
13832 0.312
15653 0.286
4313 0.850
11480 0.189
14395 0.108
12485 0.119
725 0.229
13627 0.333
3293 0.108
11390 0.809
169 0.376
5701 0.755
475 0.140
8160 0.422
2284 0.404
2683 0.199
9069 0.245
7804 0.622
14300 0.378
8051 0.926
3133 0.104
4036 0.016
430 0.350
6400 0.895
8443 0.478
7401 0.903
11970 0.698
704 0.962
7476 0.040
6864 0.931
9806 0.197
5289 0.296
14243 0.034
5390 0.384
11754 0.778
7424 0.352
15681 0.112
1689 0.643
2850 0.271
11099 0.987
15186 0.203
4976 0.350
12045 0.429
5146 0.684
8139 0.035
7816 0.573
4492 0.986
3784 0.276
8285 0.770
12369 0.515
11090 0.582
12595 0.974
7708 0.306
8403 0.288
4132 0.358
15933 0.644
15953 0.098
7393 0.565
2505 0.513
5799 0.198
13789 0.517
11127 0.041
10045 0.879
11180 0.864
7524 0.072
10473 0.593
7991 0.948
10084 0.945
7209 0.360
9244 0.711
10941 0.491
7427 0.421
13390 0.246
10413 0.903
6738 0.717
5990 0.194
943 0.050
6523 0.448
7324 0.370
5975 0.185
2731 0.270
7777 0.589
12382 0.719
3673 0.519
7063 0.878
8762 0.486
8850 0.373
15438 0.470
14201 0.578
2882 0.299
14694 0.583
3078 0.905
4976 0.380
7850 0.528
8713 0.783
12935 0.523
10299 0.418
14307 0.253
9569 0.261
9317 0.371
5973 0.826
10652 0.799
15102 0.047
3170 0.804
11186 0.899
5471 0.087
3578 0.143
7429 0.940
6545 0.452
13570 0.548
8184 0.748
1484 0.780
4406 0.200
13757 0.976
6712 0.960
8519 0.991
12650 0.965
3616 0.771
2951 0.682
8765 0.630
12261 0.448
10848 0.186
4379 0.344
4392 0.419
7519 0.215
8366 0.328
2032 0.605
8368 0.006
4052 0.292
9135 0.093
13945 0.681
7735 0.643
14627 0.781
3139 0.316
15604 0.476
10110 0.138
8319 0.153
8531 0.520
1401 0.466
7785 0.801
6532 0.047
14351 0.188
363 0.893
12725 0.186
11770 0.604
12558 0.476
8169 0.096
3983 0.157
6909 0.936
15350 0.248
14692 0.042
1966 0.524
1029 0.461
6511 0.417
11226 0.164
10641 0.431
11685 0.690
8471 0.121
4582 0.524
9179 0.440
10089 0.692
12332 0.792
2541 0.037
15288 0.577
3500 0.202
14311 0.950
14522 0.850
12201 0.205
1357 0.120
10624 0.330
11860 0.898
4890 0.701
8896 0.961
11888 0.981
1400 0.205
5782 0.344
12265 0.126
8058 0.955
2376 0.249
86 0.346
4586 0.804
13246 0.404
10315 0.892
4060 0.417
4853 0.323
4021 0.421
10224 0.690
4320 0.404
15167 0.408
1438 0.370
8105 0.096
2089 0.749
9767 0.572
2643 0.026
2760 0.100
6571 0.603
11321 0.887
5912 0.371
9216 0.554
7924 0.101
13049 0.207
6231 0.574
15641 0.302
8342 0.299
2550 0.295
6446 0.146
9174 0.570
12232 0.720
6729 0.162
3206 0.057
11386 0.814
7785 0.232
4679 0.046
1138 0.051
8105 0.994
5145 0.489
12 0.981
6369 0.342
13198 0.043
15482 0.655
2368 0.251
9702 0.777
9619 0.317
15528 0.741
15693 0.459
7581 0.982
7328 0.435
5953 0.614
14970 0.009
6577 0.298
3289 0.701
13175 0.250
11046 0.795
12676 0.855
14181 0.038
3133 0.299
10133 0.176
15723 0.705
6102 0.066
12977 0.997
3629 0.370
10873 0.003
15578 0.874
10889 0.242
13899 0.070
652 0.152
4293 0.447
2527 0.439
7270 0.003
3988 0.059
8510 0.287
11513 0.978
632 0.745
12940 0.332
15494 0.425
839 0.228
2103 0.750
859 0.764
5021 0.383
14023 0.369
15508 0.208
8925 0.218
8135 0.923
475 0.355
13977 0.930
8519 0.515
11866 0.478
783 0.780
12986 0.685
10828 0.267
206 0.227
11876 0.427
9011 0.180
14418 0.149
10981 0.173
5018 0.066
13896 0.339
13805 0.344
14494 0.454
6663 0.006
7405 0.007
10807 0.846
469 0.326
5036 0.969
12486 0.333
336 0.204
3704 0.201
10436 0.553
11791 0.286
5989 0.470
7114 0.686
2603 0.829
6343 0.929
15558 0.633
16020 0.632
14271 0.985
15670 0.688
5673 0.108
8120 0.689
11840 0.197
336 0.748
13860 0.499
5715 0.074
3736 0.922
5989 0.092
5155 0.193
3881 0.410
10689 0.161
7988 0.500
3827 0.076
770 0.335
14658 0.643
2896 0.198
11112 0.225
11855 0.083
7203 0.158
15284 0.133
6371 0.231
8810 0.525
14958 0.060
13820 0.183
14944 0.893
3610 0.787
10427 0.197
12364 0.497
10676 0.175
2510 0.825
11100 0.524
14853 0.319
1980 0.932
7523 0.492
13046 0.372
9701 0.667
9268 0.871
7820 0.892
12027 0.818
14068 0.065
938 0.193
14674 0.921
8033 0.187
5294 0.266
7853 0.536
12061 0.887
7400 0.136
14226 0.963
15623 0.379
4175 0.437
12817 0.183
9627 0.347
6329 0.522
10056 0.219
6141 0.283
11175 0.384
11657 0.214
10484 0.367
614 0.042
1348 0.763
712 0.646
4444 0.701
7062 0.818
7785 0.120
11099 0.982
2162 0.403
15680 0.240
5043 0.650
3207 0.125
3948 0.172
9751 0.014
83 0.121
5606 0.201
14277 0.778
9968 0.583
9178 0.104
13376 0.077
672 0.749
14567 0.548
10175 0.132
13979 0.739
11753 0.726
13831 0.685
9297 0.519
8482 0.135
3103 0.023
9125 0.836
7792 0.131
9972 0.564
12572 0.232
2065 0.129
51 0.471
3845 0.525
383 0.149
2634 0.634
9570 0.885
12372 0.706
2232 0.263
10551 0.363
10323 0.127
11322 0.311
4576 0.444
7775 0.050
10671 0.371
12979 0.860
4442 0.932
14366 0.504
1842 0.583
6556 0.582
5496 0.836
12920 0.134
13414 0.605
9898 0.887
13439 0.457
788 0.247
10503 0.127
15171 0.664
6341 0.941
10271 0.972
8739 0.410
1633 0.443
1378 0.435
6202 0.346
7904 0.443
6674 0.813
6253 0.873
1217 0.831
130 0.896
13387 0.194
13599 0.425
7851 0.413
4673 0.775
3903 0.882
9833 0.855
2704 0.657
14668 0.890
14178 0.385
8042 0.001
5662 0.099
3907 0.369
4552 0.748
14351 0.002
1576 0.710
12213 0.160
3845 0.644
3838 0.228
6798 0.277
12327 0.700
2529 0.224
9482 0.789
9096 0.947
9861 0.619
11023 0.095
7360 0.677
8582 0.349
14609 0.082
2503 0.405
3483 0.006
6849 0.331
9101 0.341
7775 0.507
15070 0.169
15020 0.993
8913 0.874
9101 0.393
7598 0.072
9634 0.946
11613 0.007
1938 0.686
12013 0.008
10282 0.791
9934 0.703
5844 0.571
7499 0.109
4745 0.019
15270 0.458
2883 0.191
13003 0.960
6379 0.328
3268 0.515
8411 0.251
7056 0.419
6973 0.299
7999 0.676
10644 0.890
2987 0.624
2300 0.107
13166 0.027
14415 0.230
7441 0.971
2199 0.220
9481 0.847
7472 0.365
269 0.583
8730 0.233
11217 0.829
15214 0.513
3133 0.302
4155 0.400
1439 0.687
3956 0.891
1045 0.159
14222 0.464
5899 0.964
7629 0.993
14587 0.461
11316 0.135
14138 0.104
15946 0.654
4277 0.413
14219 0.105
6441 0.564
14554 0.112
3506 0.636
10476 0.559
6896 0.894
8087 0.641
14804 0.065
4900 0.366
5541 0.056
5484 0.298
8328 0.255
1061 0.282
7031 0.952
5862 0.697
5437 0.156
12542 0.012
7965 0.751
11152 0.373
9756 0.782
9844 0.922
9701 0.399
10268 0.251
4069 0.744
1323 0.277
14895 0.120
7192 0.645
8249 0.087
6439 0.015
10934 0.222
14554 0.717
859 0.732
13682 0.437
12592 0.561
5433 0.191
3865 0.710
1394 0.742
4081 0.147
13174 0.927
9816 0.699
9008 0.234
721 0.577
7651 0.378
5175 0.901
1440 0.375
7367 0.316
12109 0.581
3410 0.317
8395 0.263
6237 0.729
436 0.049
15885 0.885
15891 0.348
13940 0.113
8732 0.829
9646 0.249
15488 0.584
1699 0.899
5403 0.845
9485 0.153
9876 0.746
267 0.851
2771 0.666
2112 0.416
15197 0.259
10055 0.367
931 0.223
7001 0.410
14455 0.976
9659 0.899
258 0.471
10695 0.575
12731 0.651
11074 0.732
3740 0.931
2267 0.931
7491 0.757
6695 0.359
690 0.716
191 0.045
5548 0.825
9748 0.680
329 0.450
2415 0.622
3884 0.587
3611 0.603
13026 0.953
8039 0.946
5922 0.847
7964 0.007
14480 0.480
3921 0.513
607 0.722
3551 0.717
8833 0.720
15836 0.881
643 0.360
13214 0.766
8456 0.125
4804 0.899
10743 0.477
6206 0.405
14230 0.342
7119 0.182
15238 0.484
4007 0.675
12693 0.325
5237 0.846
14555 0.678
15654 0.846
15481 0.616
3262 0.203
11462 0.992
15845 0.097
11866 0.466
4447 0.903
15825 0.128
11689 0.138
3973 0.597
1728 0.823
422 0.066
542 0.476
10549 0.843
8160 0.178
4530 0.627
11904 0.800
5894 0.315
8084 0.202
5513 0.607
6094 0.316
1040 0.784
4619 0.963
5840 0.226
4414 0.484
12009 0.162
5148 0.888
1124 0.515
7951 0.584
13000 0.544
15675 0.159
11777 0.344
7076 0.895
15132 0.066
11836 0.633
13950 0.255
6263 0.126
11362 0.666
5571 0.951
7211 0.125
15408 0.582
15503 0.684
1820 0.436
11329 0.150
5156 0.631
10543 0.081
5460 0.891
13035 0.659
8890 0.825
949 0.259
10679 0.215
3902 0.301
14756 0.751
4089 0.280
4031 0.892
3082 0.677
1811 0.702
15677 0.777
2034 0.892
13562 0.263
11097 0.810
3496 0.148
15234 0.683
12273 0.722
5642 0.482
1975 0.616
3304 0.265
6671 0.255
5900 0.313
6504 0.382
11849 0.671
2869 0.043
5508 0.007
5530 0.834
7763 0.242
5697 0.737
898 0.538
4376 0.729
14975 0.643
8161 0.275
5028 0.411
12600 0.455
6918 0.680
11435 0.026
10177 0.646
7125 0.825
11306 0.383
12722 0.599
5952 0.403
161 0.171
15809 0.106
1205 0.083
12709 0.643
11234 0.387
5661 0.468
13670 0.934
13068 0.137
5915 0.206
12990 0.278
3658 0.067
10608 0.248
4871 0.237
4700 0.186
11459 0.927
13240 0.521
4525 0.166
7865 0.541
3969 0.162
14987 0.089
10263 0.897
522 0.912
15659 0.239
4572 0.154
862 0.047
10457 0.428
14470 0.039
6924 0.823
10631 0.284
5396 0.324
13119 0.122
10196 0.877
10429 0.976
8601 0.870
7276 0.359
4049 0.619
8547 0.193
4925 0.126
14415 0.307
6089 0.489
12265 0.695
1303 0.842
6311 0.620
2344 0.974
5634 0.519
530 0.108
11865 0.712
10933 0.800
4261 0.375
14180 0.476
15388 0.635
2439 0.761
7226 0.586
125 0.753
10896 0.114
3953 0.129
12472 0.588
13002 0.736
5627 0.189
13646 0.712
5328 0.307
13446 0.018
6577 0.446
2788 0.611
11321 0.548
7196 0.485
4697 0.624
4435 0.923
9637 0.869
11908 0.162
8872 0.418
6605 0.552
4029 0.638
7696 0.935
5175 0.464
9034 0.077
1327 0.348
12028 0.479
11110 0.309
8361 0.892
4077 0.058
2662 0.219
15127 0.759
6418 0.668
15257 0.775
2455 0.863
2582 0.889
4349 0.857
8132 0.160
11243 0.457
779 0.341
10825 0.895
5838 0.156
11905 0.043
10213 0.300
8552 0.498
7308 0.272
2121 0.517
1097 0.997
9825 0.599
14056 0.283
5422 0.690
10089 0.987
7346 0.173
8674 0.740
10219 0.607
15562 0.048
6280 0.501
12177 0.229
8000 0.947
357 0.962
3997 0.697
9945 0.299
7613 0.994
13948 0.814
10573 0.217
2062 0.253
11473 0.635
6960 0.054
14691 0.170
1622 0.711
3478 0.218
3333 0.374
10812 0.842
14936 0.498
2636 0.549
1813 0.026
1845 0.594
9187 0.295
8071 0.093
241 0.908
8660 0.119
12983 0.990
9943 0.938
10983 0.475
11570 0.929
11394 0.242
4172 0.714
3920 0.238
1589 0.542
3198 0.189
1328 0.079
6764 0.682
5062 0.077
9917 0.115
2848 0.900
5944 0.528
2955 0.797
2898 0.192
8301 0.586
1057 0.327
7858 0.787
13843 0.563
14360 0.928
8211 0.162
14876 0.671
892 0.182
5673 0.053
5815 0.137
13679 0.806
14574 0.820
3702 0.058
829 0.710
1850 0.861
7814 0.030
8033 0.730
11846 0.102
2892 0.691
4144 0.785
2875 0.643
5658 0.584
1277 0.845
1060 0.898
6057 0.332
2230 0.002
15923 0.860
8559 0.652
13649 0.175
9349 0.494
15558 0.234
573 0.903
12904 0.304
2429 0.869
8028 0.788
10839 0.914
15359 0.739
14740 0.391
13389 0.009
10057 0.740
12026 0.166
9707 0.777
5227 0.135
3763 0.600
2932 0.815
14613 0.050
3797 0.150
1638 0.056
2522 0.626
9294 0.885
8113 0.994
7509 0.672
12157 0.068
13120 0.249
8657 0.803
11589 0.464
5397 0.782
15548 0.065
1912 0.763
15436 0.102
13803 0.566
12987 0.532
7142 0.111
13913 0.950
10205 0.601
6761 0.414
7513 0.000
9702 0.064
9281 0.102
5319 0.441
916 0.167
7922 0.288
10412 0.163
11947 0.129
16042 0.289
4643 0.699
2380 0.919
6548 0.677
8634 0.309
5598 0.892
8294 0.277
11183 0.330
11260 0.125
9522 0.483
4268 0.185
1869 0.061
7453 0.460
13058 0.302
859 0.043
11683 0.483
3010 0.132
15252 0.484
7845 0.237
7917 0.975
507 0.640
8086 0.850
15547 0.834
15894 0.261
11640 0.848
10259 0.398
8765 0.852
1402 0.294
11732 0.512
10292 0.924
4815 0.729
7599 0.087
7697 0.246
10579 0.635
9128 0.307
12247 0.262
15959 0.569
1816 0.889
7563 0.031
948 0.829
15991 0.021
12782 0.820
6672 0.432
5272 0.753
3191 0.777
8037 0.732
3756 0.918
11686 0.223
6738 0.633
2268 0.358
14571 0.255
66 0.140
7621 0.828
3062 0.686
3320 0.677
216 0.396
8097 0.363
7952 0.118
11560 0.354
2741 0.881
11069 0.587
2862 0.145
13890 0.689
10078 0.432
12713 0.095
10125 0.931
13894 0.998
13650 0.043
9592 0.308
4235 0.115
2848 0.904
9139 0.387
7423 0.743
14018 0.497
3778 0.115
9786 0.224
8909 0.766
9365 0.276
2799 0.159
15247 0.111
15213 0.346
12642 0.178
15683 0.522
13106 0.159
4469 0.035
10694 0.338
2609 0.292
15298 0.888
13951 0.726
11000 0.011
1097 0.928
6843 0.475
5900 0.929
10015 0.900
11848 0.927
3905 0.413
14508 0.030
9652 0.125
8689 0.960
9552 0.346
3889 0.521
7399 0.563
10383 0.631
23 0.152
8548 0.106
1595 0.745
8368 0.528
5050 0.266
5712 0.010
5437 0.567
11087 0.142
13168 0.596
6330 0.888
4102 0.177
14256 0.715
10362 0.860
11558 0.482
15415 0.964
5833 0.908
11803 0.110
10879 0.625
7407 0.708
7792 0.342
12383 0.015
3798 0.488
6693 0.356
1357 0.870
7502 0.822
5155 0.529
531 0.821
7788 0.473
