5000
9687 0.666
5765 0.294
1580 0.034
5339 0.550
1907 0.765
8421 0.770
679 0.998
2976 0.034
9330 0.673
8230 0.357
10839 0.911
3631 0.743
5472 0.018
7591 0.942
2760 0.110
7511 0.212
2087 0.004
7118 0.365
10040 0.529
9333 0.264
3025 0.035
527 0.259
4832 0.724
11327 0.156
9476 0.109
7979 0.055
7716 0.114
5776 0.177
9338 0.050
7501 0.519
2420 0.069
1848 0.597
11319 0.449
5581 0.672
4259 0.117
5195 0.942
5917 0.146
1287 0.623
10224 0.215
9892 0.025
4949 0.398
6082 0.121
1756 0.160
1838 0.904
7097 0.820
9755 0.133
624 0.442
10858 0.152
195 0.219
8523 0.461
10776 0.172
11289 0.359
6133 0.337
3569 0.567
6592 0.809
6572 0.237
1822 0.981
11324 0.595
6626 0.737
4886 0.882
1497 0.715
8492 0.275
10018 0.666
11041 0.080
1745 0.246
4267 0.910
555 0.930
11136 0.701
6980 0.514
5670 0.511
5377 0.694
9153 0.406
5980 0.277
2189 0.025
7501 0.447
2557 0.063
6651 0.398
3479 0.803
6540 0.221
5361 0.441
2527 0.271
1766 0.944
2032 0.213
5116 0.499
665 0.628
3846 0.013
7894 0.705
9814 0.287
4433 0.372
8898 0.068
9059 0.453
10509 0.212
10374 0.850
6466 0.519
7547 0.503
3767 0.261
6194 0.633
9458 0.078
8703 0.440
10223 0.507
8102 0.310
4756 0.197
6047 0.134
8044 0.155
10214 0.616
2355 0.244
8762 0.574
2683 0.812
8559 0.125
4400 0.871
1496 0.574
5490 0.188
2935 0.391
3580 0.486
592 0.454
1116 0.727
8294 0.479
5531 0.792
7986 0.514
133 0.758
9352 0.830
7953 0.060
1500 0.435
6179 0.419
9147 0.176
1174 0.027
4451 0.362
6873 0.645
6732 0.192
2725 0.188
4222 0.828
7609 0.992
153 0.962
1560 0.550
2983 0.755
3169 0.287
3723 0.724
9516 0.474
474 0.150
6085 0.261
2056 0.851
7967 0.011
8148 0.932
2762 0.638
5433 0.338
3654 0.194
1303 0.691
4008 0.098
11161 0.329
9783 0.809
6011 0.639
7453 0.422
3677 0.899
5681 0.608
2151 0.156
4831 0.667
7725 0.832
8794 0.762
10240 0.309
5329 0.734
8161 0.503
4525 0.728
1926 0.156
10479 0.000
3743 0.321
7827 0.969
3197 0.439
8659 0.299
3882 0.803
6866 0.427
8863 0.761
7436 0.919
4175 0.709
5056 0.533
5935 0.152
4123 0.011
319 0.287
8668 0.537
2836 0.380
9848 0.197
10293 0.548
1967 0.264
3781 0.934
7625 0.230
1057 0.370
4080 0.813
4937 0.032
8531 0.826
2161 0.761
1098 0.039
2350 0.079
10727 0.546
1067 0.918
9911 0.271
10901 0.986
3698 0.243
10527 0.451
2170 0.297
168 0.378
3422 0.314
5661 0.084
3578 0.930
1267 0.529
99 0.353
6945 0.724
1204 0.803
7447 0.991
732 0.237
4964 0.669
3777 0.047
910 0.229
10848 0.892
4213 0.495
216 0.272
5206 0.855
3797 0.300
1143 0.568
4854 0.409
5376 0.899
10536 0.723
7407 0.153
2628 0.393
1782 0.642
3871 0.655
5674 0.177
219 0.994
8962 0.729
11282 0.676
3475 0.036
3047 0.430
10815 0.831
10812 0.578
4610 0.803
10948 0.107
1656 0.406
833 0.282
5700 0.921
3698 0.559
9142 0.877
782 0.822
7389 0.090
7862 0.682
5125 0.626
8131 0.513
5938 0.708
6911 0.437
5556 0.172
10351 0.070
8794 0.843
7559 0.511
4788 0.997
3949 0.549
7323 0.142
9501 0.608
3759 0.719
5014 0.186
1807 0.533
8826 0.826
3003 0.174
9513 0.979
10346 0.648
5057 0.605
5659 0.500
82 0.391
2783 0.897
6447 0.075
5292 0.639
11145 0.139
9814 0.496
6790 0.965
8476 0.691
9471 0.685
6539 0.930
9710 0.824
3713 0.862
5036 0.102
118 0.712
8253 0.561
5215 0.660
2964 0.473
10327 0.445
9383 0.476
3844 0.069
154 0.992
1231 0.460
9392 0.394
1328 0.920
7864 0.125
6052 0.375
6360 0.624
3971 0.741
6241 0.106
1134 0.920
6871 0.525
731 0.325
2518 0.638
5301 0.143
3166 0.376
1687 0.714
8259 0.790
6253 0.869
138 0.959
6832 0.647
8036 0.035
316 0.379
3461 0.599
10107 0.157
9814 0.212
594 0.397
5839 0.103
7632 0.995
10876 0.047
8896 0.233
7813 0.481
204 0.306
10606 0.253
7521 0.001
11041 0.698
9154 0.112
4972 0.953
7787 0.860
3141 0.692
9150 0.484
2598 0.054
10258 0.041
8898 0.805
4748 0.983
4625 0.345
5953 0.712
9020 0.794
2047 0.306
540 0.623
1620 0.350
10458 0.223
7495 0.714
5562 0.151
6683 0.231
1028 0.899
10275 0.809
3173 0.205
11234 0.792
3111 0.354
291 0.715
8893 0.404
5914 0.167
2828 0.800
3123 0.185
8853 0.580
9250 0.335
3150 0.239
3002 0.472
10482 0.368
78 0.559
517 0.512
10547 0.884
8768 0.805
5260 0.428
4691 0.034
6601 0.674
7910 0.717
1044 0.894
6206 0.841
2866 0.253
7478 0.046
10530 0.035
1213 0.721
11303 0.897
4396 0.210
1768 0.519
7844 0.274
9185 0.917
2889 0.362
4992 0.001
8575 0.840
5542 0.317
10727 0.138
5498 0.278
8422 0.119
8266 0.972
7742 0.486
6612 0.829
4016 0.359
4186 0.803
3821 0.150
10159 0.971
2774 0.106
3409 0.815
1267 0.373
804 0.279
1210 0.102
8731 0.312
4093 0.260
160 0.222
1880 0.904
3070 0.367
836 0.705
3618 0.952
3382 0.821
5997 0.239
1458 0.179
3054 0.872
10476 0.135
7174 0.595
4598 0.415
8266 0.412
5653 0.906
4636 0.229
2394 0.637
1303 0.530
4745 0.796
667 0.068
2098 0.047
4110 0.749
1099 0.771
4416 0.219
64 0.036
8105 0.343
2180 0.458
9886 0.692
1511 0.333
1798 0.172
7317 0.167
3283 0.420
4338 0.660
2377 0.427
5245 0.397
7583 0.813
3526 0.618
5855 0.061
2495 0.969
2530 0.431
5768 0.370
6389 0.342
2220 0.762
1660 0.561
9443 0.967
1170 0.887
9344 0.569
5114 0.912
4475 0.961
9743 0.684
2063 0.740
11247 0.164
10177 0.179
5976 0.714
4333 0.675
475 0.166
1487 0.983
1466 0.526
1013 0.022
3286 0.857
547 0.564
5446 0.433
9116 0.963
8004 0.891
3140 0.664
4190 0.640
3413 0.455
6633 0.430
10282 0.464
4025 0.906
2177 0.057
3466 0.063
10057 0.225
9967 0.350
2445 0.108
4695 0.293
7273 0.276
2414 0.878
3890 0.153
11216 0.393
8152 0.796
1755 0.571
5431 0.938
8285 0.202
982 0.663
8489 0.853
6297 0.705
2525 0.712
4680 0.875
5050 0.772
9493 0.351
5682 0.153
4439 0.987
6006 0.667
8265 0.772
1297 0.911
701 0.224
7249 0.209
1274 0.275
10441 0.682
8603 0.558
10615 0.047
1813 0.860
10305 0.602
1111 0.720
6683 0.871
4114 0.596
4977 0.644
8621 0.531
825 0.540
10138 0.563
9929 0.700
9808 0.577
1914 0.580
1442 0.505
8822 0.365
4717 0.240
466 0.050
7587 0.357
11283 0.739
1780 0.937
10872 0.099
5683 0.347
6832 0.965
10794 0.535
7106 0.568
10128 0.265
3442 0.878
10147 0.364
7440 0.064
5858 0.674
11013 0.802
2103 0.709
7573 0.527
1583 0.291
2292 0.470
6878 0.234
6956 0.261
10852 0.688
771 0.994
3385 0.148
6243 0.432
9297 0.217
8397 0.362
9690 0.678
9025 0.370
5108 0.931
9688 0.367
7973 0.125
4612 0.960
2524 0.279
2441 0.042
878 0.578
2539 0.320
727 0.113
1138 0.532
2145 0.267
5854 0.794
9753 0.846
10189 0.427
10223 0.112
4903 0.108
10588 0.506
1487 0.939
6664 0.947
451 0.558
1319 0.292
6733 0.900
10258 0.140
8885 0.508
11066 0.867
9747 0.058
597 0.043
6233 0.910
766 0.775
10027 0.690
10963 0.383
2394 0.083
6289 0.920
11181 0.442
2521 0.421
10608 0.699
8861 0.706
2930 0.074
303 0.224
2700 0.025
118 0.601
10956 0.824
4541 0.096
8700 0.774
2543 0.317
8232 0.523
10092 0.308
630 0.044
9985 0.440
861 0.441
6717 0.912
10929 0.865
541 0.422
4890 0.350
1741 0.288
9614 0.848
1724 0.079
1927 0.038
7032 0.202
3431 0.376
969 0.732
3441 0.820
8969 0.519
3426 0.843
2753 0.851
386 0.674
994 0.537
5523 0.966
8487 0.479
9579 0.554
8311 0.293
9513 0.753
8134 0.800
3383 0.785
10155 0.443
10449 0.179
4954 0.373
11202 0.655
8174 0.059
1616 0.069
9773 0.293
5051 0.433
5348 0.980
3760 0.741
8915 0.682
9317 0.184
3604 0.773
7683 0.161
3565 0.136
7497 0.265
3664 0.187
3979 0.673
8557 0.520
2637 0.517
7513 0.147
5785 0.648
8679 0.528
9058 0.668
6054 0.743
9983 0.636
11140 0.665
2203 0.642
10334 0.776
11357 0.693
8911 0.985
9808 0.888
7912 0.822
10954 0.718
9057 0.589
5015 0.877
1907 0.729
8804 0.734
2823 0.263
7076 0.918
6696 0.670
7991 0.018
3346 0.799
7955 0.961
6533 0.147
2145 0.525
8044 0.075
6898 0.912
10852 0.773
5859 0.633
3311 0.650
9758 0.821
4395 0.776
10257 0.759
9420 0.457
6138 0.721
6752 0.809
1297 0.573
5871 0.466
10385 0.286
8980 0.589
2738 0.961
7058 0.809
4616 0.612
2659 0.376
267 0.822
5316 0.110
3522 0.106
7317 0.392
10136 0.769
5500 0.670
4151 0.112
6825 0.083
3487 0.787
9620 0.852
2941 0.062
6723 0.033
359 0.772
11247 0.060
8184 0.166
2423 0.308
2074 0.146
2790 0.184
456 0.506
2793 0.737
7660 0.041
1038 0.469
6807 0.607
2225 0.516
2491 0.191
2450 0.645
2673 0.418
6910 0.298
2914 0.988
2906 0.326
2510 0.872
10126 0.447
1923 0.743
10766 0.927
645 0.184
1984 0.961
7271 0.920
6823 0.897
9235 0.274
5650 0.080
602 0.982
1084 0.345
1072 0.904
3141 0.510
10208 0.648
6040 0.956
11256 0.310
3543 0.933
2703 0.009
5586 0.146
11182 0.464
8359 0.659
6311 0.167
3568 0.640
4809 0.092
8105 0.171
2478 0.242
2730 0.286
905 0.053
1350 0.546
3500 0.205
48 0.888
5703 0.483
4141 0.852
3834 0.141
5465 0.915
9533 0.173
5661 0.008
8573 0.932
10076 0.782
3727 0.320
9297 0.045
2526 0.987
5267 0.625
8294 0.063
7140 0.544
10899 0.519
3639 0.871
5307 0.788
4997 0.922
2133 0.828
11104 0.192
9047 0.810
11231 0.264
8815 0.563
5030 0.606
8916 0.554
2332 0.108
10525 0.773
4527 0.167
2550 0.492
3675 0.632
10919 0.195
7141 0.165
780 0.451
5726 0.742
452 0.581
10598 0.777
6374 0.730
1710 0.061
5178 0.365
8557 0.106
2759 0.595
8054 0.843
7340 0.617
4468 0.299
7133 0.871
1313 0.514
1738 0.265
4379 0.653
5146 0.694
5369 0.293
4484 0.150
606 0.687
9273 0.472
3061 0.255
7105 0.081
375 0.604
2534 0.527
7671 0.500
2765 0.468
5577 0.293
9427 0.798
9267 0.004
2159 0.415
1079 0.736
4428 0.928
5769 0.462
8783 0.561
10616 0.563
6848 0.191
1561 0.435
8110 0.673
8758 0.476
420 0.952
9811 0.841
9860 0.380
3817 0.169
9574 0.998
4134 0.223
9424 0.952
3448 0.661
9869 0.995
3122 0.266
4969 0.519
3617 0.929
3521 0.489
5933 0.108
10382 0.454
2344 0.143
7154 0.402
397 0.295
5455 0.810
10670 0.577
10242 0.445
11255 0.744
10006 0.947
9305 0.429
11290 0.441
1019 0.580
10851 0.048
5414 0.786
10960 0.318
2590 0.578
3142 0.499
291 0.992
8348 0.454
6209 0.923
4373 0.216
702 0.692
5869 0.536
9931 0.202
7191 0.041
1197 0.117
6335 0.311
6970 0.400
6738 0.774
7553 0.931
4989 0.904
9195 0.647
7222 0.998
399 0.567
10315 0.860
6333 0.262
1459 0.588
3208 0.294
496 0.560
2049 0.890
3552 0.178
4806 0.284
8486 0.706
963 0.252
11087 0.576
1791 0.607
4771 0.665
8751 0.700
5382 0.113
1267 0.994
9913 0.637
11027 0.243
4298 0.869
7522 0.933
2929 0.345
8582 0.427
5738 0.980
10669 0.719
5696 0.364
5398 0.219
6108 0.921
10300 0.882
7761 0.733
10294 0.715
11058 0.060
7032 0.432
6757 0.978
1782 0.231
4176 0.698
7099 0.808
9573 0.081
5302 0.118
8343 0.965
5857 0.604
108 0.245
277 0.885
8055 0.628
1282 0.913
5748 0.600
405 0.246
1296 0.306
7354 0.458
5305 0.655
4926 0.667
4279 0.118
592 0.936
3853 0.795
11055 0.965
7250 0.193
5171 0.774
2715 0.060
11119 0.057
8850 0.687
698 0.999
3159 0.238
7910 0.364
4371 0.242
8193 0.242
6960 0.288
4136 0.234
3781 0.492
9297 0.200
4526 0.636
5154 0.648
8219 0.135
7066 0.361
5673 0.671
1928 0.306
9554 0.758
9138 0.691
3892 0.261
6405 0.503
6158 0.023
2754 0.931
9045 0.882
404 0.847
6398 0.357
2551 0.274
11249 0.186
4494 0.928
11238 0.352
2032 0.675
2815 0.628
1800 0.556
6423 0.959
11289 0.403
4427 0.620
5812 0.908
3322 0.702
10270 0.824
5535 0.382
3890 0.090
4597 0.214
6860 0.844
5636 0.097
5687 0.552
6564 0.376
167 0.652
8194 0.176
571 0.766
7583 0.474
3619 0.453
4077 0.398
6432 0.411
11190 0.264
4532 0.145
8369 0.941
9788 0.469
3173 0.794
9642 0.801
9331 0.210
5053 0.239
10305 0.607
5628 0.394
3417 0.117
7130 0.068
10099 0.309
1462 0.870
7697 0.509
3508 0.408
9681 0.436
3096 0.533
1497 0.058
6826 0.488
8161 0.977
4086 0.492
1406 0.764
5845 0.740
11331 0.718
2177 0.719
613 0.958
9972 0.196
6612 0.764
3218 0.946
10510 0.791
85 0.295
5190 0.148
7096 0.120
10574 0.296
3740 0.268
8563 0.260
5647 0.381
10718 0.659
3258 0.084
1851 0.535
6434 0.258
9040 0.456
5701 0.192
3012 0.621
7620 0.890
998 0.706
10063 0.702
6216 0.788
6132 0.731
1275 0.780
7779 0.870
7178 0.298
5101 0.426
2755 0.315
7089 0.978
8303 0.950
10107 0.482
2291 0.414
10906 0.748
8454 0.205
52 0.717
1766 0.415
7210 0.609
3708 0.850
6742 0.132
5243 0.103
9237 0.704
6191 0.534
2939 0.936
9394 0.133
689 0.970
9904 0.845
3975 0.034
7734 0.474
9666 0.670
5910 0.522
1799 0.908
87 0.944
3256 0.296
3976 0.255
9164 0.257
10951 0.035
8230 0.093
3744 0.155
10797 0.027
5721 0.563
2916 0.711
753 0.976
8234 0.477
11026 0.159
9272 0.983
4451 0.273
11096 0.352
7827 0.511
7227 0.030
2445 0.759
4231 0.553
6877 0.115
2435 0.694
10586 0.387
2051 0.901
1446 0.656
4069 0.298
8132 0.934
9247 0.838
80 0.063
8877 0.776
1877 0.583
5430 0.274
3931 0.317
9544 0.432
7876 0.807
4340 0.616
8043 0.472
5156 0.857
9230 0.129
1271 0.036
2295 0.215
8819 0.032
4100 0.468
7019 0.216
5444 0.003
5398 0.575
10607 0.737
9243 0.236
3308 0.213
1348 0.295
9492 0.899
5164 0.890
7477 0.828
3345 0.859
8383 0.798
55 0.015
8101 0.032
9117 0.437
3408 0.706
4868 0.735
600 0.354
5094 0.651
1572 0.081
1341 0.719
8493 0.564
3057 0.054
4556 0.949
5758 0.836
2178 0.203
11112 0.862
2988 0.501
2904 0.165
6930 0.106
1487 0.060
6652 0.888
1695 0.476
155 0.214
534 0.559
7569 0.592
7173 0.011
7242 0.029
3180 0.699
9325 0.000
2837 0.000
8123 0.242
506 0.764
7648 0.538
4747 0.863
9359 0.925
11156 0.764
8417 0.483
2865 0.815
8252 0.575
2189 0.198
80 0.625
829 0.149
8510 0.280
3738 0.200
10414 0.692
6560 0.266
4272 0.818
1531 0.964
4133 0.627
8332 0.743
10872 0.673
2606 0.378
8117 0.468
1926 0.505
8451 0.763
3868 0.942
2777 0.936
5156 0.184
3094 0.976
7367 0.777
6647 0.389
10984 0.493
5514 0.460
5557 0.316
644 0.384
11050 0.658
5846 0.105
9827 0.231
2957 0.898
4035 0.002
8801 0.153
8483 0.536
7645 0.074
1156 0.327
3409 0.280
11013 0.170
9195 0.055
5851 0.976
7506 0.747
9503 0.092
4752 0.302
1603 0.478
8374 0.820
10444 0.442
4999 0.081
8685 0.471
9188 0.773
415 0.193
11002 0.354
1941 0.922
6148 0.947
7787 0.934
6663 0.064
2533 0.146
9507 0.537
441 0.834
8090 0.508
10787 0.695
5030 0.713
10603 0.708
7775 0.697
4327 0.211
11335 0.362
5262 0.648
3426 0.119
10787 0.100
10768 0.278
10371 0.458
10787 0.142
5432 0.004
4559 0.617
9602 0.597
2073 0.663
5108 0.123
985 0.685
5369 0.300
7730 0.032
10340 0.346
969 0.938
8255 0.025
6230 0.901
4709 0.404
2729 0.809
5170 0.573
588 0.901
9344 0.196
7419 0.746
246 0.740
9338 0.398
614 0.853
958 0.501
6295 0.507
2136 0.531
8794 0.956
4636 0.589
4596 0.380
10050 0.378
7420 0.291
9807 0.196
2381 0.929
5000 0.291
5968 0.254
4194 0.078
5518 0.999
7927 0.812
1339 0.860
9490 0.767
7394 0.902
1974 0.933
5872 0.277
2182 0.741
6788 0.975
10774 0.792
6636 0.814
2766 0.027
8507 0.179
797 0.601
6756 0.979
9012 0.541
9993 0.385
8966 0.460
7317 0.229
11351 0.775
9817 0.073
3191 0.233
4850 0.595
4612 0.046
8218 0.413
7390 0.980
2553 0.731
6297 0.712
4362 0.026
9087 0.898
11197 0.884
8236 0.428
8527 0.583
7157 0.633
6165 0.968
10028 0.945
7344 0.239
9856 0.275
11128 0.091
10157 0.441
2109 0.515
10004 0.429
5887 0.441
2320 0.393
5360 0.994
1584 0.523
3593 0.164
651 0.064
2831 0.901
7090 0.609
6262 0.991
7174 0.033
3511 0.979
3439 0.567
5673 0.186
8277 0.808
2196 0.193
3192 0.367
6968 0.842
7771 0.997
5330 0.704
1487 0.726
9929 0.713
8303 0.005
9517 0.342
11087 0.937
8071 0.528
2579 0.820
5336 0.104
3410 0.307
1259 0.842
9085 0.224
488 0.003
5936 0.720
1102 0.918
2532 0.887
9890 0.609
4501 0.017
1755 0.430
316 0.217
10509 0.068
3402 0.394
1796 0.350
9125 0.868
2104 0.750
9623 0.540
5690 0.780
3177 0.480
5500 0.224
1876 0.555
1629 0.633
8805 0.710
3616 0.564
3165 0.738
345 0.250
945 0.009
2732 0.869
8971 0.283
3471 0.357
1538 0.758
1232 0.917
9126 0.392
1554 0.745
6147 0.510
8795 0.938
7761 0.186
8549 0.702
6729 0.433
4911 0.772
8187 0.267
2135 0.109
5311 0.785
23 0.055
5527 0.210
5362 0.429
7765 0.388
1337 0.027
4554 0.847
7757 0.091
7105 0.792
5845 0.846
5379 0.961
5475 0.062
761 0.651
1254 0.705
3068 0.354
5863 0.187
6881 0.914
2218 0.287
1037 0.420
2679 0.836
4686 0.139
2946 0.201
2115 0.687
8218 0.984
3827 0.158
5924 0.421
10108 0.095
1247 0.165
11097 0.209
9533 0.114
7019 0.282
6476 0.841
6403 0.167
8781 0.066
2194 0.074
3615 0.359
3859 0.838
10055 0.320
10298 0.265
1431 0.989
8727 0.738
7454 0.316
2650 0.831
9145 0.066
1406 0.024
2642 0.169
3717 0.316
6347 0.375
2416 0.781
4078 0.561
4690 0.742
286 0.887
5655 0.152
525 0.327
8178 0.703
2219 0.272
8329 0.972
6755 0.221
3585 0.000
6081 0.226
9179 0.495
5672 0.729
8932 0.616
4535 0.167
6626 0.880
11173 0.421
3519 0.142
1391 0.906
6421 0.457
2832 0.447
3934 0.735
3479 0.069
10275 0.321
10075 0.190
5885 0.725
2107 0.653
7163 0.491
264 0.174
6175 0.143
8929 0.923
1618 0.486
8645 0.866
7319 0.235
9270 0.028
5005 0.620
8361 0.842
9337 0.676
3248 0.617
5676 0.818
10809 0.953
2354 0.728
7977 0.648
4942 0.162
6382 0.580
1007 0.561
10069 0.394
2151 0.212
6975 0.854
10651 0.072
9042 0.882
4209 0.419
1777 0.906
9632 0.510
208 0.777
10594 0.288
7854 0.431
10393 0.672
740 0.887
8859 0.396
9025 0.933
1819 0.236
4083 0.848
1865 0.534
3699 0.328
11354 0.038
253 0.785
3114 0.777
1741 0.439
10478 0.540
1272 0.619
6586 0.258
10442 0.222
2904 0.586
7910 0.828
7732 0.255
1011 0.072
10223 0.534
2742 0.238
9952 0.035
6845 0.751
9563 0.160
196 0.253
4113 0.057
5472 0.577
9449 0.600
460 0.487
2295 0.384
2263 0.174
10923 0.564
3043 0.973
6142 0.890
3355 0.320
756 0.291
1435 0.253
4242 0.692
8761 0.175
4230 0.011
7988 0.356
4374 0.062
1353 0.782
8897 0.660
8556 0.187
3582 0.403
8989 0.027
8969 0.527
7096 0.614
2519 0.743
1410 0.480
6295 0.054
6307 0.947
9064 0.207
1843 0.165
1533 0.574
4724 0.833
10016 0.452
7266 0.113
4505 0.395
11209 0.835
3609 0.174
9181 0.807
8718 0.875
10438 0.691
6793 0.319
7908 0.140
6942 0.418
6349 0.517
5564 0.200
5799 0.419
10415 0.410
7930 0.357
4572 0.600
5353 0.890
7310 0.837
4728 0.289
10452 0.472
4175 0.977
4254 0.345
2256 0.640
9231 0.360
5864 0.015
822 0.206
8072 0.781
7436 0.895
4094 0.254
9473 0.492
781 0.043
1138 0.133
5850 0.554
2097 0.705
5802 0.218
2664 0.620
218 0.235
7853 0.359
4238 0.975
3429 0.781
3623 0.300
5165 0.394
912 0.309
3126 0.306
4726 0.344
10456 0.961
2220 0.041
3584 0.819
3150 0.465
3752 0.360
9014 0.863
5224 0.121
2806 0.577
10669 0.097
5932 0.230
10046 0.215
736 0.009
4973 0.962
3178 0.207
5457 0.315
8053 0.203
4317 0.736
6788 0.515
9267 0.170
7832 0.571
4397 0.527
8666 0.119
3323 0.903
4899 0.000
2472 0.512
1816 0.250
1405 0.538
3789 0.528
594 0.895
8013 0.256
9587 0.332
1425 0.437
11354 0.161
8608 0.492
4309 0.205
10532 0.806
10028 0.565
6394 0.893
11135 0.698
3964 0.026
9597 0.503
8285 0.930
4126 0.466
5391 0.393
165 0.204
221 0.816
2761 0.736
2723 0.882
7138 0.073
6945 0.814
337 0.739
9405 0.314
2367 0.984
9958 0.761
3682 0.837
8920 0.382
6852 0.457
10274 0.291
7023 0.641
9216 0.882
4809 0.956
2752 0.439
10518 0.542
4175 0.351
8233 0.120
7419 0.724
4805 0.036
10281 0.519
4146 0.139
261 0.106
10988 0.592
2093 0.728
288 0.185
8801 0.236
6552 0.110
6335 0.139
2469 0.913
851 0.504
175 0.101
335 0.505
517 0.207
5209 0.902
8666 0.047
1014 0.410
1309 0.528
4948 0.004
10025 0.221
9463 0.473
6549 0.497
4183 0.273
1402 0.847
4105 0.867
4790 0.477
7672 0.018
4798 0.798
1895 0.686
1924 0.159
3077 0.486
3615 0.121
4581 0.004
4133 0.730
8199 0.241
711 0.296
6362 0.612
3819 0.482
6716 0.921
816 0.770
497 0.782
9786 0.675
6860 0.890
2563 0.797
8305 0.929
9094 0.378
4868 0.463
4600 0.786
6148 0.661
7247 0.351
1057 0.607
10489 0.308
7513 0.049
10079 0.275
10893 0.204
8418 0.418
10744 0.448
1145 0.071
1787 0.564
1926 0.042
10922 0.445
11189 0.317
4309 0.674
7142 0.787
4935 0.560
7095 0.536
2693 0.443
9282 0.567
4982 0.186
674 0.981
7955 0.685
5257 0.551
10278 0.869
4066 0.333
10887 0.939
10384 0.443
8596 0.423
219 0.787
10503 0.559
7645 0.589
5508 0.913
5877 0.635
1685 0.717
9339 0.863
8520 0.317
8532 0.468
4265 0.908
9030 0.398
4549 0.457
713 0.427
3969 0.485
6995 0.914
856 0.787
9749 0.113
4738 0.137
127 0.566
16 0.066
6981 0.648
9633 0.172
3570 0.273
9452 0.806
8460 0.662
7242 0.733
4404 0.218
6580 0.320
10713 0.380
2749 0.959
1231 0.197
5900 0.711
4067 0.258
352 0.137
1631 0.234
6575 0.009
8896 0.019
1773 0.407
8829 0.544
3299 0.302
146 0.564
2746 0.424
7114 0.750
8823 0.506
10840 0.210
3111 0.506
8354 0.056
858 0.835
4816 0.420
9293 0.406
2432 0.950
1984 0.475
11332 0.664
5271 0.852
9901 0.639
9122 0.941
9559 0.296
1542 0.463
5502 0.694
498 0.259
5600 0.582
10721 0.830
5954 0.723
2191 0.779
770 0.633
9652 0.286
9788 0.113
2259 0.198
6895 0.868
872 0.794
9013 0.924
4698 0.973
2566 0.036
9964 0.273
3320 0.805
3632 0.256
9221 0.256
5295 0.383
3359 0.095
7817 0.144
2338 0.854
4098 0.254
10924 0.095
7628 0.851
5806 0.551
2995 0.659
5376 0.639
525 0.492
5418 0.100
565 0.078
7334 0.028
1002 0.224
9347 0.277
9029 0.287
9073 0.745
9575 0.117
7746 0.823
8186 0.804
3241 0.416
289 0.510
1420 0.317
10105 0.902
5004 0.608
9424 0.427
10183 0.463
4657 0.246
1376 0.874
5360 0.630
11028 0.267
6912 0.209
347 0.144
8424 0.640
1461 0.598
7799 0.091
7740 0.599
6768 0.609
9562 0.912
4136 0.586
6855 0.552
9652 0.408
9753 0.070
5384 0.156
7348 0.857
985 0.337
10688 0.391
3979 0.932
3588 0.404
6604 0.486
9413 0.901
5470 0.152
2015 0.642
4611 0.333
1804 0.239
5914 0.939
4672 0.231
6949 0.466
7293 0.875
3018 0.019
4593 0.546
7994 0.049
9368 0.590
5104 0.040
6428 0.279
2736 0.187
10350 0.075
5439 0.863
5611 0.914
4101 0.443
1238 0.923
4660 0.706
2495 0.241
6753 0.109
4862 0.120
8966 0.731
1951 0.526
573 0.233
11132 0.912
2104 0.072
58 0.933
428 0.652
8667 0.769
6346 0.366
10134 0.783
10803 0.512
8442 0.256
11274 0.692
6840 0.975
5051 0.327
6713 0.457
2674 0.212
7859 0.428
9744 0.663
9366 0.733
1705 0.218
6653 0.608
7226 0.189
1973 0.618
4570 0.942
4848 0.554
1576 0.909
10915 0.449
10046 0.552
1157 0.064
3026 0.990
1289 0.361
2671 0.181
7480 0.924
3153 0.819
7278 0.250
1700 0.190
7159 0.292
4601 0.088
3141 0.992
6985 0.998
7914 0.695
5319 0.540
9534 0.231
299 0.074
8172 0.335
10784 0.659
300 0.047
9336 0.078
4324 0.036
5229 0.168
1330 0.354
4024 0.076
4938 0.923
8356 0.873
5753 0.135
2393 0.879
5729 0.676
9634 0.308
8041 0.574
4677 0.013
990 0.909
8018 0.427
10783 0.656
6232 0.151
2365 0.517
1144 0.792
3756 0.054
4154 0.883
214 0.349
4490 0.397
4662 0.032
10716 0.711
3302 0.363
2916 0.793
3474 0.117
193 0.818
8891 0.460
636 0.468
2412 0.980
896 0.258
9939 0.589
1591 0.546
5326 0.903
8365 0.957
2468 0.787
9288 0.290
7439 0.762
9171 0.127
9778 0.104
5341 0.381
11051 0.427
2034 0.761
1023 0.721
1598 0.634
1842 0.380
5011 0.545
3253 0.123
11011 0.533
5927 0.716
6695 0.377
619 0.569
10793 0.164
1222 0.870
1667 0.618
8540 0.870
6367 0.540
804 0.769
638 0.903
8279 0.776
1664 0.467
8323 0.580
9122 0.867
3447 0.739
8049 0.339
6539 0.124
1384 0.675
2837 0.422
1785 0.653
5604 0.131
4376 0.094
4921 0.829
4519 0.485
9003 0.990
7898 0.717
1095 0.400
8504 0.838
11049 0.350
8657 0.979
755 0.245
10215 0.382
3856 0.962
4763 0.545
10527 0.632
9472 0.226
9137 0.017
9821 0.931
3302 0.565
2050 0.541
796 0.251
1708 0.255
520 0.464
1745 0.994
5945 0.817
8326 0.655
3646 0.402
11072 0.112
8127 0.833
9355 0.374
3899 0.825
4143 0.006
3977 0.882
5822 0.176
7310 0.431
6032 0.436
5838 0.186
658 0.269
10926 0.232
3894 0.530
7237 0.727
1154 0.654
4323 0.251
3142 0.604
1584 0.052
1955 0.814
8283 0.530
3332 0.491
5691 0.232
6355 0.327
5307 0.984
10211 0.195
7250 0.549
6905 0.346
3777 0.007
9972 0.988
6275 0.601
1027 0.400
3146 0.497
7614 0.574
9956 0.634
7955 0.975
2 0.476
2160 0.315
390 0.395
4396 0.259
200 0.541
1753 0.903
6514 0.933
3158 0.277
10841 0.437
5624 0.333
7688 0.109
6871 0.764
6795 0.159
5257 0.385
3954 0.177
2148 0.903
10860 0.145
9192 0.553
5167 0.502
10145 0.421
8237 0.922
7468 0.695
6056 0.633
7217 0.813
459 0.283
7082 0.976
1516 0.905
570 0.890
2161 0.834
2729 0.258
6452 0.285
6935 0.336
267 0.027
3100 0.723
4588 0.559
7545 0.133
10091 0.082
6292 0.004
7681 0.616
4402 0.256
3792 0.917
4729 0.130
7365 0.575
7220 0.239
5486 0.384
9774 0.119
1706 0.404
5751 0.545
5897 0.809
2463 0.448
10480 0.689
2203 0.280
4579 0.654
10290 0.151
3661 0.842
4775 0.127
3584 0.996
7935 0.679
4358 0.917
3248 0.513
8849 0.114
6754 0.489
3744 0.319
6772 0.661
2864 0.314
7833 0.262
6920 0.806
2807 0.697
1796 0.532
4558 0.100
423 0.412
10308 0.308
4200 0.319
5377 0.236
9 0.160
3797 0.153
2077 0.438
4460 0.404
3878 0.325
6086 0.679
6697 0.509
4407 0.887
1326 0.221
4967 0.686
7217 0.509
10927 0.145
8450 0.889
708 0.657
10426 0.328
10071 0.949
5532 0.594
6972 0.065
315 0.484
8637 0.525
4620 0.930
1691 0.667
7018 0.402
11026 0.614
1819 0.677
5882 0.899
10074 0.131
175 0.104
6129 0.511
6279 0.129
506 0.236
4774 0.031
7402 0.593
8286 0.161
7004 0.830
4716 0.135
2062 0.170
921 0.314
1204 0.881
10309 0.800
9454 0.787
2286 0.822
6346 0.305
9804 0.575
2265 0.380
3374 0.837
3602 0.025
5309 0.758
9089 0.145
2634 0.229
1863 0.461
9318 0.142
1705 0.488
7931 0.984
10781 0.662
5921 0.477
2698 0.060
7926 0.081
9976 0.829
6032 0.563
8835 0.071
8315 0.876
5888 0.956
11080 0.463
4300 0.360
8437 0.651
1002 0.273
5678 0.305
4975 0.381
10690 0.457
2181 0.973
7503 0.015
5313 0.813
4319 0.596
913 0.890
11144 0.107
7851 0.691
867 0.439
6824 0.295
2510 0.600
649 0.163
949 0.691
4826 0.122
10861 0.000
8122 0.955
491 0.565
1624 0.377
365 0.730
8417 0.375
5716 0.563
6326 0.853
11241 0.523
6911 0.205
7003 0.608
5653 0.799
2506 0.025
10941 0.075
7955 0.010
4270 0.301
939 0.409
11292 0.652
4289 0.909
3181 0.595
9715 0.211
7760 0.740
4285 0.683
2661 0.589
1828 0.968
3127 0.723
2824 0.410
3969 0.913
10638 0.663
2058 0.275
10388 0.156
9109 0.378
5458 0.883
10205 0.005
6974 0.811
9592 0.740
9263 0.516
9775 0.220
7830 0.051
10214 0.458
1353 0.347
10179 0.367
4536 0.615
4019 0.360
728 0.281
3057 0.423
1485 0.997
2977 0.836
5644 0.459
9276 0.427
5269 0.443
9909 0.794
1366 0.146
8457 0.005
3637 0.697
2144 0.865
9564 0.283
1291 0.341
5083 0.016
6397 0.982
345 0.487
3135 0.792
5648 0.912
6965 0.835
8675 0.494
3455 0.295
7896 0.510
10554 0.532
6135 0.774
5618 0.000
4989 0.380
2502 0.024
7758 0.109
1015 0.755
451 0.985
5687 0.761
10542 0.856
6898 0.230
85 0.075
10238 0.494
549 0.725
515 0.302
7641 0.106
8662 0.615
8636 0.772
1101 0.510
5873 0.781
10613 0.308
6579 0.357
4057 0.445
7841 0.337
5495 0.971
4405 0.913
3993 0.083
14 0.993
3876 0.293
7145 0.661
6758 0.179
10091 0.067
6237 0.915
10728 0.710
5456 0.257
5856 0.406
9950 0.497
2563 0.762
1648 0.273
6368 0.026
3231 0.640
7710 0.590
6091 0.973
9948 0.250
3137 0.390
1056 0.538
5033 0.879
10244 0.831
2688 0.992
9769 0.527
9202 0.786
7347 0.766
4698 0.889
7195 0.243
2948 0.710
4618 0.118
10670 0.415
9240 0.877
8922 0.657
10736 0.969
9846 0.475
6793 0.490
9862 0.853
5673 0.905
6402 0.556
11236 0.321
6565 0.288
297 0.884
10850 0.770
10616 0.837
9978 0.511
7256 0.179
5598 0.421
3304 0.314
2000 0.776
930 0.204
53 0.693
5322 0.626
1064 0.136
9256 0.057
9108 0.315
8164 0.780
5748 0.327
7323 0.486
8685 0.129
6316 0.195
816 0.644
10834 0.340
3913 0.556
3925 0.775
16 0.432
2835 0.349
1113 0.414
8259 0.203
7208 0.475
284 0.065
8562 0.052
9956 0.507
9227 0.504
10735 0.289
11038 0.919
9612 0.453
7656 0.804
6816 0.593
1116 0.642
4319 0.286
8559 0.282
11000 0.207
9191 0.233
10165 0.498
2550 0.830
8079 0.610
448 0.125
10097 0.395
7629 0.614
928 0.033
10439 0.038
5270 0.607
7788 0.631
5169 0.563
8879 0.148
10892 0.842
9174 0.400
2732 0.658
4065 0.378
4211 0.335
7992 0.316
5889 0.548
1286 0.001
4430 0.891
1176 0.326
6366 0.961
1847 0.284
8181 0.256
10692 0.658
3423 0.709
2067 0.357
2367 0.867
8223 0.792
242 0.142
3296 0.273
311 0.066
7869 0.882
9514 0.326
1861 0.066
7991 0.187
3229 0.532
5972 0.716
78 0.305
111 0.227
6673 0.156
6349 0.491
3035 0.991
5732 0.910
3112 0.588
1465 0.994
4483 0.048
1300 0.237
131 0.899
1120 0.776
6740 0.512
2455 0.754
797 0.117
3791 0.236
5222 0.295
4100 0.711
7868 0.444
7856 0.731
3859 0.475
7745 0.802
8036 0.074
3968 0.812
2992 0.153
6158 0.818
3773 0.640
5779 0.855
6458 0.830
7577 0.983
2637 0.886
7871 0.400
6539 0.599
4219 0.124
7245 0.897
11284 0.955
5154 0.147
1079 0.944
3794 0.979
8352 0.996
5604 0.021
7729 0.532
7336 0.150
1080 0.392
10837 0.138
10026 0.983
404 0.934
8358 0.940
410 0.643
7986 0.952
2385 0.739
8719 0.004
2537 0.801
7297 0.247
6898 0.447
9788 0.723
1860 0.056
2464 0.841
9644 0.839
9243 0.777
7402 0.548
11348 0.140
11077 0.030
7789 0.438
1859 0.059
6591 0.510
837 0.555
11103 0.695
9861 0.516
8175 0.016
9879 0.454
6233 0.881
311 0.658
1693 0.979
11241 0.989
8902 0.190
8405 0.053
5760 0.950
9723 0.564
2075 0.651
322 0.734
2151 0.907
6611 0.672
3890 0.293
800 0.641
4450 0.041
7911 0.261
1089 0.878
8373 0.676
423 0.569
5032 0.170
9016 0.967
2164 0.877
8826 0.530
2657 0.320
9400 0.249
2292 0.166
8216 0.789
804 0.445
7907 0.418
3014 0.204
7153 0.935
4811 0.272
2406 0.364
6145 0.168
6495 0.152
9034 0.862
6928 0.946
9965 0.846
10845 0.728
10506 0.030
104 0.602
6937 0.158
9067 0.711
8088 0.836
3857 0.410
10392 0.275
11081 0.306
3920 0.648
10229 0.569
7658 0.404
1247 0.684
10369 0.858
2859 0.040
10317 0.517
8491 0.402
6783 0.802
5112 0.593
7796 0.827
4209 0.007
159 0.800
4926 0.429
10625 0.639
6203 0.090
4541 0.726
4230 0.242
9746 0.877
1521 0.565
707 0.529
8275 0.256
9820 0.803
6569 0.913
7487 0.980
1342 0.056
9628 0.696
8376 0.257
5470 0.330
3682 0.837
8913 0.399
3659 0.707
612 0.992
4216 0.059
3100 0.400
5414 0.378
11018 0.805
3816 0.491
10307 0.084
5946 0.973
9930 0.910
4236 0.892
6941 0.263
10117 0.007
2014 0.239
10528 0.313
11313 0.053
1103 0.131
3444 0.272
4666 0.532
6217 0.258
3520 0.590
2834 0.576
6139 0.665
7311 0.373
6237 0.679
9314 0.660
6341 0.484
5898 0.417
638 0.420
7904 0.858
2645 0.213
10611 0.198
5492 0.133
3342 0.760
2674 0.050
7658 0.326
6111 0.481
2026 0.351
8214 0.156
5557 0.934
11023 0.066
4031 0.217
10539 0.715
6978 0.183
4603 0.460
6287 0.626
2130 0.757
6302 0.479
5898 0.154
5054 0.184
1888 0.286
3080 0.960
7853 0.046
1090 0.609
10759 0.435
2782 0.390
5601 0.435
4460 0.262
5002 0.921
5822 0.576
8961 0.927
41 0.528
3410 0.931
2119 0.979
570 0.279
4474 0.079
9617 0.039
4581 0.954
6799 0.152
10712 0.989
3195 0.030
7965 0.065
9371 0.850
1854 0.992
4566 0.587
3154 0.311
9760 0.967
3947 0.887
9455 0.133
8902 0.316
5941 0.190
3691 0.303
8103 0.057
2312 0.570
7633 0.338
11043 0.400
10444 0.239
10123 0.059
7255 0.741
10478 0.233
5467 0.764
9347 0.464
457 0.426
10952 0.630
5762 0.001
1231 0.292
8121 0.484
4164 0.937
10266 0.959
8727 0.847
1165 0.089
7836 0.626
8322 0.338
761 0.199
6134 0.134
4832 0.251
9969 0.790
720 0.254
10910 0.470
7727 0.123
10846 0.570
4103 0.949
6479 0.252
2290 0.692
8422 0.736
2111 0.048
7851 0.165
3495 0.890
5090 0.616
7737 0.198
8585 0.775
7903 0.517
6259 0.784
7935 0.690
891 0.340
9278 0.392
4864 0.972
3608 0.984
7968 0.078
10290 0.646
4660 0.025
4275 0.095
9102 0.106
8637 0.067
5847 0.643
1594 0.271
5728 0.613
10192 0.459
319 0.408
4196 0.657
5919 0.423
4240 0.336
5771 0.282
6880 0.329
2066 0.172
1301 0.497
7693 0.986
2011 0.724
10978 0.663
11312 0.191
10845 0.477
4471 0.942
4073 0.932
2538 0.270
9058 0.401
4150 0.830
1806 0.518
8347 0.669
8455 0.830
804 0.800
5880 0.148
300 0.259
3802 0.550
4234 0.460
6668 0.813
2712 0.600
2561 0.718
90 0.928
1907 0.699
9338 0.265
11168 0.833
2511 0.214
4341 0.595
9282 0.040
9020 0.877
988 0.974
3852 0.564
11167 0.006
2690 0.680
7489 0.159
330 0.997
6405 0.987
10239 0.785
4965 0.106
7809 0.722
5968 0.357
3779 0.064
6327 0.413
9422 0.425
3310 0.578
3531 0.063
9062 0.845
3117 0.420
9649 0.331
4702 0.160
6813 0.166
2596 0.782
6635 0.521
11009 0.982
8709 0.206
6674 0.234
5109 0.018
5389 0.772
8632 0.452
1057 0.163
2917 0.924
4511 0.410
5701 0.051
1153 0.107
6092 0.698
7539 0.727
8340 0.283
4566 0.480
1884 0.788
43 0.503
8737 0.270
3728 0.683
8282 0.857
9472 0.250
3328 0.246
8551 0.776
136 0.237
1863 0.984
3271 0.836
5524 0.097
6140 0.531
8554 0.987
9984 0.565
6839 0.447
3486 0.180
6360 0.368
2969 0.473
10720 0.293
383 0.079
7926 0.632
731 0.340
4535 0.003
5240 0.637
9114 0.540
10517 0.560
7880 0.967
9959 0.083
1367 0.169
5458 0.139
2341 0.813
7692 0.995
2131 0.535
10548 0.472
2729 0.340
6133 0.704
7519 0.771
10073 0.832
664 0.109
7772 0.401
9747 0.719
4973 0.613
385 0.969
9815 0.035
10683 0.075
1405 0.444
969 0.271
8302 0.050
2436 0.188
6144 0.240
8060 0.801
9834 0.914
7780 0.817
1180 0.341
1871 0.050
3969 0.782
2363 0.361
7121 0.582
5085 0.327
8199 0.445
6753 0.268
7721 0.474
4853 0.812
2192 0.586
9108 0.818
7898 0.558
8380 0.611
9060 0.203
4230 0.478
2349 0.726
3452 0.182
7216 0.914
986 0.246
216 0.112
4855 0.231
285 0.190
3709 0.407
8746 0.806
2167 0.240
8845 0.419
4972 0.926
11081 0.397
4792 0.498
3501 0.184
10778 0.077
1120 0.215
5102 0.740
1012 0.995
5512 0.220
2036 0.335
7848 0.704
1933 0.236
10567 0.056
2362 0.597
10329 0.631
3880 0.110
9263 0.807
3691 0.889
10261 0.325
4000 0.867
2328 0.947
6019 0.101
650 0.018
9272 0.431
2244 0.127
10608 0.065
4699 0.382
2230 0.961
3798 0.376
8586 0.054
3654 0.570
5858 0.497
10103 0.530
4252 0.497
279 0.000
4562 0.629
10940 0.042
10027 0.257
9414 0.928
10493 0.419
7009 0.675
10221 0.763
965 0.021
10368 0.127
10124 0.359
7714 0.579
5113 0.652
1677 0.941
3573 0.755
1899 0.665
10769 0.987
8433 0.115
6860 0.019
407 0.368
9177 0.408
3507 0.806
6257 0.986
5171 0.913
4002 0.788
1110 0.007
229 0.141
8081 0.597
6310 0.137
1198 0.475
1515 0.088
921 0.048
6237 0.339
4935 0.200
467 0.088
1709 0.077
7150 0.582
3254 0.653
5915 0.209
4043 0.317
9700 0.256
4887 0.426
6383 0.288
4259 0.886
7215 0.021
5689 0.771
10118 0.242
3046 0.646
446 0.996
10193 0.172
6379 0.775
3375 0.668
9732 0.674
560 0.612
4490 0.624
197 0.419
9485 0.081
507 0.954
8179 0.653
3452 0.191
4717 0.177
6753 0.290
4584 0.148
1492 0.083
7236 0.201
2624 0.512
1925 0.744
8707 0.080
5196 0.825
4178 0.796
9713 0.234
8389 0.560
7298 0.218
480 0.532
5023 0.751
9302 0.085
637 0.565
5799 0.876
1036 0.962
4715 0.669
5411 0.105
174 0.160
1010 0.424
9375 0.673
8136 0.989
143 0.872
9604 0.861
6633 0.507
4100 0.408
9751 0.193
8787 0.490
2158 0.044
1106 0.407
7196 0.940
2958 0.794
1639 0.273
667 0.997
8233 0.100
5268 0.083
7503 0.721
7120 0.505
4397 0.917
4447 0.668
6711 0.716
9501 0.201
6868 0.076
512 0.261
5726 0.837
3609 0.160
3667 0.840
8351 0.520
3843 0.284
4553 0.296
3011 0.254
8683 0.443
387 0.989
2260 0.759
3844 0.925
4675 0.720
3521 0.785
8314 0.239
5911 0.153
1392 0.037
9635 0.682
5543 0.462
2884 0.570
10011 0.185
8014 0.908
2897 0.373
5733 0.107
10363 0.673
2332 0.433
1356 0.467
1242 0.362
494 0.659
3944 0.379
698 0.893
4796 0.036
7659 0.202
7513 0.863
6774 0.367
2354 0.135
9162 0.523
11147 0.221
10930 0.134
1929 0.261
7923 0.858
5674 0.361
8263 0.785
3991 0.425
6966 0.841
9148 0.599
4879 0.888
2728 0.151
7421 0.081
5911 0.184
2550 0.866
6872 0.258
7260 0.358
5930 0.035
4716 0.823
6881 0.148
8100 0.654
9842 0.298
4313 0.141
626 0.883
6095 0.395
2248 0.219
6235 0.730
758 0.783
3803 0.209
11160 0.091
319 0.702
1130 0.423
7720 0.488
7504 0.984
5585 0.150
7596 0.829
3665 0.145
274 0.907
664 0.295
2397 0.469
7649 0.187
1361 0.833
2368 0.945
5255 0.056
2957 0.321
3162 0.964
4480 0.263
5670 0.860
6425 0.464
7816 0.236
9564 0.164
761 0.719
449 0.663
583 0.339
2281 0.666
3144 0.784
958 0.666
1593 0.677
10209 0.738
588 0.481
2188 0.029
5603 0.606
5138 0.263
8216 0.802
5336 0.173
1604 0.906
7358 0.349
1591 0.950
411 0.844
3815 0.567
8828 0.901
3654 0.413
1435 0.793
7450 0.510
1326 0.257
6340 0.860
9993 0.883
4616 0.660
2803 0.154
4809 0.479
10303 0.039
4304 0.480
1270 0.032
5391 0.640
3254 0.583
10126 0.557
3788 0.986
7125 0.270
6557 0.745
4414 0.882
4106 0.965
10489 0.486
5305 0.838
2417 0.278
2723 0.201
2157 0.034
3322 0.059
3465 0.661
1905 0.876
5484 0.948
5816 0.304
8467 0.066
10537 0.418
8046 0.026
9912 0.916
9690 0.799
8057 0.205
3920 0.556
4606 0.829
9953 0.834
5959 0.185
2781 0.179
9045 0.471
3630 0.413
1198 0.451
8276 0.862
1572 0.156
7242 0.529
7855 0.635
5782 0.441
6765 0.377
2866 0.335
9115 0.715
8973 0.645
8053 0.625
8384 0.144
7101 0.513
1351 0.430
2650 0.680
1835 0.723
495 0.362
9275 0.606
4904 0.338
2260 0.510
10055 0.274
9112 0.560
3551 0.790
10579 0.870
2347 0.331
4572 0.952
7094 0.652
5968 0.617
9959 0.201
4876 0.397
648 0.597
6600 0.959
1271 0.449
8509 0.080
7084 0.650
9096 0.677
8081 0.592
974 0.836
10314 0.295
4598 0.115
10593 0.828
6774 0.223
4417 0.831
6653 0.514
6246 0.603
6725 0.592
9038 0.729
3850 0.061
5951 0.383
7298 0.731
3901 0.409
9642 0.265
9389 0.222
9878 0.854
10900 0.847
4090 0.667
5413 0.038
1311 0.719
2077 0.318
2012 0.412
3567 0.092
9189 0.844
10853 0.318
10541 0.989
8237 0.145
2965 0.221
6327 0.299
5670 0.455
6829 0.328
4647 0.636
9453 0.593
1222 0.206
7919 0.929
5146 0.721
7401 0.226
5811 0.025
5211 0.561
329 0.968
6048 0.613
6637 0.523
8989 0.848
7764 0.999
1018 0.726
4354 0.992
5968 0.299
8739 0.142
2667 0.529
8643 0.821
954 0.025
8222 0.649
11313 0.869
7936 0.443
10392 0.275
9947 0.641
8258 0.223
2041 0.669
10018 0.590
6293 0.585
5141 0.497
3466 0.096
1911 0.281
8408 0.607
5492 0.551
3554 0.709
7227 0.926
1833 0.907
7494 0.525
10960 0.170
262 0.872
8159 0.828
6574 0.576
7349 0.075
10991 0.750
4652 0.148
3011 0.887
602 0.961
9695 0.491
7863 0.177
8439 0.000
7820 0.977
8580 0.027
11336 0.204
2129 0.584
9554 0.184
5351 0.432
7574 0.561
4984 0.815
7151 0.372
4905 0.511
3682 0.838
3752 0.269
6744 0.243
10385 0.885
3081 0.125
10668 0.936
2898 0.323
8741 0.077
1836 0.750
7333 0.903
8780 0.682
9333 0.358
669 0.921
5870 0.069
10634 0.209
3637 0.058
1855 0.748
2129 0.435
9868 0.204
3535 0.352
11133 0.023
8636 0.036
1377 0.661
6411 0.672
9232 0.418
4015 0.515
2750 0.678
6524 0.552
3681 0.055
3481 0.450
8423 0.771
10924 0.074
7247 0.538
358 0.398
342 0.944
2153 0.942
6491 0.403
213 0.813
5423 0.009
8847 0.984
10228 0.657
2975 0.392
8331 0.136
3487 0.091
9742 0.974
4659 0.702
8006 0.501
576 0.964
10130 0.128
4156 0.018
9876 0.926
9641 0.829
9368 0.315
10403 0.044
5452 0.126
2560 0.475
6373 0.373
10125 0.826
6266 0.828
10713 0.065
7602 0.521
1605 0.683
7708 0.606
11293 0.506
4366 0.166
3166 0.092
6811 0.104
8736 0.310
9368 0.906
886 0.934
983 0.189
9876 0.426
7075 0.999
687 0.440
7264 0.872
10301 0.370
2890 0.368
6854 0.315
3422 0.280
10894 0.449
9622 0.252
2578 0.738
6127 0.389
3251 0.415
10291 0.296
9409 0.498
4391 0.739
1095 0.619
2199 0.129
5303 0.681
9662 0.829
7265 0.070
2898 0.978
6779 0.707
1746 0.567
9952 0.691
5301 0.467
11011 0.847
8260 0.498
2693 0.693
2579 0.803
2738 0.774
4572 0.944
2661 0.264
4504 0.702
8763 0.734
5854 0.741
3546 0.251
4288 0.030
4833 0.088
4175 0.328
8000 0.914
4165 0.085
8734 0.956
9092 0.368
7944 0.099
462 0.020
7061 0.544
8314 0.087
10295 0.221
7317 0.777
6634 0.471
2484 0.150
9193 0.846
10198 0.454
5391 0.614
10285 0.513
9876 0.597
9567 0.730
4755 0.655
2561 0.019
10911 0.897
5910 0.715
5379 0.607
1216 0.300
2047 0.991
8982 0.581
3570 0.786
5778 0.331
4576 0.316
9075 0.551
5769 0.301
5225 0.000
6272 0.480
6298 0.090
5314 0.250
9415 0.433
10186 0.129
6300 0.289
8610 0.465
2636 0.889
7107 0.753
10780 0.406
11080 0.761
4363 0.381
3397 0.538
7140 0.025
1620 0.634
5841 0.163
8473 0.898
1223 0.562
5066 0.290
3835 0.128
4896 0.278
6643 0.766
6904 0.442
1030 0.364
9611 0.067
10547 0.170
7317 0.319
4133 0.672
1508 0.767
833 0.605
2548 0.712
1664 0.358
3013 0.714
10868 0.861
3684 0.925
3333 0.153
10311 0.663
4308 0.017
7660 0.005
2001 0.877
8637 0.133
9552 0.204
3683 0.921
8079 0.340
9796 0.789
7095 0.371
10568 0.355
6987 0.421
3403 0.659
149 0.422
1680 0.516
10519 0.081
1710 0.390
7566 0.777
4794 0.089
313 0.610
5318 0.125
7828 0.719
11327 0.535
1339 0.820
1304 0.415
9805 0.246
5279 0.846
1327 0.242
2013 0.586
10923 0.291
683 0.984
7491 0.348
5170 0.835
447 0.710
4388 0.285
519 0.077
5771 0.183
10343 0.627
4413 0.663
1321 0.828
7643 0.301
5592 0.234
4087 0.226
6868 0.040
8685 0.045
10216 0.864
8533 0.580
9372 0.241
592 0.529
3553 0.740
5169 0.476
3766 0.032
7014 0.872
9980 0.089
4090 0.165
7866 0.871
7406 0.569
9868 0.784
10956 0.572
4874 0.209
9790 0.791
1465 0.475
1434 0.985
4811 0.378
5273 0.674
10120 0.971
2876 0.534
335 0.701
6725 0.414
10937 0.961
6835 0.037
7510 0.769
10687 0.510
6581 0.694
10878 0.989
5237 0.218
848 0.893
9662 0.289
6771 0.166
29 0.236
8936 0.834
4208 0.405
10443 0.934
10793 0.437
10194 0.349
7382 0.143
9211 0.175
4881 0.003
5895 0.709
2200 0.587
1276 0.357
10474 0.079
9918 0.628
3325 0.326
3818 0.662
2882 0.459
10711 0.643
2926 0.885
2846 0.068
4912 0.445
758 0.751
1938 0.536
3878 0.512
9210 0.561
7626 0.064
11046 0.756
4599 0.853
4756 0.788
45 0.468
1969 0.443
6584 0.494
112 0.567
4242 0.522
2068 0.240
6221 0.944
2213 0.604
6298 0.079
5028 0.624
428 0.674
2925 0.752
4651 0.085
7832 0.918
4744 0.054
4025 0.526
3313 0.931
1655 0.234
5494 0.701
1249 0.555
4567 0.071
6887 0.371
9250 0.828
8976 0.665
11011 0.778
10935 0.372
8676 0.035
2693 0.550
5685 0.303
5085 0.869
4786 0.191
30 0.401
10282 0.527
3025 0.367
7304 0.231
8659 0.668
10059 0.755
1516 0.006
8428 0.831
1327 0.220
596 0.333
2922 0.898
4609 0.509
10325 0.049
7243 0.189
1934 0.596
2213 0.261
10537 0.939
4159 0.182
2212 0.852
7396 0.841
8876 0.298
9208 0.659
3431 0.556
1843 0.161
4559 0.796
7813 0.724
1432 0.418
2779 0.223
4718 0.365
8879 0.493
7601 0.012
1718 0.989
6301 0.428
2464 0.437
1427 0.268
2565 0.717
7380 0.999
3975 0.095
1742 0.227
8073 0.951
10348 0.392
10246 0.650
1158 0.540
8284 0.171
9530 0.041
2126 0.534
5795 0.651
8487 0.959
3531 0.299
9826 0.499
4665 0.559
6754 0.006
2456 0.308
5402 0.445
8172 0.507
6243 0.326
6485 0.837
14 0.481
7616 0.113
10414 0.958
759 0.329
8182 0.024
2165 0.343
1636 0.635
342 0.020
2582 0.024
6842 0.076
3797 0.186
4421 0.652
7708 0.533
9244 0.188
10383 0.162
8801 0.765
2384 0.314
9047 0.633
11162 0.502
8370 0.054
156 0.861
10579 0.393
2656 0.968
8060 0.134
9170 0.982
4599 0.618
3150 0.368
3857 0.227
3975 0.647
5863 0.586
1908 0.738
3438 0.781
4475 0.868
8881 0.132
4120 0.408
10798 0.990
4491 0.045
2404 0.109
2308 0.922
7603 0.933
2142 0.295
992 0.752
7173 0.203
5606 0.079
542 0.940
7511 0.924
6581 0.881
3338 0.584
3103 0.049
9470 0.593
6772 0.303
7720 0.653
461 0.599
6430 0.916
2113 0.945
10808 0.880
3895 0.565
8344 0.523
5349 0.926
9189 0.490
6990 0.799
5463 0.282
2170 0.658
8610 0.440
10980 0.841
5782 0.351
10793 0.795
3553 0.684
5354 0.115
8843 0.627
10001 0.056
2302 0.701
4344 0.298
4548 0.573
7118 0.059
4617 0.942
5938 0.527
2107 0.219
5646 0.110
2257 0.886
5660 0.408
2704 0.124
5500 0.724
10029 0.529
6028 0.202
5395 0.189
3828 0.968
7718 0.669
2790 0.242
1916 0.810
7675 0.767
1585 0.645
1274 0.706
321 0.268
3091 0.898
4039 0.701
337 0.985
6153 0.775
7473 0.873
1902 0.528
6179 0.491
2783 0.549
10706 0.930
889 0.787
6421 0.207
2038 0.807
10820 0.032
2703 0.265
11305 0.182
1450 0.585
5503 0.937
99 0.435
6440 0.057
438 0.962
7569 0.203
4150 0.043
1354 0.624
5636 0.603
4892 0.962
7935 0.668
3419 0.810
11339 0.142
4361 0.540
345 0.790
10975 0.986
9978 0.232
4835 0.297
5849 0.693
7384 0.151
10581 0.977
5189 0.626
9640 0.075
6273 0.645
3491 0.244
10033 0.234
3591 0.067
1640 0.263
7490 0.092
6634 0.716
7586 0.652
11123 0.058
7796 0.752
1908 0.233
6192 0.229
1496 0.256
8256 0.355
5651 0.178
5279 0.680
387 0.393
7211 0.071
10997 0.871
8984 0.855
6722 0.213
11046 0.815
8301 0.642
9054 0.541
5344 0.478
11344 0.202
7880 0.602
4439 0.847
2120 0.778
5008 0.523
7956 0.383
2140 0.502
2702 0.790
10582 0.713
4415 0.522
4113 0.003
8605 0.954
1800 0.051
103 0.098
6308 0.631
988 0.081
6271 0.597
4091 0.653
9517 0.950
10840 0.569
5865 0.785
107 0.958
1448 0.991
3470 0.177
5267 0.935
4184 0.203
6895 0.110
4137 0.539
3920 0.663
2498 0.448
2561 0.423
11004 0.129
826 0.019
676 0.304
1079 0.582
7501 0.609
210 0.051
1849 0.389
2215 0.921
10837 0.728
10816 0.655
6380 0.359
7406 0.217
11309 0.515
987 0.784
8870 0.614
1447 0.383
8027 0.548
10087 0.027
1689 0.985
1327 0.303
2090 0.361
504 0.170
8088 0.116
2007 0.555
10861 0.060
7710 0.400
760 0.119
10879 0.591
8526 0.752
4121 0.035
9723 0.867
8493 0.424
436 0.847
2844 0.769
2257 0.967
1165 0.342
860 0.998
7077 0.369
3906 0.617
10638 0.259
2497 0.089
2071 0.863
2684 0.894
9676 0.988
6457 0.609
7899 0.027
7319 0.700
882 0.294
9004 0.596
1694 0.983
4586 0.931
6173 0.249
7619 0.442
8604 0.849
8802 0.573
10366 0.089
4217 0.726
7782 0.649
6595 0.291
6597 0.572
9495 0.965
7846 0.900
1378 0.616
2791 0.265
1718 0.937
8218 0.185
2109 0.916
9219 0.550
9809 0.090
7028 0.398
3722 0.795
6275 0.977
5830 0.218
2447 0.815
2009 0.773
1603 0.219
10219 0.253
1231 0.892
6472 0.541
9384 0.712
2927 0.097
1223 0.631
5944 0.017
10819 0.697
5945 0.811
3948 0.811
7331 0.727
2716 0.178
43 0.343
6104 0.914
1344 0.671
180 0.946
4655 0.642
6088 0.797
1982 0.366
475 0.141
10574 0.854
9192 0.860
5819 0.270
11248 0.772
9938 0.948
7033 0.926
11082 0.780
20 0.180
5076 0.265
7147 0.163
840 0.736
7130 0.854
1453 0.373
246 0.212
10134 0.699
9022 0.568
3717 0.235
3060 0.093
9794 0.745
9881 0.034
8982 0.572
1480 0.357
362 0.745
2997 0.281
10383 0.378
2511 0.368
4503 0.707
7987 0.293
4453 0.753
5279 0.673
2718 0.524
1188 0.779
6548 0.677
748 0.370
11087 0.140
738 0.752
880 0.725
9839 0.505
8545 0.103
4872 0.666
8594 0.615
6171 0.441
6254 0.099
935 0.160
3787 0.906
2848 0.114
2619 0.729
1689 0.524
1042 0.594
8867 0.492
7452 0.124
4011 0.282
3633 0.334
6769 0.449
10136 0.346
6911 0.876
11154 0.529
4738 0.216
1608 0.562
793 0.376
9285 0.803
10812 0.977
326 0.467
5734 0.816
7500 0.876
2725 0.244
8308 0.217
2940 0.555
6431 0.202
3717 0.457
4037 0.418
1918 0.385
527 0.718
1569 0.335
8192 0.729
4262 0.709
7514 0.327
1951 0.593
4207 0.128
10449 0.158
2331 0.876
6963 0.053
7174 0.363
6986 0.101
9104 0.093
9310 0.271
930 0.300
2749 0.876
10086 0.117
8777 0.472
961 0.256
14 0.322
6945 0.593
7997 0.774
6570 0.476
8348 0.202
4921 0.614
5875 0.099
7591 0.026
8042 0.027
7390 0.293
11135 0.594
4522 0.437
8733 0.913
3962 0.897
3244 0.447
6077 0.616
5794 0.033
6607 0.597
912 0.937
8239 0.021
2365 0.294
1653 0.670
813 0.794
8982 0.982
7478 0.745
2975 0.922
11003 0.183
1755 0.266
1974 0.532
7096 0.767
7070 0.432
9729 0.435
3623 0.604
1837 0.016
3516 0.023
9419 0.996
9672 0.970
8721 0.291
3857 0.979
7270 0.573
238 0.667
7080 0.604
7016 0.402
8238 0.269
7364 0.616
6960 0.564
368 0.845
2246 0.166
3763 0.813
702 0.447
3285 0.934
5295 0.532
5809 0.948
9408 0.839
4575 0.344
3725 0.589
8622 0.916
10293 0.958
3597 0.131
6231 0.454
9444 0.575
4420 0.652
8035 0.234
9362 0.106
4313 0.449
3509 0.624
10315 0.010
632 0.218
2290 0.249
4527 0.076
6750 0.456
3907 0.124
3344 0.307
7092 0.777
1669 0.053
8172 0.675
6196 0.195
210 0.715
1139 0.055
5830 0.175
9251 0.491
882 0.574
10466 0.918
3872 0.975
1294 0.207
8991 0.699
5538 0.613
2452 0.490
8231 0.418
5980 0.331
6863 0.214
4477 0.007
11168 0.117
3939 0.222
8806 0.203
3158 0.885
8959 0.309
1024 0.827
6248 0.144
7172 0.854
7317 0.112
11330 0.239
2223 0.622
3038 0.831
11189 0.416
399 0.150
8686 0.700
4588 0.876
8707 0.783
8406 0.434
5989 0.662
8726 0.024
9265 0.174
3455 0.343
5832 0.637
8669 0.300
7739 0.295
10936 0.508
7608 0.704
6495 0.071
9765 0.946
1918 0.523
7337 0.887
806 0.955
10545 0.792
3182 0.950
5232 0.364
9217 0.897
6423 0.431
4358 0.637
10969 0.171
3708 0.786
3760 0.550
6733 0.728
5908 0.144
7802 0.847
9958 0.352
4639 0.125
6465 0.507
5828 0.319
7914 0.523
5805 0.178
8103 0.546
2282 0.850
4950 0.436
6775 0.740
2738 0.857
11330 0.751
2835 0.673
6287 0.133
888 0.917
10062 0.656
9074 0.191
7527 0.046
10985 0.978
10636 0.688
6905 0.703
7927 0.422
10068 0.319
3305 0.732
2628 0.739
7865 0.410
4521 0.230
9956 0.211
901 0.479
10437 0.398
8514 0.163
694 0.749
3138 0.992
2323 0.957
3626 0.024
914 0.903
4091 0.186
2219 0.191
9997 0.972
4682 0.219
5272 0.608
8455 0.959
7739 0.786
5500 0.447
2053 0.026
2048 0.554
873 0.577
1940 0.961
1956 0.849
729 0.177
6455 0.017
8191 0.117
906 0.934
3706 0.801
731 0.658
6042 0.038
5438 0.304
2881 0.529
6666 0.105
7646 0.665
3198 0.263
3723 0.029
4877 0.257
6415 0.383
3755 0.973
8746 0.514
1646 0.162
7077 0.124
5975 0.127
8409 0.760
4473 0.332
9014 0.545
7948 0.552
6708 0.117
4755 0.647
7709 0.925
4096 0.616
674 0.292
3697 0.198
477 0.902
1431 0.052
10933 0.012
5103 0.735
4511 0.423
7602 0.782
8495 0.993
151 0.634
5422 0.326
10823 0.842
4106 0.418
3679 0.417
10789 0.895
10165 0.614
9087 0.831
9349 0.075
9336 0.889
5144 0.712
4074 0.902
9845 0.527
369 0.696
5591 0.454
7969 0.730
9331 0.002
9376 0.037
4310 0.758
729 0.180
75 0.215
897 0.493
97 0.390
4949 0.974
10070 0.252
10341 0.585
5643 0.070
866 0.783
3373 0.146
9632 0.920
10842 0.795
3704 0.522
10913 0.234
10648 0.854
8914 0.033
5154 0.654
5249 0.615
3729 0.155
6795 0.830
4449 0.174
1992 0.266
5775 0.468
10176 0.474
2876 0.024
7785 0.432
11135 0.688
7400 0.407
5453 0.737
1358 0.875
7855 0.714
10314 0.010
10242 0.044
9130 0.502
10568 0.334
10018 0.765
436 0.844
6569 0.506
6716 0.839
4651 0.496
7888 0.284
11074 0.190
3424 0.876
5260 0.232
8295 0.545
2890 0.477
9246 0.840
7874 0.779
8417 0.202
7020 0.707
7474 0.618
9211 0.818
9252 0.198
5505 0.655
6673 0.924
11193 0.495
10908 0.825
11227 0.029
7424 0.929
10979 0.391
5962 0.772
7587 0.366
5493 0.839
796 0.374
5656 0.459
9857 0.449
5457 0.793
5533 0.817
4085 0.997
502 0.215
4769 0.508
9259 0.930
6695 0.001
4043 0.153
9179 0.372
1363 0.596
7524 0.911
819 0.272
9439 0.250
4240 0.999
7630 0.605
2577 0.415
11080 0.699
8078 0.553
9404 0.473
7487 0.210
8523 0.215
7788 0.664
6179 0.582
10394 0.998
9557 0.268
1694 0.993
3388 0.161
2131 0.596
6116 0.636
2872 0.910
4669 0.607
9922 0.868
6245 0.627
6584 0.119
5966 0.816
10753 0.033
9711 0.395
4967 0.563
1051 0.373
3090 0.338
11334 0.284
2088 0.742
9603 0.844
2322 0.229
327 0.832
5515 0.860
613 0.000
6533 0.040
10109 0.694
8660 0.427
632 0.939
571 0.783
5020 0.129
5540 0.792
1712 0.051
2993 0.897
8836 0.522
8614 0.629
3986 0.235
4924 0.560
7845 0.968
623 0.956
2222 0.908
3587 0.922
7762 0.191
5382 0.945
3622 0.471
10330 0.136
6452 0.448
10772 0.423
6274 0.520
2634 0.034
2711 0.496
158 0.377
5460 0.923
5291 0.190
3122 0.661
8879 0.305
7835 0.036
2674 0.194
2102 0.708
5198 0.999
7241 0.758
1507 0.284
7205 0.744
3351 0.561
10870 0.990
10636 0.346
4304 0.650
8802 0.836
76 0.403
9015 0.789
8345 0.877
3816 0.387
9685 0.533
3441 0.293
10423 0.173
10148 0.364
10960 0.329
9745 0.585
6213 0.465
391 0.254
11264 0.072
4305 0.451
9757 0.907
547 0.883
1794 0.168
3176 0.637
11150 0.076
7838 0.371
10631 0.941
1906 0.590
3095 0.826
888 0.769
5839 0.172
2227 0.915
266 0.381
8131 0.271
7975 0.120
9740 0.310
5373 0.753
4575 0.512
2710 0.435
2742 0.130
5857 0.684
7205 0.659
7979 0.177
9699 0.886
180 0.803
4058 0.288
9668 0.876
9041 0.248
576 0.726
3318 0.055
5739 0.165
3113 0.014
2860 0.500
9214 0.669
5646 0.618
7505 0.499
5850 0.778
7025 0.841
9299 0.476
961 0.081
8714 0.059
533 0.977
141 0.937
1769 0.723
4279 0.466
10989 0.954
3440 0.730
3377 0.204
5426 0.407
9667 0.988
6720 0.183
4872 0.563
2579 0.789
2786 0.297
1980 0.088
1699 0.528
5848 0.212
1243 0.291
9049 0.409
6287 0.445
9212 0.883
2595 0.922
5300 0.825
492 0.922
3681 0.112
8579 0.331
7887 0.464
3667 0.957
5496 0.009
8778 0.197
4070 0.031
9294 0.373
9822 0.909
7994 0.166
2806 0.293
6830 0.565
8007 0.560
944 0.360
218 0.904
5685 0.494
5185 0.146
5084 0.290
1335 0.787
4351 0.084
1803 0.841
3703 0.796
6372 0.771
9341 0.099
2306 0.783
7571 0.499
3295 0.897
135 0.927
9654 0.081
8333 0.705
6579 0.961
1285 0.302
607 0.896
4326 0.232
2391 0.755
6800 0.009
5241 0.481
2041 0.106
1284 0.024
4519 0.725
4986 0.769
4030 0.515
1321 0.389
901 0.825
1565 0.794
3641 0.295
6849 0.445
10063 0.980
9933 0.444
1625 0.519
4947 0.156
8272 0.735
11324 0.902
2868 0.554
5759 0.373
11207 0.989
3331 0.643
8201 0.175
1144 0.953
6490 0.831
4776 0.866
8435 0.907
5658 0.526
1591 0.115
10089 0.601
5193 0.213
11347 0.328
6253 0.575
3627 0.056
8922 0.215
1393 0.497
10164 0.316
598 0.717
10904 0.622
1115 0.685
5915 0.419
1102 0.439
7670 0.476
9912 0.347
1498 0.724
3513 0.804
11145 0.107
5323 0.968
8877 0.964
2731 0.440
4390 0.384
2126 0.925
6471 0.277
7582 0.651
5571 0.818
289 0.793
6672 0.799
8326 0.887
10459 0.574
5517 0.834
799 0.118
6984 0.529
7042 0.151
10693 0.970
5393 0.004
1578 0.572
6234 0.801
3014 0.056
2730 0.371
6170 0.728
8985 0.154
7507 0.949
9776 0.976
7585 0.014
1274 0.071
6144 0.386
8387 0.825
435 0.392
779 0.183
1857 0.976
2337 0.222
3956 0.533
8082 0.639
3370 0.671
149 0.142
5107 0.063
3483 0.209
4946 0.044
5769 0.529
1810 0.328
8105 0.116
4977 0.147
5169 0.610
6431 0.566
3757 0.009
5856 0.008
11292 0.045
8589 0.293
3849 0.813
9830 0.874
946 0.983
3503 0.524
9645 0.141
10341 0.027
2725 0.077
8748 0.476
11337 0.986
8556 0.457
607 0.295
7813 0.026
7997 0.032
10023 0.827
2186 0.400
5344 0.250
8915 0.324
522 0.946
8671 0.930
3484 0.281
5779 0.007
3369 0.199
8069 0.237
258 0.963
4992 0.520
9899 0.479
2529 0.582
10652 0.237
10792 0.299
5186 0.827
6546 0.244
4360 0.683
10513 0.638
2872 0.112
6533 0.539
4681 0.442
423 0.370
4092 0.730
8337 0.333
7553 0.224
2393 0.993
586 0.353
3694 0.757
10701 0.649
8894 0.500
8382 0.889
4420 0.432
10747 0.024
11134 0.228
851 0.316
8526 0.675
8895 0.520
1515 0.310
6868 0.858
1175 0.974
5799 0.402
226 0.835
2028 0.507
10400 0.894
630 0.441
11300 0.200
9418 0.312
2154 0.379
10308 0.786
4665 0.126
7221 0.195
2143 0.062
10912 0.786
4571 0.761
10843 0.813
8069 0.967
8379 0.751
2454 0.422
5489 0.819
3355 0.039
5447 0.841
7462 0.374
8960 0.506
4831 0.574
1777 0.286
2581 0.021
2952 0.336
8129 0.919
105 0.956
9953 0.155
5398 0.751
11002 0.511
9782 0.821
6582 0.078
3943 0.037
8923 0.923
10511 0.997
8580 0.302
9633 0.691
3775 0.605
11248 0.794
7150 0.405
584 0.706
11020 0.764
4719 0.895
5627 0.960
5270 0.915
3751 0.835
1443 0.904
7748 0.452
6060 0.233
5287 0.878
1104 0.137
714 0.225
5039 0.267
2630 0.124
1375 0.482
7721 0.100
6452 0.366
5327 0.815
6378 0.151
6722 0.078
2050 0.340
4080 0.006
1481 0.447
6200 0.877
200 0.476
150 0.781
90 0.495
10554 0.650
5263 0.450
2205 0.702
10780 0.881
9406 0.988
2856 0.139
2969 0.917
1863 0.678
7978 0.084
11077 0.320
4351 0.019
1281 0.244
1709 0.735
9881 0.345
4629 0.161
1457 0.550
5200 0.684
5243 0.251
10306 0.453
3683 0.462
7670 0.576
2730 0.523
9547 0.602
5681 0.490
9861 0.090
6475 0.651
10198 0.004
6353 0.729
8160 0.467
4416 0.034
1197 0.908
6241 0.642
2547 0.874
1558 0.491
3204 0.591
3462 0.307
3559 0.336
7063 0.541
4927 0.738
1287 0.227
7856 0.111
3833 0.465
6159 0.335
628 0.809
1220 0.948
5731 0.999
10819 0.473
551 0.108
3043 0.324
2 0.611
1117 0.915
3493 0.013
9064 0.567
6847 0.356
3436 0.454
7253 0.251
6481 0.421
5068 0.451
3217 0.861
8903 0.583
5059 0.408
9250 0.824
7103 0.931
4870 0.049
11208 0.348
1269 0.834
3111 0.353
6718 0.213
11349 0.965
11246 0.157
5048 0.412
2311 0.128
630 0.524
4898 0.755
10067 0.235
5509 0.253
8348 0.043
11209 0.322
1157 0.091
9401 0.750
295 0.667
5759 0.339
9102 0.032
6674 0.915
3293 0.511
10790 0.370
6224 0.381
1400 0.893
4349 0.572
4564 0.241
4342 0.433
1725 0.393
5372 0.970
1913 0.588
6980 0.728
10889 0.431
7322 0.737
491 0.777
8235 0.543
4129 0.839
8169 0.908
1278 0.442
7276 0.285
8786 0.866
418 0.287
758 0.578
4427 0.529
2038 0.270
10603 0.142
8520 0.628
7448 0.471
8930 0.651
2086 0.017
4817 0.605
2654 0.967
9886 0.214
6589 0.654
817 0.319
329 0.770
907 0.483
1213 0.437
4530 0.403
976 0.409
5291 0.783
7427 0.383
5683 0.529
9567 0.554
9692 0.820
7665 0.106
2140 0.153
3860 0.347
6283 0.918
7609 0.459
5430 0.340
10491 0.078
9353 0.313
8108 0.999
6199 0.240
5997 0.056
8861 0.984
5348 0.856
1838 0.893
7782 0.234
11149 0.084
3485 0.039
3561 0.976
5615 0.184
10057 0.122
882 0.679
7619 0.029
8283 0.247
4696 0.495
3495 0.280
2617 0.057
6270 0.320
6922 0.031
8842 0.375
9474 0.766
9086 0.721
11213 0.057
8474 0.820
2054 0.706
10964 0.806
9840 0.557
9369 0.578
3779 0.298
11261 0.907
89 0.176
1437 0.180
5539 0.966
4479 0.802
2142 0.263
4746 0.487
986 0.611
9878 0.932
3101 0.631
5207 0.260
5400 0.908
759 0.587
7108 0.527
10027 0.358
11187 0.511
8004 0.126
10543 0.070
5191 0.035
10290 0.804
6980 0.869
2457 0.410
5020 0.517
1155 0.467
377 0.428
1389 0.253
6041 0.739
5260 0.364
8414 0.381
10440 0.223
4344 0.063
6905 0.979
8376 0.142
10948 0.845
11175 0.630
7418 0.124
2410 0.118
5406 0.167
9493 0.390
5009 0.561
9279 0.719
10572 0.504
11016 0.299
2105 0.108
3018 0.163
4348 0.295
2875 0.985
4926 0.189
1428 0.982
1980 0.530
10667 0.229
688 0.386
9995 0.011
5713 0.964
10936 0.758
11133 0.613
10843 0.396
3197 0.835
7027 0.301
7447 0.877
3313 0.060
4913 0.431
934 0.816
10786 0.155
2774 0.111
5991 0.564
601 0.816
9379 0.676
5242 0.426
7198 0.836
5476 0.791
3537 0.137
10235 0.560
334 0.077
3908 0.618
10423 0.363
