5000
5133 0.733
7419 0.221
1500 0.533
4574 0.036
3184 0.481
2075 0.315
177 0.589
5929 0.125
1462 0.058
1678 0.433
2672 0.419
5604 0.446
8034 0.112
3611 0.909
5530 0.317
1452 0.391
5553 0.611
2746 0.490
2657 0.077
6503 0.051
3265 0.551
5357 0.859
2749 0.412
7301 0.787
3025 0.327
7893 0.535
7148 0.059
4447 0.601
2313 0.587
1830 0.445
505 0.555
635 0.305
3997 0.916
6294 0.093
8115 0.572
7163 0.191
5080 0.792
6480 0.027
1397 0.605
4402 0.785
349 0.872
6024 0.653
3608 0.551
7778 0.897
7461 0.342
833 0.193
4302 0.904
3636 0.736
2152 0.747
46 0.635
6091 0.184
1757 0.180
5344 0.719
7645 0.556
4158 0.854
4824 0.302
3425 0.926
944 0.466
1375 0.098
6878 0.987
5851 0.050
2481 0.407
8018 0.698
3070 0.295
4226 0.278
1393 0.739
5512 0.631
152 0.514
3754 0.846
4118 0.957
1256 0.846
2828 0.054
1572 0.740
5487 0.664
6949 0.056
345 0.800
4792 0.863
2702 0.359
6467 0.507
3347 0.554
290 0.025
5187 0.221
3004 0.650
4225 0.858
6706 0.320
6375 0.653
5102 0.484
481 0.126
7287 0.504
2062 0.597
6380 0.998
6159 0.618
539 0.614
5545 0.127
5874 0.250
1059 0.049
1886 0.756
3960 0.721
1330 0.888
6387 0.063
1354 0.834
2828 0.562
4659 0.375
4133 0.949
8285 0.302
6775 0.322
110 0.653
2516 0.257
7670 0.899
53 0.987
6388 0.962
5808 0.241
1341 0.958
2721 0.772
5280 0.229
1025 0.627
4948 0.304
5390 0.503
3948 0.611
6042 0.105
7018 0.894
422 0.113
3828 0.611
5338 0.776
5755 0.378
152 0.211
3078 0.581
7360 0.021
8098 0.116
1614 0.417
7770 0.124
25 0.128
6284 0.983
5472 0.727
738 0.012
5526 0.458
3673 0.776
5050 0.650
3432 0.345
5224 0.104
7673 0.632
5957 0.027
6566 0.798
4591 0.235
4913 0.374
4857 0.522
2817 0.819
1210 0.451
3624 0.040
4159 0.718
6752 0.669
762 0.517
702 0.109
560 0.788
1314 0.886
4189 0.646
6871 0.176
1926 0.865
6571 0.209
1019 0.698
4927 0.895
2515 0.230
3229 0.043
1517 0.033
5311 0.333
6683 0.893
2061 0.051
995 0.820
4473 0.437
1931 0.828
7331 0.808
4631 0.105
4634 0.549
7740 0.813
7644 0.671
4631 0.539
2626 0.476
6007 0.978
5320 0.573
4497 0.756
2173 0.499
5599 0.129
5217 0.219
2210 0.821
6836 0.354
7406 0.132
6596 0.106
5487 0.987
1326 0.579
4330 0.654
4839 0.099
6399 0.081
7936 0.403
8102 0.865
4112 0.965
1212 0.935
5527 0.570
6120 0.859
6537 0.663
6543 0.150
2361 0.037
4938 0.201
2313 0.400
651 0.722
2477 0.386
4535 0.405
4248 0.817
6523 0.065
5156 0.426
89 0.088
6688 0.219
7080 0.117
2393 0.638
5777 0.907
2381 0.634
7917 0.228
526 0.581
5962 0.658
7413 0.716
4054 0.171
7490 0.989
3720 0.431
3680 0.707
1953 0.113
7591 0.431
1465 0.133
5424 0.633
4611 0.938
965 0.391
5488 0.152
8227 0.857
5288 0.931
1249 0.861
4671 0.353
1296 0.204
702 0.828
1244 0.943
2646 0.581
2666 0.246
4201 0.199
996 0.107
4281 0.598
69 0.597
4474 0.025
4165 0.580
686 0.301
6905 0.209
6206 0.883
7621 0.722
3707 0.202
1127 0.045
5626 0.692
1109 0.878
3455 0.449
3515 0.400
6141 0.947
1403 0.593
5499 0.061
5841 0.992
515 0.160
3563 0.890
5901 0.862
2961 0.181
1670 0.993
5144 0.437
4711 0.301
3618 0.550
6911 0.360
1713 0.242
2342 0.240
947 0.541
5343 0.947
3602 0.843
6264 0.972
3921 0.853
7554 0.461
4388 0.171
2349 0.596
6446 0.492
2282 0.944
4838 0.589
7630 0.549
825 0.892
5259 0.546
4566 0.533
2982 0.548
4913 0.138
1419 0.163
7463 0.421
5548 0.317
5721 0.545
581 0.988
1584 0.052
2481 0.711
1032 0.079
8111 0.177
62 0.573
3085 0.631
652 0.287
406 0.003
6868 0.273
3798 0.460
7525 0.751
7375 0.473
1952 0.068
7643 0.814
823 0.367
2625 0.087
2281 0.673
5078 0.943
5376 0.518
175 0.504
4990 0.394
7477 0.700
1247 0.484
3087 0.951
7483 0.418
6680 0.479
112 0.109
6533 0.002
828 0.037
1975 0.281
3746 0.829
6255 0.489
8150 0.602
7316 0.942
674 0.669
2000 0.609
3787 0.311
7158 0.830
7226 0.665
3815 0.692
7310 0.263
3288 0.148
6237 0.641
2232 0.811
6008 0.472
3006 0.602
3492 0.421
700 0.225
3107 0.859
3188 0.743
2011 0.904
1100 0.413
6293 0.371
2845 0.187
7166 0.533
609 0.675
6581 0.301
6893 0.706
7890 0.687
8053 0.453
8123 0.970
2874 0.993
7039 0.703
6110 0.756
2837 0.780
1332 0.569
7704 0.978
2048 0.336
6981 0.626
6317 0.983
5112 0.514
4463 0.397
7012 0.657
2724 0.907
4175 0.630
5199 0.211
1683 0.377
4803 0.070
4228 0.082
4431 0.582
4564 0.960
1755 0.172
1172 0.411
6673 0.605
2002 0.174
8005 0.149
1965 0.964
4218 0.950
6388 0.705
3748 0.934
3386 0.180
3447 0.942
5569 0.364
7260 0.004
6392 0.574
6273 0.021
6692 0.869
7574 0.264
1010 0.299
4332 0.762
2199 0.769
229 0.015
8127 0.942
5261 0.092
6654 0.221
1915 0.635
5414 0.069
3143 0.039
4998 0.658
458 0.596
959 0.606
4363 0.875
716 0.730
5575 0.507
5598 0.065
3183 0.435
2844 0.437
4684 0.562
1623 0.627
3613 0.064
2497 0.684
793 0.064
7043 0.943
478 0.699
2092 0.725
4594 0.061
3001 0.379
6004 0.674
1998 0.013
7013 0.445
4943 0.755
710 0.636
5334 0.767
962 0.811
3821 0.592
474 0.195
7606 0.626
1678 0.089
2508 0.768
6410 0.997
5143 0.165
1799 0.987
4218 0.981
8036 0.872
7935 0.617
7215 0.778
3016 0.229
4146 0.170
3464 0.965
6506 0.310
2944 0.613
3498 0.616
5700 0.023
2776 0.680
5930 0.624
402 0.881
6549 0.569
1978 0.756
5596 0.913
2731 0.119
7327 0.736
2655 0.120
298 0.470
7376 0.937
6859 0.685
8021 0.697
5828 0.887
7440 0.018
3531 0.754
2527 0.079
7207 0.792
6095 0.405
1729 0.574
1931 0.889
7694 0.081
3294 0.084
3471 0.275
8137 0.705
6541 0.270
3663 0.522
3152 0.137
109 0.461
7870 0.373
3344 0.543
5370 0.929
2989 0.659
7757 0.754
2801 0.038
7851 0.922
5918 0.276
5320 0.730
4247 0.148
6089 0.663
4141 0.066
1247 0.600
619 0.566
2921 0.774
4582 0.151
840 0.931
1322 0.704
2774 0.409
6798 0.526
5331 0.646
4091 0.893
7531 0.765
2352 0.988
6319 0.413
7095 0.513
3178 0.848
3533 0.736
1283 0.286
5671 0.299
7084 0.763
8017 0.225
271 0.035
4691 0.368
2978 0.942
1338 0.678
5616 0.280
2573 0.217
625 0.063
5601 0.938
397 0.610
22 0.569
3422 0.078
5028 0.793
7307 0.014
6982 0.734
6584 0.881
6342 0.068
5581 0.212
7541 0.954
1517 0.260
1840 0.925
2978 0.131
2758 0.287
4424 0.414
3039 0.944
8218 0.334
8036 0.458
4715 0.114
1254 0.704
6662 0.438
7144 0.204
2382 0.440
2267 0.448
6912 0.943
5176 0.058
2229 0.334
1189 0.188
503 0.903
2478 0.456
4618 0.084
4438 0.939
4201 0.360
5343 0.015
4787 0.021
5719 0.940
3980 0.652
3614 0.091
4205 0.474
1427 0.238
8198 0.130
832 0.217
5273 0.390
2467 0.496
2337 0.781
2465 0.037
8250 0.085
6108 0.220
2829 0.377
2818 0.923
920 0.648
6791 0.175
6992 0.960
7880 0.924
1644 0.081
8109 0.707
780 0.096
4396 0.620
1748 0.514
1399 0.920
4515 0.341
5457 0.485
7042 0.411
3573 0.451
6095 0.190
5241 0.419
1346 0.870
5404 0.714
214 0.689
7213 0.320
6926 0.828
643 0.203
1677 0.608
5399 0.739
2899 0.313
1523 0.573
2142 0.030
3730 0.739
4196 0.070
5381 0.967
3956 0.358
1163 0.781
1437 0.661
8072 0.201
5341 0.229
2776 0.659
5027 0.454
7800 0.746
984 0.428
2945 0.548
734 0.706
6906 0.627
2766 0.340
3975 0.131
3251 0.257
2300 0.345
2972 0.221
1053 0.787
2436 0.091
1596 0.581
503 0.569
2319 0.041
5478 0.324
1642 0.190
6571 0.558
1529 0.354
1800 0.559
4770 0.273
1838 0.633
985 0.523
6378 0.401
2638 0.782
5608 0.302
1731 0.332
6796 0.576
1988 0.353
5692 0.189
940 0.622
4575 0.916
2251 0.789
502 0.226
3727 0.872
2292 0.320
6664 0.027
2026 0.806
3887 0.047
2708 0.033
7427 0.586
2 0.859
3343 0.352
6070 0.460
7002 0.215
810 0.587
879 0.109
1770 0.465
1200 0.785
383 0.781
4080 0.998
5849 0.145
3505 0.474
889 0.947
6960 0.661
3918 0.948
709 0.930
253 0.115
2561 0.072
1503 0.776
3183 0.315
4463 0.061
1699 0.981
508 0.592
7897 0.369
7460 0.531
5021 0.938
6826 0.797
3918 0.946
1173 0.425
4423 0.301
2640 0.380
6740 0.691
4671 0.445
110 0.841
6638 0.858
8239 0.121
8029 0.727
7363 0.456
4647 0.073
2751 0.473
1484 0.829
6750 0.837
528 0.376
7343 0.257
6237 0.643
2921 0.706
2567 0.883
4818 0.590
97 0.046
7257 0.587
5242 0.684
956 0.987
3859 0.549
4674 0.815
5674 0.482
7795 0.595
5217 0.710
916 0.193
7048 0.079
1237 0.693
6475 0.557
5280 0.166
3277 0.207
7484 0.996
8284 0.321
4433 0.075
4542 0.411
890 0.193
4796 0.886
2946 0.423
560 0.827
6034 0.993
5018 0.835
4664 0.550
3978 0.207
1096 0.366
5363 0.348
4930 0.175
7257 0.431
5324 0.414
7922 0.720
6510 0.370
1190 0.790
5255 0.145
6368 0.783
3495 0.505
2696 0.538
7482 0.536
4705 0.426
6279 0.388
6292 0.051
2881 0.460
1232 0.799
4117 0.120
646 0.800
1781 0.960
7826 0.464
2936 0.363
1285 0.143
5144 0.852
3693 0.093
2028 0.664
3913 0.075
6289 0.649
5636 0.780
1403 0.899
4902 0.786
688 0.116
7844 0.688
3293 0.881
4391 0.920
7568 0.583
5816 0.678
8130 0.529
5193 0.298
6574 0.646
1847 0.187
4249 0.034
4409 0.308
7986 0.878
6338 0.501
5754 0.440
5203 0.889
4636 0.384
7619 0.897
4641 0.808
2276 0.705
4842 0.457
1861 0.366
7845 0.118
2974 0.818
2939 0.769
3782 0.324
2020 0.247
6625 0.553
4832 0.676
1551 0.981
1897 0.072
616 0.087
4494 0.242
1403 0.298
5233 0.977
6987 0.478
8041 0.148
4298 0.606
7104 0.159
6960 0.382
5743 0.771
729 0.868
1255 0.503
7779 0.105
6598 0.265
6775 0.925
7241 0.717
3496 0.786
8093 0.018
6536 0.040
4494 0.516
6757 0.547
7920 0.148
381 0.704
1619 0.520
6698 0.208
5893 0.290
3088 0.503
5386 0.543
17 0.101
2042 0.841
791 0.226
6031 0.277
5596 0.708
2883 0.275
2012 0.614
3485 0.048
6301 0.616
5976 0.563
5362 0.026
685 0.147
6064 0.478
436 0.098
2043 0.400
7321 0.036
1139 0.657
5998 0.875
7019 0.946
4775 0.352
611 0.158
6757 0.603
1132 0.484
6055 0.683
6143 0.924
2754 0.640
6384 0.448
4901 0.717
7408 0.219
4567 0.901
3049 0.057
4176 0.762
232 0.613
2455 0.428
509 0.044
801 0.314
2625 0.640
2232 0.193
1880 0.230
2055 0.094
1666 0.253
945 0.526
8058 0.507
4348 0.066
5926 0.277
103 0.884
5313 0.449
6223 0.719
2266 0.879
672 0.512
3327 0.773
2170 0.868
3982 0.006
3535 0.482
5366 0.955
2495 0.212
7522 0.756
4271 0.013
6803 0.175
6892 0.499
5036 0.971
1600 0.526
475 0.260
5789 0.411
3614 0.420
5396 0.043
4227 0.822
6552 0.638
677 0.505
5271 0.541
1246 0.306
4246 0.397
2307 0.225
5018 0.335
853 0.505
522 0.487
4759 0.066
2866 0.453
7608 0.601
53 0.202
2427 0.919
1753 0.251
4960 0.085
7556 0.689
1090 0.272
1934 0.493
3658 0.921
514 0.316
3145 0.528
762 0.439
3379 0.835
5180 0.461
4141 0.603
7523 0.203
2953 0.445
8211 0.557
4980 0.064
2222 0.642
5001 0.236
3896 0.296
839 0.207
6026 0.914
3327 0.725
4209 0.414
3452 0.105
2103 0.951
4481 0.517
6400 0.085
6939 0.684
3507 0.991
7105 0.477
3028 0.656
1064 0.007
1479 0.941
69 0.981
2345 0.017
1331 0.801
3327 0.588
8125 0.428
1284 0.526
653 0.907
4084 0.691
1476 0.844
7375 0.905
2127 0.057
3503 0.743
7617 0.163
1832 0.523
2862 0.487
3702 0.832
4518 0.546
440 0.004
1834 0.940
1620 0.374
7992 0.048
5045 0.329
7005 0.239
3802 0.889
3811 0.367
4043 0.930
3439 0.337
6649 0.904
4898 0.869
3523 0.119
3580 0.397
2804 0.794
7462 0.628
2521 0.562
7686 0.698
2589 0.278
1432 0.553
142 0.302
1111 0.161
197 0.215
714 0.710
2142 0.290
6799 0.756
5920 0.554
4474 0.910
6579 0.718
4037 0.872
3910 0.232
7577 0.021
4396 0.968
1457 0.707
2575 0.257
2316 0.159
475 0.292
4187 0.797
8292 0.524
1850 0.591
4020 0.396
1773 0.755
7183 0.524
5846 0.407
1306 0.957
798 0.525
6118 0.360
2726 0.499
2017 0.314
1040 0.477
6164 0.012
788 0.149
4136 0.986
130 0.115
6257 0.726
1343 0.597
3393 0.356
8176 0.053
552 0.893
7771 0.806
6534 0.063
2311 0.843
7687 0.840
4341 0.825
7216 0.784
2825 0.221
5518 0.360
819 0.623
1660 0.668
314 0.825
7542 0.481
6938 0.789
2309 0.368
1661 0.739
296 0.940
7613 0.464
7103 0.177
3287 0.995
6163 0.780
3393 0.600
4651 0.050
7082 0.632
5369 0.875
2006 0.776
3999 0.664
2746 0.682
1383 0.170
7040 0.937
333 0.748
3465 0.007
1016 0.946
5201 0.359
5934 0.581
6914 0.930
3606 0.092
3353 0.092
5412 0.233
3872 0.978
3582 0.083
3642 0.799
2739 0.231
3292 0.449
1222 0.477
203 0.733
1934 0.637
3244 0.172
465 0.386
2360 0.245
2495 0.917
1051 0.005
491 0.729
6557 0.231
8172 0.609
117 0.236
379 0.304
4734 0.182
2045 0.635
1129 0.103
3390 0.513
7017 0.701
1172 0.992
5628 0.976
4850 0.009
5884 0.865
7949 0.830
2906 0.912
6711 0.419
2387 0.071
232 0.916
937 0.460
4085 0.467
2674 0.498
6559 0.674
2289 0.230
641 0.233
8252 0.027
2422 0.575
514 0.358
5970 0.117
513 0.767
1322 0.526
2101 0.778
7446 0.894
7357 0.707
2819 0.871
5697 0.367
1762 0.897
1235 0.227
7085 0.332
5557 0.551
4322 0.807
5236 0.527
884 0.155
4561 0.897
4604 0.993
7 0.952
1808 0.823
3299 0.864
26 0.704
6618 0.533
5390 0.251
7460 0.715
5161 0.191
8174 0.467
2287 0.615
4080 0.912
1963 0.996
4285 0.108
414 0.420
5382 0.097
69 0.581
826 0.322
3722 0.748
7716 0.464
6190 0.557
1464 0.266
4379 0.452
5068 0.255
5886 0.395
4820 0.631
6274 0.366
4606 0.626
2315 0.326
8139 0.966
3802 0.489
5173 0.109
4127 0.928
519 0.936
7167 0.483
2731 0.863
7048 0.816
4336 0.694
3938 0.717
7565 0.556
3868 0.026
3634 0.664
2925 0.202
3770 0.280
6296 0.162
7703 0.423
6124 0.392
3068 0.947
327 0.326
2129 0.580
4943 0.567
7312 0.199
83 0.928
2960 0.477
1523 0.617
4136 0.838
7701 0.496
5516 0.950
1066 0.390
6750 0.674
6690 0.886
284 0.950
7188 0.241
2719 0.895
5051 0.720
4481 0.403
1929 0.467
4271 0.388
441 0.340
1552 0.490
4030 0.708
6856 0.807
1693 0.721
8050 0.818
6162 0.475
3769 0.743
2932 0.495
1604 0.183
4724 0.221
7984 0.271
7002 0.805
1129 0.921
4661 0.397
6412 0.928
1459 0.238
3489 0.614
3496 0.797
209 0.374
2060 0.794
5967 0.042
7387 0.366
1021 0.702
7280 0.829
7831 0.199
3719 0.314
6185 0.143
771 0.826
3292 0.633
6647 0.911
7971 0.498
6185 0.185
3406 0.479
5468 0.191
5329 0.993
1762 0.769
1723 0.762
2200 0.869
796 0.967
353 0.642
5401 0.968
7557 0.765
5183 0.826
6069 0.658
3880 0.351
3672 0.455
4567 0.169
5548 0.982
2369 0.016
2411 0.378
213 0.087
359 0.505
5179 0.025
3381 0.854
179 0.858
4289 0.466
5458 0.481
6936 0.522
3190 0.258
3111 0.641
735 0.514
3029 0.890
2572 0.172
2643 0.798
6364 0.458
2494 0.338
7982 0.481
4914 0.236
1803 0.164
7777 0.200
3168 0.555
501 0.353
6664 0.825
4886 0.049
4066 0.293
2622 0.341
1017 0.371
3092 0.718
225 0.602
3647 0.107
2880 0.348
1467 0.299
1343 0.320
4635 0.119
817 0.147
5380 0.972
6670 0.875
463 0.481
4258 0.295
5109 0.234
2583 0.209
5851 0.341
7514 0.185
5304 0.042
2480 0.601
6095 0.613
5897 0.253
5599 0.153
4114 0.305
7019 0.307
6066 0.523
4450 0.996
1480 0.871
1898 0.843
950 0.057
3287 0.238
1581 0.982
5566 0.692
8257 0.439
927 0.973
5614 0.224
15 0.431
1646 0.915
4437 0.120
1448 0.964
3353 0.263
2956 0.620
2217 0.781
2550 0.744
4592 0.473
6393 0.470
316 0.617
4809 0.023
3532 0.015
6304 0.612
7938 0.229
6775 0.823
7766 0.645
8199 0.651
2880 0.808
7757 0.161
6429 0.586
3226 0.472
236 0.559
7019 0.521
2651 0.359
4354 0.455
5846 0.722
5480 0.041
1435 0.481
4163 0.060
4900 0.447
1450 0.431
4372 0.642
7981 0.830
2330 0.905
139 0.772
6628 0.410
7061 0.435
6922 0.737
3467 0.706
6129 0.545
3514 0.712
4783 0.680
3448 0.254
1971 0.868
1010 0.728
7084 0.793
448 0.678
5749 0.083
5814 0.449
2573 0.633
2533 0.193
1850 0.520
6398 0.657
1899 0.790
3540 0.854
784 0.837
1816 0.911
744 0.803
5653 0.026
5127 0.441
2465 0.551
2761 0.019
7663 0.389
3776 0.368
715 0.879
6547 0.469
4736 0.366
7781 0.554
1060 0.251
2917 0.654
4681 0.768
1089 0.830
7266 0.124
4605 0.562
2948 0.603
1646 0.123
4806 0.580
5724 0.539
8041 0.465
1263 0.870
2890 0.851
469 0.237
790 0.659
2690 0.208
5879 0.678
3673 0.714
4101 0.290
1249 0.842
1508 0.341
4883 0.322
1178 0.219
7058 0.783
251 0.171
7139 0.896
7383 0.226
2538 0.102
343 0.990
167 0.108
4779 0.148
1083 0.670
1827 0.250
3484 0.186
8118 0.286
4826 0.786
452 0.185
7169 0.243
5802 0.926
4543 0.646
2939 0.322
6007 0.363
7648 0.105
4873 0.590
7888 0.230
7481 0.219
3026 0.359
8019 0.141
7932 0.513
7590 0.752
2195 0.106
3860 0.961
81 0.047
1440 0.455
2042 0.145
149 0.206
3297 0.729
4403 0.174
1473 0.829
4675 0.003
5637 0.773
2862 0.685
6061 0.114
7525 0.270
7175 0.531
1253 0.002
7459 0.754
2155 0.807
3656 0.712
239 0.503
1531 0.532
666 0.953
543 0.192
2354 0.763
3378 0.611
2800 0.900
37 0.564
6710 0.188
2408 0.333
503 0.852
2683 0.365
5414 0.800
4510 0.922
647 0.289
3787 0.215
75 0.347
13 0.441
7808 0.084
4971 0.924
3781 0.281
5230 0.897
6659 0.852
7082 0.095
5391 0.407
3002 0.207
2976 0.418
2225 0.274
528 0.970
6666 0.281
4984 0.885
662 0.743
6215 0.008
8111 0.199
652 0.352
1573 0.305
4016 0.930
5228 0.736
4475 0.509
5996 0.373
7424 0.394
2267 0.972
6334 0.897
5773 0.815
1340 0.660
4787 0.686
2389 0.876
4590 0.634
4362 0.749
6106 0.267
6187 0.602
6810 0.041
454 0.176
5650 0.194
2202 0.342
3647 0.929
4933 0.592
6500 0.970
2486 0.207
6099 0.655
7084 0.994
7678 0.830
7409 0.528
3367 0.195
7105 0.365
3913 0.369
1648 0.875
1604 0.743
757 0.782
6142 0.450
3403 0.070
6918 0.644
7557 0.407
4785 0.207
3980 0.275
4677 0.807
7980 0.248
3597 0.212
7890 0.578
2588 0.754
3896 0.652
6416 0.349
2914 0.251
4405 0.288
6511 0.255
4765 0.515
3498 0.924
4050 0.574
3873 0.706
7543 0.666
1443 0.403
3302 0.844
3087 0.667
2539 0.144
2913 0.754
3677 0.237
4848 0.641
876 0.427
7009 0.470
4667 0.844
447 0.934
2100 0.856
6378 0.330
8053 0.528
5465 0.941
1202 0.677
174 0.668
1989 0.344
2585 0.062
6047 0.343
4379 0.447
6394 0.179
3022 0.289
8184 0.823
3667 0.559
6758 0.868
1187 0.979
6485 0.905
4572 0.981
3535 0.889
5192 0.591
1053 0.151
7537 0.774
8296 0.279
8027 0.071
4251 0.042
3153 0.030
5693 0.201
5563 0.535
2784 0.693
2528 0.150
2562 0.637
6491 0.968
4568 0.937
6305 0.771
2128 0.776
1445 0.062
1838 0.622
1464 0.418
2313 0.302
2805 0.765
4783 0.347
7128 0.102
4162 0.922
5409 0.568
6307 0.068
455 0.348
7856 0.310
981 0.367
3677 0.919
5095 0.960
1414 0.286
1837 0.880
925 0.556
4928 0.073
7445 0.315
283 0.868
6353 0.367
3349 0.988
3403 0.770
6133 0.065
4072 0.601
7551 0.040
3513 0.334
4017 0.642
552 0.158
7906 0.771
3550 0.745
3784 0.741
4657 0.404
3365 0.945
3127 0.559
7403 0.427
4681 0.156
267 0.972
488 0.992
6810 0.371
6656 0.958
1827 0.108
1181 0.441
527 0.636
3508 0.065
5304 0.255
653 0.725
7677 0.566
5375 0.751
7137 0.103
2394 0.309
1832 0.954
1714 0.040
1568 0.841
2690 0.735
7560 0.317
5760 0.122
6890 0.986
8096 0.256
7665 0.194
4750 0.835
6718 0.326
3128 0.711
251 0.730
7570 0.641
522 0.824
5169 0.858
4409 0.902
6000 0.597
2533 0.239
3394 0.628
4452 0.619
4557 0.644
612 0.376
7591 0.666
5077 0.886
1877 0.498
7706 0.215
2575 0.938
2744 0.270
6986 0.905
4950 0.365
4314 0.112
7289 0.492
6113 0.430
695 0.594
3490 0.423
6778 0.429
5782 0.800
2011 0.675
262 0.528
851 0.832
4242 0.078
4500 0.971
5764 0.389
8060 0.716
6839 0.115
4062 0.796
982 0.826
5745 0.760
6928 0.877
6922 0.867
2742 0.296
2307 0.410
7124 0.360
515 0.519
441 0.025
5503 0.029
5961 0.782
3311 0.119
6157 0.695
8004 0.181
6444 0.031
8045 0.395
5493 0.719
2178 0.310
7057 0.853
2703 0.838
8224 0.544
7728 0.009
2322 0.945
3887 0.626
3225 0.577
3723 0.687
2013 0.423
977 0.779
8074 0.378
5606 0.449
3432 0.170
6021 0.533
5763 0.422
5123 0.342
5277 0.636
3505 0.667
6219 0.322
7251 0.309
1758 0.118
7571 0.492
1903 0.521
2447 0.573
5898 0.830
3560 0.697
5589 0.079
3697 0.637
5829 0.684
7188 0.050
1052 0.993
3465 0.746
3856 0.040
6060 0.953
4158 0.705
8161 0.244
7419 0.119
7778 0.629
620 0.718
1778 0.270
6755 0.325
5865 0.368
4283 0.990
1989 0.710
3763 0.256
1537 0.548
4758 0.839
3509 0.269
5916 0.751
5873 0.123
3510 0.962
5745 0.447
3744 0.996
1760 0.558
7725 0.238
1405 0.631
3695 0.864
4789 0.060
1787 0.970
5025 0.018
6054 0.608
6237 0.239
1023 0.475
7304 0.668
7641 0.255
5011 0.220
3128 0.331
3820 0.972
5001 0.370
694 0.851
300 0.007
1573 0.695
6847 0.634
427 0.548
6550 0.415
5838 0.621
895 0.686
1248 0.700
6982 0.567
3695 0.107
5738 0.974
2798 0.280
1005 0.614
5165 0.231
7814 0.538
8267 0.272
2056 0.478
3994 0.271
5513 0.444
8068 0.992
7563 0.031
5400 0.207
2743 0.091
5372 0.329
716 0.984
4855 0.291
1831 0.627
671 0.610
4773 0.022
4445 0.852
5359 0.290
4362 0.209
3388 0.055
748 0.089
6140 0.597
1759 0.207
6349 0.656
5058 0.076
2653 0.830
2423 0.133
693 0.635
6041 0.659
7986 0.830
4271 0.606
603 0.682
5080 0.846
3097 0.453
7296 0.175
2412 0.538
5766 0.640
2717 0.100
525 0.280
1880 0.073
4430 0.420
4838 0.643
7202 0.595
1294 0.199
1110 0.051
1477 0.277
3649 0.868
5277 0.229
5319 0.174
1402 0.832
2297 0.545
6884 0.638
2899 0.717
2634 0.526
2140 0.931
1529 0.997
7736 0.423
8111 0.566
6075 0.745
275 0.230
1367 0.854
6383 0.185
7170 0.029
3663 0.277
4587 0.403
7395 0.581
3996 0.207
188 0.476
4468 0.968
23 0.439
1008 0.831
6883 0.278
8210 0.040
1934 0.799
8116 0.164
5827 0.210
6687 0.119
1059 0.148
7529 0.090
4826 0.602
5441 0.071
1006 0.750
2906 0.909
6691 0.489
3397 0.651
7769 0.420
1071 0.264
162 0.575
290 0.408
2067 0.838
4898 0.246
4830 0.896
1897 0.779
4671 0.139
6708 0.753
8240 0.126
2401 0.635
7466 0.936
7602 0.392
4922 0.987
909 0.955
2518 0.239
1629 0.928
1898 0.405
6755 0.609
3273 0.930
4465 0.718
1022 0.353
176 0.839
2133 0.372
5328 0.038
7723 0.018
7613 0.965
5047 0.016
6770 0.029
6966 0.030
6876 0.162
2027 0.730
1593 0.236
3454 0.277
911 0.379
5940 0.045
7185 0.925
8294 0.438
1116 0.773
5976 0.165
569 0.126
8043 0.636
6577 0.583
2340 0.914
2772 0.863
5303 0.421
5990 0.257
320 0.414
3312 0.481
2139 0.489
7269 0.650
510 0.228
916 0.273
5548 0.723
6049 0.910
5493 0.136
2560 0.722
2366 0.285
298 0.183
5438 0.448
681 0.897
7276 0.514
454 0.450
639 0.299
3091 0.812
5514 0.455
3837 0.898
4846 0.016
5220 0.656
5516 0.149
3724 0.204
5756 0.520
7340 0.573
834 0.909
2282 0.179
7198 0.279
4685 0.267
2192 0.552
6312 0.135
59 0.566
64 0.637
2379 0.597
1959 0.883
4589 0.970
7324 0.476
1409 0.722
8049 0.185
1671 0.481
5195 0.976
2500 0.044
2837 0.935
1023 0.028
8167 0.862
1 0.029
3372 0.230
2728 0.278
6487 0.778
2671 0.970
5663 0.219
6143 0.900
6527 0.733
6464 0.130
6100 0.976
8212 0.993
7823 0.180
6313 0.525
3546 0.909
1847 0.645
4895 0.269
2797 0.560
7469 0.282
989 0.788
7685 0.788
588 0.028
6415 0.865
5096 0.289
547 0.759
7531 0.649
3405 0.768
3840 0.873
3599 0.035
4942 0.421
6916 0.760
1107 0.088
1660 0.628
2113 0.339
2441 0.609
4316 0.677
2398 0.018
5041 0.870
2877 0.119
4697 0.028
3170 0.909
6559 0.697
8160 0.850
2404 0.942
3797 0.024
8296 0.475
7829 0.288
5434 0.993
1575 0.656
1188 0.604
6651 0.837
299 0.756
71 0.947
5792 0.921
7094 0.613
6275 0.691
3974 0.945
33 0.724
117 0.193
7616 0.986
5479 0.845
3592 0.117
1837 0.814
1690 0.951
1559 0.368
4787 0.988
1812 0.636
3110 0.956
5786 0.874
3143 0.420
403 0.989
2198 0.721
1258 0.083
7080 0.449
7067 0.959
2914 0.857
5941 0.829
4561 0.086
4193 0.401
2233 0.003
3351 0.739
5855 0.243
2330 0.468
7140 0.724
626 0.480
1173 0.992
659 0.319
5623 0.281
1466 0.805
793 0.988
3785 0.269
8051 0.025
2471 0.667
1553 0.915
3834 0.895
1528 0.580
3628 0.622
6448 0.051
447 0.748
7573 0.228
1545 0.667
6592 0.910
6040 0.492
7275 0.874
3252 0.747
6463 0.516
5005 0.905
5802 0.501
4512 0.265
7348 0.095
1378 0.104
8078 0.175
5497 0.727
3168 0.652
6888 0.888
3008 0.960
6940 0.326
1489 0.842
5187 0.904
2615 0.735
2260 0.887
6126 0.647
3156 0.210
6731 0.861
7307 0.932
4023 0.201
1123 0.766
6067 0.958
1810 0.849
3743 0.767
6276 0.596
3343 0.863
5723 0.985
6559 0.129
6949 0.420
1620 0.906
457 0.388
3867 0.414
3758 0.264
2067 0.344
4329 0.676
664 0.666
3693 0.300
4438 0.974
705 0.850
106 0.633
4228 0.935
8072 0.875
684 0.333
6960 0.357
3618 0.128
1707 0.562
2223 0.068
4265 0.015
879 0.729
7158 0.424
7239 0.224
6568 0.518
4575 0.279
5667 0.520
2628 0.554
5241 0.391
3664 0.870
7492 0.459
7813 0.021
6591 0.642
5470 0.953
4365 0.097
1527 0.059
3917 0.359
6125 0.743
2585 0.623
3227 0.129
5819 0.839
2327 0.796
1491 0.053
6136 0.956
5128 0.275
5085 0.497
951 0.181
1227 0.297
7379 0.752
1098 0.954
7382 0.897
1313 0.500
1416 0.787
2261 0.408
5883 0.087
894 0.314
3289 0.264
6005 0.784
7459 0.954
2833 0.754
1609 0.711
1811 0.173
302 0.256
7441 0.164
4188 0.380
4689 0.324
264 0.777
2408 0.541
2048 0.689
1443 0.218
7123 0.455
5683 0.320
7650 0.671
5983 0.509
1676 0.495
211 0.936
95 0.408
7272 0.761
492 0.182
7684 0.855
1783 0.363
7275 0.605
1256 0.056
5339 0.071
2749 0.189
5746 0.118
6339 0.296
5930 0.452
474 0.753
588 0.211
7417 0.978
6614 0.686
7730 0.670
6159 0.577
2405 0.273
3797 0.790
4716 0.847
5968 0.762
7493 0.382
6548 0.606
3956 0.989
7706 0.533
3044 0.867
1432 0.352
6620 0.704
3093 0.529
2471 0.858
5378 0.091
1132 0.882
173 0.533
6672 0.472
5188 0.974
147 0.062
1994 0.488
3530 0.252
5996 0.504
287 0.215
4000 0.652
3913 0.740
4745 0.369
8215 0.545
6058 0.570
4304 0.029
2597 0.572
47 0.910
6360 0.404
4988 0.293
5641 0.273
3375 0.193
8223 0.200
7514 0.716
5842 0.153
3425 0.718
3499 0.296
3745 0.301
140 0.935
4285 0.936
8097 0.090
6749 0.122
5874 0.323
3458 0.053
1281 0.281
2360 0.462
6519 0.612
1171 0.871
3741 0.396
4949 0.648
3401 0.489
5857 0.243
2487 0.409
3173 0.163
1234 0.088
890 0.682
6604 0.198
991 0.072
7255 0.452
3157 0.507
7737 0.503
7482 0.108
4184 0.738
6221 0.144
349 0.780
5135 0.255
7478 0.469
3016 0.033
313 0.094
3011 0.114
2270 0.725
8286 0.855
1076 0.862
5741 0.682
5413 0.015
6256 0.296
1061 0.614
2814 0.584
8262 0.833
4829 0.832
6353 0.174
1241 0.753
1278 0.321
7393 0.956
769 0.439
2910 0.348
7116 0.064
7840 0.332
1631 0.318
4302 0.660
4192 0.136
1645 0.494
7639 0.743
6460 0.404
608 0.028
3777 0.242
7594 0.815
2457 0.902
4317 0.899
6286 0.615
6822 0.759
4389 0.586
8143 0.273
4120 0.499
1681 0.692
4172 0.500
5832 0.384
7807 0.653
687 0.981
876 0.326
3178 0.817
5233 0.734
7395 0.041
7384 0.989
5840 0.182
3579 0.751
1000 0.487
1304 0.417
5698 0.449
5344 0.052
8229 0.090
5206 0.226
2018 0.318
6466 0.512
792 0.318
8045 0.797
3956 0.150
351 0.647
6978 0.043
2592 0.111
4662 0.445
3543 0.449
7010 0.185
138 0.894
3857 0.030
7393 0.147
5316 0.376
4021 0.167
4317 0.547
4976 0.430
7889 0.035
2311 0.993
1159 0.261
7830 0.281
6295 0.144
3830 0.764
36 0.247
279 0.987
7525 0.568
3457 0.121
2956 0.230
2798 0.724
7704 0.982
3583 0.283
7370 0.965
8119 0.218
5783 0.810
6637 0.104
4905 0.830
389 0.333
1946 0.842
421 0.017
7358 0.837
5065 0.443
2439 0.093
175 0.005
5872 0.360
7370 0.579
7229 0.746
8044 0.731
3318 0.538
2127 0.079
2737 0.986
847 0.202
7128 0.195
354 0.441
66 0.855
4854 0.260
7571 0.218
638 0.796
2890 0.532
5805 0.452
3517 0.840
7728 0.969
2350 0.327
3517 0.262
2713 0.132
873 0.607
3349 0.479
4289 0.885
5084 0.967
439 0.773
2360 0.034
5689 0.963
5976 0.758
583 0.098
3232 0.563
2884 0.943
2694 0.256
4424 0.114
5718 0.129
1008 0.509
3014 0.786
1312 0.815
1755 0.864
6914 0.199
3685 0.735
5619 0.154
7523 0.948
6106 0.766
4902 0.751
1322 0.543
3184 0.800
6312 0.116
2910 0.009
1615 0.959
6625 0.942
1599 0.599
3251 0.151
2836 0.791
920 0.776
4939 0.074
2822 0.422
148 0.157
8033 0.792
2320 0.071
6459 0.773
1940 0.206
5025 0.171
2130 0.972
2660 0.383
6212 0.933
1713 0.557
3923 0.864
7440 0.270
1605 0.856
7707 0.953
1719 0.983
1535 0.853
7122 0.177
2833 0.880
6895 0.779
6834 0.991
7386 0.413
7999 0.943
6332 0.050
6245 0.788
3879 0.648
5383 0.744
6351 0.723
8193 0.031
8098 0.279
253 0.662
755 0.723
1526 0.146
8068 0.680
6119 0.516
2868 0.743
2988 0.208
7622 0.792
671 0.453
1872 0.622
3928 0.454
350 0.302
6586 0.705
4577 0.040
2213 0.336
5699 0.789
1001 0.893
3214 0.846
3564 0.203
1193 0.243
6827 0.018
7565 0.750
8242 0.601
751 0.569
4799 0.624
7916 0.428
5826 0.670
3267 0.076
1891 0.991
4074 0.385
6626 0.395
6478 0.285
5881 0.913
4582 0.271
5376 0.308
2689 0.506
972 0.201
4998 0.425
7861 0.141
6993 0.051
668 0.105
6897 0.071
3928 0.120
371 0.997
5993 0.660
3214 0.114
5967 0.822
6412 0.460
7441 0.587
6808 0.025
2374 0.560
6187 0.821
8043 0.983
8092 0.773
2064 0.129
4114 0.963
3553 0.924
6912 0.636
1195 0.443
6724 0.831
4822 0.143
7936 0.767
2379 0.296
6629 0.819
1066 0.162
1965 0.535
5128 0.337
302 0.280
5733 0.596
6270 0.788
4687 0.133
4580 0.321
3289 0.722
6600 0.156
5256 0.987
3740 0.914
6128 0.642
2950 0.474
664 0.780
8115 0.305
774 0.793
504 0.494
1988 0.475
5180 0.171
129 0.961
5242 0.310
1472 0.285
3244 0.530
5735 0.636
2250 0.442
2667 0.909
7140 0.450
7943 0.147
5721 0.696
1673 0.293
2184 0.839
773 0.284
267 0.533
1158 0.470
5887 0.519
4314 0.278
7723 0.271
2519 0.126
6539 0.611
2824 0.818
7147 0.395
4429 0.731
1321 0.061
3115 0.782
526 0.946
6556 0.392
3895 0.958
8195 0.625
1341 0.688
3275 0.427
3947 0.835
4587 0.416
867 0.635
6895 0.571
413 0.055
5053 0.998
222 0.653
4050 0.762
1652 0.837
458 0.213
862 0.222
6277 0.255
4415 0.057
57 0.601
483 0.366
5640 0.009
6020 0.954
5551 0.928
1318 0.003
4371 0.925
7171 0.088
3048 0.762
6549 0.231
4669 0.523
2677 0.890
7827 0.995
8160 0.634
6024 0.611
611 0.735
4087 0.840
5171 0.052
3552 0.459
4612 0.987
277 0.698
4019 0.618
8251 0.659
6155 0.160
8218 0.946
6490 0.475
5546 0.191
463 0.801
974 0.652
878 0.626
1346 0.067
3213 0.256
6155 0.501
5470 0.282
5849 0.523
4352 0.694
4099 0.064
1062 0.933
5466 0.859
3771 0.663
4128 0.087
5371 0.516
4311 0.297
6493 0.742
3197 0.403
3671 0.972
5558 0.234
6095 0.599
2914 0.823
3105 0.195
6176 0.359
7951 0.388
1594 0.291
3842 0.810
3137 0.216
4944 0.565
229 0.842
2521 0.739
7120 0.984
4799 0.330
4327 0.913
8088 0.081
413 0.729
5079 0.600
5783 0.484
6964 0.028
1928 0.109
2466 0.583
7306 0.244
7533 0.225
1402 0.361
976 0.915
5575 0.155
4669 0.939
1726 0.745
62 0.865
6215 0.547
6181 0.163
3036 0.763
4209 0.698
7538 0.459
2766 0.363
2026 0.450
5205 0.342
6136 0.916
5691 0.283
1704 0.470
2466 0.947
5765 0.206
2153 0.775
6061 0.894
392 0.565
5327 0.385
1991 0.086
6326 0.430
6766 0.654
851 0.278
6853 0.489
6402 0.109
921 0.268
6608 0.884
5306 0.241
5022 0.005
5117 0.356
8168 0.811
2097 0.661
2794 0.133
1658 0.331
541 0.431
1562 0.803
5377 0.453
3189 0.999
5921 0.462
1642 0.964
2390 0.769
4131 0.631
3822 0.260
5188 0.571
786 0.344
6001 0.377
2116 0.082
7710 0.052
928 0.269
6782 0.962
737 0.126
4714 0.664
6360 0.514
8168 0.227
3948 0.838
4754 0.502
6723 0.152
4744 0.784
1006 0.769
1045 0.756
3958 0.003
7731 0.674
3651 0.405
2846 0.858
4691 0.749
5426 0.723
8259 0.393
53 0.807
7753 0.238
4947 0.444
2313 0.863
7737 0.191
6008 0.480
2525 0.617
1429 0.250
2655 0.140
2403 0.691
515 0.504
3297 0.997
1713 0.389
3945 0.272
3554 0.595
4112 0.354
4549 0.099
7066 0.344
327 0.659
1518 0.727
686 0.054
6160 0.397
6533 0.027
7951 0.973
7250 0.066
7354 0.858
4151 0.207
5096 0.237
676 0.858
6154 0.906
3934 0.939
2594 0.088
6318 0.691
1695 0.296
4148 0.409
7093 0.439
5554 0.490
3289 0.818
1010 0.444
1915 0.460
4695 0.584
1786 0.203
1714 0.893
6686 0.129
3003 0.076
1115 0.894
3995 0.507
6640 0.139
7496 0.423
1911 0.664
7541 0.369
5298 0.295
1442 0.573
1747 0.753
2768 0.097
823 0.150
2932 0.549
2755 0.290
7355 0.709
4772 0.869
4224 0.391
2136 0.809
1732 0.507
1899 0.075
7738 0.757
5412 0.370
7709 0.746
4732 0.564
2509 0.379
4854 0.988
2722 0.642
2665 0.416
1577 0.094
5384 0.316
6508 0.974
8005 0.542
1665 0.349
2865 0.722
1891 0.190
7454 0.676
3323 0.858
439 0.160
673 0.215
8297 0.895
1344 0.509
7977 0.513
8199 0.010
5407 0.184
6753 0.469
7278 0.862
4408 0.348
5889 0.983
7121 0.321
6244 0.848
6329 0.472
5307 0.390
6039 0.878
1767 0.905
3535 0.734
1831 0.864
7885 0.598
2728 0.498
4440 0.840
786 0.073
3234 0.302
6887 0.767
5602 0.543
5403 0.113
4440 0.346
6889 0.441
6637 0.192
3933 0.282
6215 0.980
7650 0.397
8010 0.044
1930 0.021
5819 0.590
4037 0.264
4161 0.517
1245 0.999
2758 0.280
2606 0.877
7151 0.787
7328 0.306
871 0.765
2855 0.041
1554 0.700
6565 0.627
1733 0.536
2176 0.674
5255 0.809
5871 0.107
4556 0.038
334 0.045
3918 0.967
6785 0.112
3121 0.536
5396 0.480
1698 0.126
4459 0.145
2713 0.360
6052 0.934
5866 0.123
551 0.710
4709 0.968
3387 0.582
7686 0.761
7607 0.260
8265 0.075
560 0.585
6619 0.023
2008 0.415
876 0.437
5068 0.695
7170 0.733
5816 0.381
6029 0.363
4085 0.343
3063 0.336
2459 0.074
5941 0.222
3255 0.650
4795 0.942
922 0.946
7473 0.180
3044 0.095
1763 0.275
4415 0.476
5064 0.469
2764 0.813
5224 0.644
3016 0.972
682 0.714
6693 0.979
4246 0.407
2762 0.767
7214 0.424
4326 0.556
7351 0.716
6848 0.705
3243 0.270
3474 0.251
7690 0.650
7894 0.343
2546 0.907
3739 0.538
6006 0.793
7206 0.972
6259 0.891
237 0.064
3153 0.369
5529 0.118
2523 0.225
7709 0.254
7497 0.385
733 0.231
6664 0.248
2616 0.103
2706 0.910
1776 0.291
3466 0.038
2857 0.679
382 0.968
3222 0.347
7840 0.442
3602 0.136
5346 0.220
7192 0.008
1527 0.052
6787 0.772
4637 0.006
6064 0.817
7337 0.068
3447 0.490
3663 0.937
2381 0.534
5103 0.172
3606 0.747
4769 0.968
5071 0.384
7203 0.456
6744 0.282
4720 0.517
2698 0.294
132 0.252
7817 0.658
8179 0.082
6744 0.102
2397 0.286
3831 0.981
7002 0.593
943 0.970
618 0.916
6170 0.228
5020 0.786
7390 0.021
4703 0.687
4162 0.775
3275 0.641
7230 0.232
5306 0.569
994 0.057
6604 0.048
3769 0.517
1870 0.055
986 0.061
7209 0.795
7689 0.127
1119 0.898
5669 0.444
112 0.503
7056 0.643
7494 0.400
4903 0.851
4525 0.157
571 0.000
2374 0.537
4964 0.085
1017 0.822
6850 0.595
6989 0.017
2782 0.822
2290 0.552
4692 0.927
1788 0.348
2572 0.767
1787 0.038
7380 0.565
1509 0.917
3487 0.256
492 0.892
4907 0.663
2815 0.195
7582 0.909
6019 0.776
1870 0.735
5440 0.541
7247 0.901
7765 0.479
3719 0.937
844 0.787
7903 0.493
7989 0.950
892 0.175
7207 0.428
1371 0.198
1435 0.454
3805 0.355
6622 0.873
7875 0.376
4433 0.489
2318 0.308
4623 0.676
6773 0.768
1331 0.223
4895 0.316
2058 0.965
8213 0.619
6575 0.229
248 0.557
2282 0.360
7116 0.738
2261 0.348
5014 0.724
5932 0.585
947 0.399
152 0.709
2544 0.985
4925 0.879
3919 0.274
2488 0.769
132 0.972
4189 0.716
1916 0.239
2176 0.133
7276 0.823
5925 0.452
757 0.496
738 0.060
6011 0.123
8003 0.389
5659 0.552
1422 0.192
8270 0.524
1515 0.341
6054 0.553
7524 0.018
6538 0.666
631 0.226
4278 0.490
3699 0.099
5256 0.003
5584 0.078
7824 0.873
3331 0.085
3758 0.338
902 0.732
6872 0.248
6472 0.707
2161 0.805
3471 0.584
1754 0.375
8297 0.318
7129 0.322
8042 0.862
2816 0.229
2538 0.136
4080 0.212
5086 0.406
8276 0.251
4360 0.671
2053 0.591
2854 0.325
2787 0.784
2084 0.966
2900 0.201
5125 0.620
666 0.119
3033 0.918
3002 0.675
2767 0.217
8178 0.825
3445 0.140
7104 0.021
1895 0.275
4769 0.270
2148 0.960
6312 0.237
7268 0.699
6346 0.425
6104 0.122
7858 0.129
7444 0.917
1205 0.007
4776 0.495
2561 0.576
1203 0.089
4230 0.477
2939 0.713
7675 0.709
4157 0.240
1265 0.529
4114 0.922
1175 0.210
6434 0.728
3708 0.994
3318 0.946
5444 0.023
2989 0.079
1695 0.553
402 0.195
7984 0.439
4588 0.025
5996 0.296
30 0.882
4524 0.954
4505 0.901
766 0.597
7352 0.166
7885 0.759
330 0.021
8167 0.611
760 0.545
5946 0.334
8045 0.184
2428 0.342
4438 0.739
7323 0.839
334 0.690
3518 0.156
6156 0.945
4185 0.534
2327 0.265
5008 0.784
674 0.986
506 0.477
6729 0.433
7348 0.573
2149 0.044
7691 0.270
4377 0.463
760 0.428
4445 0.146
1729 0.704
5022 0.294
3124 0.593
1433 0.742
6347 0.266
3726 0.420
622 0.085
7613 0.471
6128 0.434
937 0.203
645 0.393
3463 0.217
6698 0.195
8170 0.160
6363 0.392
2035 0.309
5421 0.268
7621 0.515
3484 0.752
6088 0.583
4894 0.898
4639 0.709
4244 0.139
3622 0.505
2825 0.327
4061 0.235
7221 0.876
7950 0.608
2880 0.510
4082 0.445
6053 0.625
3633 0.500
6353 0.348
5977 0.769
8273 0.665
7952 0.831
3501 0.841
1232 0.751
3668 0.465
7389 0.692
574 0.932
1636 0.441
2386 0.362
4536 0.569
5864 0.593
6982 0.983
1721 0.945
6868 0.744
6570 0.577
3328 0.484
6567 0.233
2186 0.142
2458 0.141
5618 0.313
5611 0.274
433 0.976
5510 0.098
4364 0.948
719 0.373
5406 0.238
4198 0.056
2982 0.630
1158 0.157
5261 0.270
1543 0.872
1460 0.241
7789 0.552
3546 0.882
6487 0.358
4134 0.462
1214 0.291
2354 0.561
662 0.216
6449 0.734
2168 0.281
4615 0.622
484 0.412
5034 0.340
3893 0.220
6453 0.399
6474 0.118
3887 0.884
4136 0.635
2403 0.684
4121 0.256
7576 0.399
2652 0.772
1959 0.783
7211 0.107
1715 0.668
2084 0.610
6478 0.047
2799 0.799
419 0.617
2628 0.338
7339 0.132
5417 0.915
7571 0.829
5289 0.961
4345 0.112
7891 0.584
7205 0.694
7184 0.771
6074 0.132
4272 0.031
6004 0.607
3515 0.728
2938 0.485
2466 0.311
8034 0.449
4170 0.190
33 0.205
3083 0.242
3666 0.944
3038 0.336
4297 0.774
2531 0.909
6558 0.037
3267 0.524
3618 0.379
7860 0.413
624 0.795
6879 0.011
2043 0.056
2276 0.267
1099 0.226
531 0.434
7 0.433
6184 0.676
1557 0.284
1880 0.312
3907 0.777
6087 0.349
7086 0.101
8290 0.191
4799 0.670
7125 0.729
6527 0.565
1913 0.397
7751 0.544
3419 0.391
7286 0.079
5065 0.989
4777 0.862
8262 0.434
1439 0.596
8210 0.136
7041 0.066
578 0.025
3003 0.864
4756 0.873
5935 0.382
8292 0.879
91 0.608
4420 0.179
771 0.226
4250 0.715
4372 0.233
2178 0.599
5534 0.877
1717 0.373
2206 0.011
7558 0.353
8295 0.797
4126 0.925
2597 0.342
5090 0.668
5810 0.232
3357 0.108
346 0.384
6445 0.391
1808 0.598
6619 0.885
1660 0.416
3836 0.658
832 0.298
783 0.039
94 0.180
4538 0.365
2280 0.825
798 0.620
516 0.407
3241 0.287
7902 0.404
7052 0.003
5900 0.275
4862 0.059
2131 0.016
1263 0.499
3579 0.599
7992 0.237
3504 0.027
4701 0.129
2545 0.802
4833 0.344
6380 0.882
2110 0.595
4832 0.458
4635 0.795
7497 0.379
6578 0.509
3769 0.995
7930 0.668
5657 0.771
4983 0.974
7786 0.410
2380 0.589
3708 0.077
1338 0.207
5914 0.493
5390 0.382
6272 0.787
1902 0.400
1981 0.343
1789 0.758
6711 0.748
452 0.543
6835 0.890
4064 0.276
6428 0.604
7669 0.019
2882 0.669
2154 0.922
4677 0.881
2862 0.783
2716 0.751
1952 0.112
607 0.364
6694 0.559
7366 0.039
7795 0.728
4622 0.962
5021 0.252
411 0.164
5737 0.535
4452 0.724
5499 0.764
3415 0.738
7038 0.248
4541 0.480
6643 0.384
6429 0.801
8161 0.894
7376 0.109
6181 0.960
5412 0.145
3177 0.376
5162 0.684
1271 0.121
4723 0.833
4319 0.474
4084 0.641
1633 0.853
8022 0.027
4253 0.759
4184 0.153
4234 0.173
3976 0.280
738 0.731
739 0.156
6902 0.700
4286 0.817
1903 0.453
599 0.843
1958 0.540
1457 0.829
223 0.476
2731 0.617
1350 0.924
574 0.263
2730 0.957
853 0.767
4467 0.670
1167 0.908
4284 0.697
8094 0.449
391 0.963
5317 0.777
1300 0.986
8118 0.932
5230 0.846
7181 0.649
5561 0.614
1861 0.206
3817 0.597
7613 0.099
1421 0.687
5358 0.053
1165 0.644
6497 0.602
6234 0.490
3966 0.959
319 0.399
6533 0.827
5205 0.779
4403 0.600
3233 0.365
6212 0.290
3824 0.963
6957 0.839
4825 0.647
3656 0.543
6485 0.650
6380 0.170
8203 0.362
2999 0.471
2091 0.561
6624 0.015
7061 0.123
2480 0.599
1595 0.173
376 0.300
3730 0.123
2653 0.632
6143 0.511
7901 0.402
5062 0.735
2938 0.549
489 0.539
6681 0.635
5247 0.876
3570 0.687
4973 0.968
1595 0.505
7278 0.378
3670 0.860
3009 0.600
2904 0.938
3200 0.280
8251 0.880
2942 0.215
2800 0.502
5736 0.672
6149 0.654
5028 0.960
1803 0.289
2831 0.928
7012 0.875
3969 0.914
2430 0.307
5212 0.693
1012 0.434
1306 0.552
776 0.196
3168 0.799
4190 0.986
2085 0.262
7589 0.622
973 0.714
8166 0.076
6381 0.891
4525 0.278
3260 0.535
2784 0.343
2439 0.440
551 0.060
578 0.414
6948 0.409
6184 0.647
4519 0.889
1362 0.766
7479 0.254
4173 0.543
872 0.174
4582 0.946
1270 0.706
3916 0.853
5170 0.350
4692 0.489
4710 0.234
3850 0.187
3462 0.803
3939 0.537
5086 0.190
6160 0.977
127 0.870
5017 0.495
2221 0.469
424 0.176
3926 0.132
4206 0.468
6140 0.696
3344 0.000
3051 0.386
2349 0.363
1650 0.469
1117 0.367
2399 0.805
6565 0.756
5658 0.745
3913 0.083
3495 0.435
6277 0.903
2461 0.185
2125 0.511
7080 0.293
3091 0.861
91 0.237
7269 0.251
6778 0.086
3687 0.133
1560 0.478
7863 0.619
686 0.469
6262 0.241
4635 0.216
8280 0.238
5284 0.053
5034 0.084
422 0.611
1361 0.560
4653 0.489
1751 0.471
1860 0.623
4687 0.586
656 0.668
2955 0.606
2969 0.050
2256 0.895
5363 0.882
3281 0.556
6008 0.233
7368 0.570
5276 0.513
8093 0.808
6654 0.561
5720 0.976
3876 0.032
54 0.863
1621 0.294
7700 0.432
2293 0.009
4191 0.012
2765 0.323
4758 0.926
5600 0.770
2232 0.754
2291 0.062
5896 0.165
3410 0.669
7461 0.396
286 0.435
3230 0.567
6593 0.860
2462 0.043
6715 0.100
3676 0.135
6741 0.691
952 0.358
4455 0.930
6801 0.578
7939 0.062
5625 0.174
7546 0.440
6509 0.469
3799 0.715
1673 0.732
2412 0.047
4827 0.167
7485 0.133
4713 0.057
1817 0.536
5649 0.421
1246 0.221
8233 0.951
8239 0.692
6082 0.556
2608 0.174
4404 0.934
3943 0.035
3840 0.822
7104 0.590
2080 0.936
2760 0.322
5998 0.834
4783 0.885
4016 0.161
1415 0.304
3146 0.983
771 0.350
5845 0.468
3745 0.398
771 0.858
3149 0.305
4874 0.367
6646 0.414
7677 0.042
8103 0.765
2266 0.202
3254 0.355
5037 0.673
7722 0.251
2419 0.472
5257 0.804
7798 0.331
1694 0.596
1423 0.552
3548 0.925
6096 0.764
6143 0.778
3351 0.691
7762 0.945
5992 0.972
7850 0.083
7823 0.104
4185 0.061
1587 0.998
3213 0.652
6372 0.842
5042 0.265
7983 0.392
4017 0.609
6502 0.879
8196 0.593
7132 0.427
5767 0.830
4379 0.361
7954 0.084
442 0.621
8154 0.182
2249 0.653
4392 0.441
2202 0.990
6876 0.516
4773 0.122
1674 0.303
4187 0.957
2316 0.818
2084 0.242
8217 0.988
7760 0.155
7766 0.319
4788 0.645
5405 0.261
4523 0.330
4601 0.989
1641 0.734
4645 0.727
8232 0.387
7964 0.663
1009 0.720
3610 0.930
552 0.461
3720 0.579
3003 0.203
1161 0.663
3180 0.652
8001 0.811
5442 0.691
7529 0.521
4711 0.479
1097 0.090
2990 0.572
1274 0.161
4681 0.216
2177 0.879
3331 0.665
4654 0.781
47 0.554
6519 0.750
8010 0.270
5870 0.824
3073 0.026
952 0.002
1448 0.578
6175 0.496
5887 0.000
2430 0.275
2218 0.355
5052 0.591
3245 0.836
5946 0.765
2608 0.975
5337 0.384
3340 0.817
2431 0.238
4348 0.103
4898 0.518
5858 0.706
8275 0.585
2451 0.501
3710 0.187
4390 0.867
4625 0.494
5412 0.886
6132 0.397
5204 0.406
4535 0.666
6486 0.992
6261 0.553
878 0.811
6853 0.752
5609 0.514
6543 0.881
6656 0.605
4541 0.691
6477 0.412
8134 0.758
2264 0.515
1203 0.220
6657 0.826
6508 0.965
576 0.861
5705 0.720
762 0.891
6240 0.275
4050 0.775
7875 0.364
2437 0.460
2928 0.052
3422 0.733
4941 0.024
8132 0.564
7987 0.054
1494 0.119
2691 0.159
666 0.633
7348 0.024
419 0.828
3458 0.111
2935 0.383
7161 0.572
3702 0.682
4565 0.346
3140 0.091
3085 0.231
5166 0.407
4992 0.605
5340 0.403
46 0.223
5800 0.666
6044 0.457
907 0.840
6243 0.125
4421 0.546
4587 0.862
1920 0.855
4156 0.068
2873 0.724
880 0.183
3560 0.036
7429 0.884
3973 0.964
2080 0.402
8034 0.639
1506 0.145
3559 0.124
8184 0.770
5682 0.390
292 0.116
5257 0.616
83 0.287
574 0.235
5209 0.296
2002 0.152
2916 0.017
4375 0.394
2413 0.706
3824 0.479
4935 0.905
2714 0.544
5219 0.284
6301 0.937
8164 0.004
7658 0.519
5482 0.802
2335 0.054
6841 0.733
5551 0.866
1111 0.715
5049 0.015
721 0.256
5772 0.383
1215 0.009
4163 0.872
6709 0.739
2331 0.053
2032 0.787
7956 0.775
3792 0.084
5105 0.278
4636 0.418
3136 0.829
5606 0.093
5331 0.136
3063 0.670
5818 0.779
1485 0.682
6404 0.004
4981 0.090
774 0.550
3101 0.129
5519 0.693
3834 0.859
7885 0.843
4567 0.524
4305 0.368
7044 0.304
7630 0.904
626 0.656
5630 0.005
6767 0.303
2771 0.292
5726 0.679
3153 0.916
7719 0.418
1762 0.352
7454 0.431
2913 0.217
1488 0.511
7439 0.827
5227 0.238
1990 0.801
49 0.570
6902 0.643
2950 0.007
3755 0.371
7748 0.451
636 0.767
2862 0.966
7146 0.424
7051 0.647
5884 0.361
1174 0.131
1174 0.849
6992 0.181
3445 0.065
3805 0.404
1285 0.971
3012 0.672
977 0.970
8205 0.023
6331 0.473
5607 0.308
4987 0.433
7321 0.146
6226 0.008
2319 0.696
4034 0.831
7604 0.463
494 0.055
5737 0.791
4460 0.487
1873 0.842
5182 0.180
1656 0.562
1541 0.837
4532 0.307
7368 0.183
6717 0.772
1086 0.298
1524 0.981
1653 0.821
3419 0.330
23 0.388
7216 0.379
5068 0.932
7578 0.038
8250 0.308
6948 0.462
3234 0.014
7952 0.051
4630 0.506
2572 0.559
3191 0.177
7810 0.102
7400 0.014
2313 0.431
3998 0.837
4236 0.429
2584 0.767
675 0.229
1690 0.569
3698 0.283
5591 0.349
7062 0.758
5480 0.377
49 0.635
3199 0.043
4443 0.778
1664 0.927
2795 0.698
6351 0.212
3229 0.552
2891 0.872
6618 0.841
3953 0.822
1754 0.413
3471 0.800
1928 0.789
5295 0.126
4530 0.579
2881 0.918
5304 0.885
6265 0.941
2673 0.532
5614 0.969
555 0.783
5486 0.459
7321 0.151
2352 0.621
4779 0.785
3913 0.236
4283 0.175
4115 0.367
1088 0.873
1835 0.289
5456 0.379
4484 0.101
5241 0.344
7995 0.942
8131 0.416
2336 0.590
355 0.636
3506 0.192
2838 0.933
5502 0.379
1235 0.494
1803 0.000
149 0.456
1416 0.823
5282 0.725
3125 0.467
765 0.837
2349 0.847
7031 0.686
1198 0.551
6293 0.255
2921 0.233
2071 0.025
1538 0.441
2029 0.092
5452 0.841
7171 0.348
4580 0.162
2472 0.878
6383 0.973
8048 0.763
7471 0.027
6716 0.751
1124 0.319
6822 0.040
1685 0.247
2593 0.927
2641 0.095
4810 0.948
5675 0.970
7841 0.315
2006 0.110
1390 0.887
7387 0.841
6231 0.895
6510 0.542
6127 0.696
4935 0.952
7992 0.868
6506 0.713
4303 0.788
4812 0.155
1250 0.450
584 0.692
3350 0.392
4119 0.755
6271 0.132
905 0.275
2550 0.441
3693 0.458
5528 0.789
7837 0.653
719 0.967
6708 0.088
8166 0.906
3092 0.371
4978 0.443
5618 0.563
6584 0.661
1814 0.401
2501 0.907
3005 0.851
7223 0.445
6883 0.963
2194 0.212
6108 0.431
4246 0.918
1904 0.267
1135 0.293
4639 0.707
8071 0.170
6566 0.565
6987 0.643
1294 0.479
4949 0.940
3918 0.146
6875 0.961
740 0.196
3223 0.651
4079 0.218
462 0.913
175 0.017
446 0.317
7866 0.774
2241 0.595
4017 0.650
1642 0.800
5882 0.219
5008 0.637
6549 0.404
4743 0.321
6313 0.279
3036 0.471
2122 0.033
6514 0.574
5373 0.279
7521 0.139
1889 0.592
6266 0.785
2160 0.271
4164 0.339
6924 0.291
7757 0.618
7714 0.633
2662 0.885
7611 0.243
414 0.757
820 0.746
3066 0.178
4417 0.805
1014 0.541
6317 0.559
2859 0.544
4000 0.540
5916 0.028
4682 0.571
3716 0.970
1364 0.963
5787 0.923
5947 0.473
6768 0.253
3547 0.276
2645 0.671
2925 0.776
3942 0.203
6576 0.779
449 0.039
5590 0.423
5815 0.911
1960 0.409
3028 0.964
5355 0.677
4984 0.601
5663 0.123
3978 0.112
7771 0.908
3790 0.442
5622 0.341
5992 0.708
4218 0.894
4669 0.491
1252 0.346
5973 0.807
7899 0.099
1907 0.543
6013 0.041
6336 0.364
5030 0.058
8051 0.575
4567 0.642
6076 0.543
7919 0.605
2842 0.936
4695 0.471
7199 0.927
1191 0.649
2983 0.455
5517 0.267
3136 0.179
2387 0.859
6629 0.602
5015 0.568
6390 0.817
6358 0.516
7844 0.319
6695 0.819
2496 0.059
7191 0.488
5712 0.506
5475 0.241
1528 0.614
7347 0.754
7740 0.792
953 0.020
5462 0.580
659 0.081
2593 0.324
3327 0.804
3676 0.895
6782 0.209
1661 0.777
3858 0.460
2350 0.944
6459 0.174
3128 0.313
7154 0.995
5971 0.100
5396 0.170
4405 0.949
4360 0.354
29 0.109
8142 0.163
7832 0.735
3870 0.722
3504 0.932
785 0.501
4122 0.812
3166 0.420
1287 0.634
3347 0.532
1747 0.327
683 0.750
3539 0.554
572 0.464
4015 0.508
8213 0.520
4080 0.231
375 0.569
3683 0.044
4709 0.803
4478 0.970
270 0.379
1278 0.879
2475 0.515
4703 0.853
51 0.690
1927 0.327
3529 0.087
275 0.744
4106 0.643
377 0.201
7364 0.977
7310 0.043
3293 0.822
7389 0.223
6107 0.568
5655 0.229
737 0.640
702 0.746
2218 0.299
2475 0.598
3148 0.637
6966 0.144
7802 0.775
4626 0.798
6520 0.811
3567 0.602
3898 0.703
149 0.341
5342 0.586
910 0.963
6643 0.257
3556 0.922
5167 0.551
653 0.642
2511 0.485
5676 0.565
6626 0.710
7704 0.942
4772 0.103
5849 0.522
5751 0.668
7009 0.421
1963 0.554
6421 0.115
4474 0.772
3303 0.475
7512 0.887
3161 0.937
1835 0.157
3279 0.591
7216 0.025
7492 0.818
2952 0.306
6376 0.762
456 0.547
2656 0.737
4056 0.699
4910 0.269
6135 0.090
1281 0.817
1992 0.436
4851 0.498
6272 0.941
5511 0.904
858 0.341
1305 0.234
7174 0.488
7027 0.383
5616 0.138
2416 0.874
2970 0.715
1315 0.880
5944 0.334
1518 0.357
7580 0.429
6861 0.752
5274 0.858
3778 0.043
8231 0.538
2488 0.783
5609 0.120
7528 0.076
5112 0.958
4700 0.187
4175 0.669
481 0.059
4528 0.929
2174 0.526
8045 0.466
6714 0.785
3470 0.015
1899 0.673
2555 0.501
3991 0.144
3595 0.427
7715 0.285
7327 0.316
3242 0.581
5571 0.168
7585 0.361
3928 0.082
2879 0.449
7134 0.690
250 0.384
7851 0.899
6584 0.979
242 0.876
1831 0.466
5444 0.607
483 0.688
1847 0.868
7002 0.275
4058 0.561
5653 0.947
3834 0.319
7701 0.294
4269 0.766
7287 0.239
4682 0.810
1520 0.718
844 0.814
2207 0.942
2621 0.822
6246 0.673
2801 0.840
6423 0.244
314 0.389
2820 0.312
793 0.274
3780 0.473
4791 0.163
7813 0.078
5698 0.047
3565 0.677
3680 0.462
6004 0.316
6103 0.712
4261 0.072
2234 0.722
8216 0.756
845 0.988
3021 0.071
6605 0.523
3898 0.727
7289 0.112
6418 0.297
8116 0.899
3480 0.801
3252 0.236
6894 0.178
5098 0.449
2105 0.657
5305 0.044
6032 0.405
5253 0.715
4118 0.193
4833 0.672
7330 0.961
180 0.714
2612 0.174
3109 0.314
7066 0.315
2348 0.333
4576 0.757
5638 0.524
3009 0.437
978 0.568
7683 0.397
2298 0.844
4095 0.215
7343 0.795
7050 0.187
3560 0.703
7773 0.597
7984 0.467
7814 0.569
1244 0.039
1494 0.514
2543 0.124
2345 0.658
5777 0.219
2014 0.096
1423 0.877
2524 0.381
4399 0.196
4515 0.735
77 0.265
124 0.387
2132 0.378
4736 0.825
5933 0.699
4492 0.833
8036 0.620
1320 0.556
3699 0.125
5337 0.305
4919 0.699
1814 0.630
6849 0.683
4087 0.784
172 0.994
3810 0.528
103 0.314
826 0.820
1013 0.774
935 0.995
4464 0.744
574 0.935
316 0.085
8218 0.169
544 0.434
7660 0.153
7877 0.436
6173 0.536
7506 0.008
3045 0.830
8124 0.179
6241 0.511
3784 0.942
2453 0.825
1941 0.450
3638 0.965
927 0.171
6236 0.408
2557 0.424
266 0.421
7446 0.191
481 0.626
3521 0.584
5058 0.227
1027 0.413
5933 0.445
3299 0.238
3892 0.956
4364 0.734
6707 0.399
2456 0.007
5908 0.827
6927 0.833
5622 0.781
5503 0.877
4587 0.556
1005 0.872
2005 0.599
314 0.518
5161 0.613
510 0.652
902 0.344
3467 0.727
3994 0.953
7101 0.386
6003 0.681
2867 0.376
5585 0.091
6805 0.289
4271 0.852
1421 0.194
4052 0.839
5744 0.407
1124 0.444
1259 0.473
8246 0.419
3344 0.566
5303 0.899
3448 0.343
5235 0.025
3039 0.686
3889 0.099
7249 0.711
7735 0.607
2021 0.945
1428 0.948
841 0.357
6340 0.333
2752 0.045
4612 0.719
831 0.945
2640 0.966
5750 0.014
7667 0.276
7631 0.419
6415 0.960
3671 0.298
6149 0.795
1524 0.341
4698 0.380
1520 0.705
4517 0.662
1181 0.992
2366 0.266
6729 0.011
3565 0.256
4685 0.893
4503 0.332
2653 0.581
1749 0.391
5903 0.280
2833 0.560
5605 0.628
50 0.688
189 0.896
75 0.915
5344 0.025
902 0.494
7636 0.780
7387 0.352
3057 0.280
3199 0.682
7233 0.173
4789 0.582
2708 0.486
1788 0.201
5091 0.707
6108 0.205
73 0.221
2660 0.475
4092 0.070
2314 0.094
3876 0.029
5714 0.821
1564 0.378
5247 0.183
1014 0.519
7529 0.007
2043 0.306
1682 0.447
4761 0.424
7928 0.005
3843 0.697
4536 0.354
7344 0.131
5795 0.807
7895 0.468
789 0.421
3599 0.265
1972 0.104
6014 0.071
7769 0.583
1718 0.088
5748 0.010
6208 0.400
6204 0.601
158 0.351
6396 0.588
7381 0.565
5980 0.626
2521 0.250
5991 0.102
8108 0.043
989 0.161
4190 0.356
2000 0.181
75 0.337
1394 0.947
4597 0.615
3766 0.170
2083 0.257
8074 0.396
8083 0.832
3680 0.800
1026 0.473
7962 0.758
4969 0.289
934 0.291
7289 0.332
8112 0.608
4128 0.230
2201 0.286
1106 0.170
5149 0.777
6101 0.371
2246 0.872
6836 0.212
3175 0.163
1001 0.268
3575 0.622
396 0.530
7024 0.783
6781 0.581
720 0.716
1945 0.510
6952 0.619
4714 0.422
6336 0.619
6292 0.467
573 0.171
6387 0.012
6380 0.050
4715 0.418
6927 0.712
585 0.186
2891 0.882
4327 0.235
1381 0.478
7787 0.793
3172 0.192
3857 0.107
2920 0.241
5938 0.082
6721 0.731
8229 0.513
2863 0.629
3706 0.671
2692 0.611
6878 0.245
1666 0.439
3939 0.421
706 0.428
433 0.655
3417 0.211
1657 0.589
3429 0.904
6587 0.323
8290 0.255
1569 0.164
6885 0.401
1378 0.617
1761 0.470
6397 0.093
3883 0.254
5899 0.687
709 0.469
730 0.294
17 0.970
2136 0.871
8249 0.996
5029 0.502
5223 0.743
7743 0.448
5685 0.020
7918 0.365
8127 0.563
576 0.583
2728 0.569
7765 0.118
6748 0.173
1714 0.282
850 0.110
6813 0.547
3711 0.942
8105 0.060
578 0.857
3154 0.370
4332 0.410
6920 0.905
1121 0.007
8130 0.164
3092 0.078
1716 0.998
483 0.438
4849 0.501
661 0.559
4707 0.635
3120 0.277
6667 0.705
5375 0.530
3259 0.183
6420 0.587
342 0.725
4656 0.260
6581 0.372
4028 0.368
1071 0.610
4466 0.665
4499 0.563
2731 0.284
7852 0.287
951 0.383
3446 0.080
7353 0.983
637 0.062
958 0.487
7598 0.331
2984 0.824
758 0.386
616 0.282
7995 0.844
1298 0.948
470 0.730
8006 0.136
4496 0.868
653 0.441
3424 0.636
4651 0.867
7636 0.162
5938 0.218
4311 0.965
3734 0.652
1684 0.816
130 0.698
6743 0.769
426 0.762
3622 0.522
1242 0.943
128 0.896
2853 0.944
6271 0.865
4956 0.280
6026 0.285
7035 0.648
6248 0.030
3451 0.809
100 0.581
4779 0.581
1555 0.931
6037 0.902
2943 0.245
4265 0.051
6607 0.165
4310 0.312
4969 0.294
356 0.373
348 0.025
2417 0.991
6916 0.956
2908 0.968
5067 0.183
1680 0.457
6637 0.471
5184 0.088
870 0.566
65 0.386
8286 0.160
6602 0.799
6986 0.172
6348 0.020
7380 0.800
1834 0.626
3358 0.269
7627 0.544
138 0.684
8128 0.454
6674 0.564
1650 0.313
3556 0.565
1891 0.619
8208 0.401
325 0.953
183 0.830
4383 0.373
3915 0.458
7659 0.510
4825 0.766
8026 0.829
6050 0.396
5726 0.952
7888 0.312
6490 0.217
1807 0.798
7336 0.741
2725 0.504
5862 0.096
6092 0.111
5030 0.456
7910 0.950
4213 0.663
1789 0.087
5295 0.350
2945 0.407
293 0.578
4243 0.573
2068 0.904
430 0.745
42 0.030
4128 0.499
5831 0.618
1144 0.052
7885 0.568
6924 0.818
3942 0.149
8114 0.941
1428 0.664
7604 0.413
7863 0.105
7637 0.739
2642 0.657
3546 0.787
5359 0.142
3167 0.097
937 0.389
6374 0.736
970 0.323
3364 0.398
4120 0.137
4078 0.203
4817 0.247
4449 0.930
3428 0.691
2796 0.166
6504 0.630
7614 0.302
6990 0.995
5492 0.203
7498 0.617
7872 0.786
4309 0.994
6911 0.647
7723 0.784
308 0.271
7257 0.249
2468 0.512
379 0.529
4222 0.256
4184 0.624
1808 0.950
2559 0.453
1548 0.938
57 0.606
2163 0.973
158 0.058
188 0.646
8224 0.719
8285 0.719
1217 0.310
987 0.087
7841 0.626
7992 0.169
6529 0.390
7580 0.082
8215 0.393
5504 0.286
3845 0.131
5893 0.022
4252 0.457
7138 0.109
8024 0.419
1090 0.824
3168 0.226
2920 0.837
6787 0.437
257 0.934
8070 0.130
4697 0.467
2721 0.921
7665 0.219
7252 0.541
5656 0.382
4019 0.014
6222 0.537
4671 0.731
8091 0.639
7569 0.473
6515 0.212
1506 0.711
5790 0.881
3999 0.917
2842 0.088
4508 0.708
1513 0.774
1297 0.611
7941 0.710
3854 0.925
2366 0.604
1877 0.569
5394 0.573
2386 0.610
1816 0.389
7197 0.596
1834 0.884
2343 0.587
5933 0.107
6617 0.997
5689 0.467
8278 0.678
7051 0.337
6963 0.896
3799 0.194
6893 0.716
7775 0.545
492 0.341
6772 0.390
1143 0.473
2148 0.225
7024 0.581
6919 0.687
1820 0.500
5105 0.922
6046 0.005
5906 0.737
3899 0.560
5758 0.063
8109 0.217
6961 0.270
1870 0.917
1714 0.516
1951 0.515
3861 0.741
3435 0.127
2795 0.807
5732 0.609
6561 0.845
5380 0.094
1419 0.698
5163 0.861
7735 0.127
4166 0.287
4033 0.734
4225 0.060
2852 0.249
3245 0.218
6909 0.529
433 0.279
3431 0.895
8278 0.512
319 0.865
5937 0.310
5672 0.624
6025 0.399
5706 0.773
2772 0.162
6985 0.349
4864 0.097
1044 0.384
3299 0.526
5364 0.841
132 0.339
7795 0.782
1774 0.733
3576 0.253
39 0.063
3324 0.366
1805 0.666
3080 0.162
5170 0.464
4579 0.016
7204 0.263
799 0.413
1731 0.263
1810 0.463
3523 0.140
5484 0.006
5016 0.449
290 0.912
962 0.598
3803 0.333
1941 0.226
5397 0.636
7965 0.360
7159 0.532
5798 0.069
4124 0.654
5016 0.298
5967 0.459
4051 0.143
7663 0.560
3241 0.872
2173 0.998
7541 0.934
4591 0.613
6124 0.949
172 0.655
3492 0.302
2374 0.934
7822 0.473
2446 0.197
4245 0.049
6014 0.269
3335 0.420
4341 0.413
4871 0.153
2954 0.069
2638 0.735
1978 0.766
5353 0.639
1796 0.421
2220 0.875
1811 0.956
2779 0.280
2480 0.904
2373 0.592
4179 0.690
1110 0.052
2422 0.549
2873 0.632
2186 0.457
6818 0.022
2516 0.202
947 0.666
7740 0.398
6008 0.829
1515 0.230
521 0.149
1707 0.776
1511 0.248
3106 0.010
5478 0.809
5199 0.388
4086 0.819
7016 0.136
59 0.441
6328 0.930
5908 0.533
7759 0.045
2846 0.557
4030 0.896
1790 0.357
4274 0.937
402 0.042
4118 0.264
1951 0.942
2849 0.827
2705 0.196
7073 0.913
999 0.052
6609 0.477
1610 0.571
5471 0.165
6787 0.729
4252 0.525
2518 0.625
955 0.864
1248 0.187
6850 0.786
4663 0.063
3730 0.740
6798 0.643
6457 0.294
2502 0.860
5759 0.531
819 0.159
5070 0.165
1702 0.566
131 0.032
1629 0.652
1703 0.161
4325 0.948
3525 0.824
2549 0.227
1612 0.500
4914 0.649
2341 0.837
715 0.122
718 0.465
2434 0.825
4243 0.616
4901 0.466
7601 0.549
4968 0.055
6258 0.225
2819 0.008
8149 0.578
1795 0.972
2605 0.930
6677 0.367
6138 0.746
5920 0.468
3323 0.828
785 0.119
5848 0.288
6193 0.228
4432 0.388
6076 0.260
479 0.506
7105 0.819
1162 0.226
5411 0.661
2730 0.729
1978 0.208
6557 0.250
7000 0.541
3661 0.095
2776 0.595
6100 0.623
7435 0.912
1475 0.604
5693 0.045
2915 0.377
5363 0.369
2874 0.117
6567 0.100
4483 0.705
3710 0.842
8182 0.112
