./datasets/p2p-Gnutella25.in,128,19062947,10,9229,140,2189409,80,2197529,4396390
./datasets/p2p-Gnutella25.in,128,19367722,100,17427,134,2351824,99,2380698,4750185
./datasets/p2p-Gnutella25.in,128,18668471,1000,37073,133,2020915,338,2074657,4133118
./datasets/p2p-Gnutella25.in,128,18619454,10000,186757,249,2261938,2583,2013565,4465095
./datasets/p2p-Gnutella25.in,64,19607208,10,5499,118,2488662,5,2358506,4852793
./datasets/p2p-Gnutella25.in,64,19286411,100,8340,124,2179892,94,2124762,4313215
./datasets/p2p-Gnutella25.in,64,18868497,1000,26715,121,2157901,261,1775207,3960208
./datasets/p2p-Gnutella25.in,64,18740176,10000,245231,119,2269830,1585,2052286,4569054
./datasets/p2p-Gnutella25.in,16,21212111,10,1859,115,3366850,2,3379401,6748229
./datasets/p2p-Gnutella25.in,16,21286804,100,8211,113,3450285,32,3419489,6878132
./datasets/p2p-Gnutella25.in,16,21602694,1000,68369,115,3391954,137,3588162,7048739
./datasets/p2p-Gnutella25.in,16,21291094,10000,675995,116,3358565,942,4091448,8127068
./datasets/p2p-Gnutella25.in,4,35090129,10,3419,119,12122119,2,12162415,24288076
./datasets/p2p-Gnutella25.in,4,34801171,100,27302,112,12980381,35,13400793,26408626
./datasets/p2p-Gnutella25.in,4,34933335,1000,261934,112,12165186,126,12184932,24612292
./datasets/p2p-Gnutella25.in,4,34654937,10000,2608366,112,11965033,942,14451280,29025736
./datasets/p2p-Gnutella25.in,1,61519863,10,10547,112,41853323,0,41886661,83750646
./datasets/p2p-Gnutella25.in,1,62356226,100,103874,112,42203771,13,42381236,84689009
./datasets/p2p-Gnutella25.in,1,62257991,1000,1050768,112,42101462,53,42440281,85592678
./datasets/p2p-Gnutella25.in,1,61559553,10000,10487140,117,43872953,386,46833652,101194250
./datasets/p2p-Gnutella25.in,128,17089421,10,1732,113,1861997,2,1923999,3787846
./datasets/p2p-Gnutella25.in,128,17216707,100,2529,117,2183352,194,2252214,4438409
./datasets/p2p-Gnutella25.in,128,17169563,1000,14185,116,1965150,274,2034705,4014434
./datasets/p2p-Gnutella25.in,128,17035741,10000,125033,130,1948694,1565,1931990,4007414
./datasets/p2p-Gnutella25.in,64,16859041,10,2070,113,1241688,3,1160937,2404814
./datasets/p2p-Gnutella25.in,64,16816876,100,3226,115,1273854,131,1112575,2389904
./datasets/p2p-Gnutella25.in,64,16884794,1000,27748,282,1269546,194,1269904,2567677
./datasets/p2p-Gnutella25.in,64,16932846,10000,178365,115,1293870,1359,1482843,2956554
./datasets/p2p-Gnutella25.in,16,20362030,10,1703,123,3555949,2,3599198,7156976
./datasets/p2p-Gnutella25.in,16,20690151,100,10069,109,3656103,63,3632992,7299339
./datasets/p2p-Gnutella25.in,16,20499447,1000,68257,110,3494193,194,3595103,7157858
./datasets/p2p-Gnutella25.in,16,20743247,10000,672606,110,3501063,1397,4582706,8757885
./datasets/p2p-Gnutella25.in,4,34100365,10,3904,108,12133544,2,12101165,24238724
./datasets/p2p-Gnutella25.in,4,33924405,100,27320,108,12204294,22,12269866,24501613
./datasets/p2p-Gnutella25.in,4,35023089,1000,266752,108,12485379,166,12632942,25385349
./datasets/p2p-Gnutella25.in,4,33491878,10000,2646303,214,11679938,1044,13949571,28277072
./datasets/p2p-Gnutella25.in,1,60277850,10,10563,107,41542699,0,41528093,83081464
./datasets/p2p-Gnutella25.in,1,60740095,100,106151,107,41737817,14,41821843,83665934
./datasets/p2p-Gnutella25.in,1,60169779,1000,1073904,110,41490980,53,41900923,84465974
./datasets/p2p-Gnutella25.in,1,59861347,10000,10656766,112,41927310,383,45236751,97821325
./datasets/p2p-Gnutella25.in,128,16990384,10,2022,114,1836633,3,1925601,3764375
./datasets/p2p-Gnutella25.in,128,17097266,100,2525,115,1849494,62,2051013,3903210
./datasets/p2p-Gnutella25.in,128,17185146,1000,13162,119,1851823,250,1888531,3753888
./datasets/p2p-Gnutella25.in,128,16914389,10000,127724,139,1930752,1777,1985551,4045946
./datasets/p2p-Gnutella25.in,64,16925063,10,1798,134,1196229,2,1173204,2371369
./datasets/p2p-Gnutella25.in,64,16869173,100,5214,115,1174954,171,1114732,2295188
./datasets/p2p-Gnutella25.in,64,16913427,1000,23626,117,1127984,248,1105294,2257271
./datasets/p2p-Gnutella25.in,64,16851882,10000,197550,136,1301577,1382,1500385,3001032
./datasets/p2p-Gnutella25.in,16,20570862,10,1786,109,3486811,2,3468670,6957379
./datasets/p2p-Gnutella25.in,16,20513367,100,8258,115,3541489,28,3570046,7119937
./datasets/p2p-Gnutella25.in,16,20838588,1000,67705,109,3803273,197,3850589,7721876
./datasets/p2p-Gnutella25.in,16,20445777,10000,669057,108,3374769,1373,4426008,8471317
./datasets/p2p-Gnutella25.in,4,33756482,10,3660,109,11990909,1,11971736,23966418
./datasets/p2p-Gnutella25.in,4,34028345,100,27432,107,12156007,23,12206456,24390028
./datasets/p2p-Gnutella25.in,4,33532334,1000,265276,109,11994741,160,12105994,24366282
./datasets/p2p-Gnutella25.in,4,33914148,10000,2663031,107,11823143,1116,14362736,28850135
./datasets/p2p-Gnutella25.in,1,60266615,10,10702,107,41496773,0,41540017,83047603
./datasets/p2p-Gnutella25.in,1,60455843,100,105527,106,41472908,13,41533087,83111643
./datasets/p2p-Gnutella25.in,1,60447088,1000,1072372,111,41586461,54,42015772,84674773
./datasets/p2p-Gnutella25.in,1,60691730,10000,10589084,116,43416635,393,46250732,100256962


./datasets/p2p-Gnutella25.in,128,16487198,10,2712779
./datasets/p2p-Gnutella25.in,128,16397304,100,2790362
./datasets/p2p-Gnutella25.in,128,16464890,1000,2937039
./datasets/p2p-Gnutella25.in,128,16373124,10000,2992429
./datasets/p2p-Gnutella25.in,64,16630520,10,2211035
./datasets/p2p-Gnutella25.in,64,16652779,100,2333676
./datasets/p2p-Gnutella25.in,64,16697607,1000,2379994
./datasets/p2p-Gnutella25.in,64,16664415,10000,2758168
./datasets/p2p-Gnutella25.in,16,20912848,10,7527069
./datasets/p2p-Gnutella25.in,16,20279343,100,7030673
./datasets/p2p-Gnutella25.in,16,20326085,1000,6960860
./datasets/p2p-Gnutella25.in,16,20306167,10000,8567471
./datasets/p2p-Gnutella25.in,4,34000746,10,24150177
./datasets/p2p-Gnutella25.in,4,33990035,100,24293795
./datasets/p2p-Gnutella25.in,4,33700585,1000,24246798
./datasets/p2p-Gnutella25.in,4,33464847,10000,28625096
./datasets/p2p-Gnutella25.in,1,60409954,10,83328795
./datasets/p2p-Gnutella25.in,1,60292884,100,83855951
./datasets/p2p-Gnutella25.in,1,60707300,1000,85860300
./datasets/p2p-Gnutella25.in,1,60520650,10000,100458702
