./datasets/p2p-Gnutella30.in,128,57689143,10,11934,203,6101095,6,5999881,12113122
./datasets/p2p-Gnutella30.in,128,60288428,100,14299,217,5737705,160,5660785,11413169
./datasets/p2p-Gnutella30.in,128,57999681,1000,47841,213,5802626,320,5649474,11500476
./datasets/p2p-Gnutella30.in,128,63886881,10000,304890,227,5667345,1379,5615279,11589122
./datasets/p2p-Gnutella30.in,64,57846657,10,8031,205,5751763,7,4990167,10750177
./datasets/p2p-Gnutella30.in,64,57010217,100,11209,196,6103978,262,5106095,11221742
./datasets/p2p-Gnutella30.in,64,60777274,1000,47598,1057,4811479,223,4651054,9511414
./datasets/p2p-Gnutella30.in,64,56060258,10000,383750,204,5162808,1445,5328422,10876631
./datasets/p2p-Gnutella30.in,16,63936657,10,3263,186,9618703,4,9606803,19228962
./datasets/p2p-Gnutella30.in,16,64657529,100,13863,188,9628479,44,9714579,19357156
./datasets/p2p-Gnutella30.in,16,64496584,1000,107357,193,9590819,166,9847573,19546111
./datasets/p2p-Gnutella30.in,16,65442833,10000,1071685,189,9799599,999,11068437,21940912
./datasets/p2p-Gnutella30.in,4,107832491,10,5821,187,35523538,8,35576288,71105843
./datasets/p2p-Gnutella30.in,4,107791460,100,42065,189,35599804,33,35782281,71424374
./datasets/p2p-Gnutella30.in,4,107848651,1000,411564,190,35546739,175,35821539,71780210
./datasets/p2p-Gnutella30.in,4,106626422,10000,4100744,187,35168763,950,39127255,78397902
./datasets/p2p-Gnutella30.in,1,184285116,10,16851,187,122669968,0,122052822,244739830
./datasets/p2p-Gnutella30.in,1,182728191,100,163871,188,120742950,23,120761218,241668252
./datasets/p2p-Gnutella30.in,1,182880558,1000,1666131,189,122967241,67,123064637,247698267
./datasets/p2p-Gnutella30.in,1,183902807,10000,16554985,217,125665345,417,130843140,273064105
./datasets/p2p-Gnutella30.in,128,54287039,10,4560,203,6775794,28,7346606,14127195
./datasets/p2p-Gnutella30.in,128,54070041,100,5881,239,6512836,325,7012307,13531591
./datasets/p2p-Gnutella30.in,128,53416339,1000,21950,188,6750828,390,6996606,13769965
./datasets/p2p-Gnutella30.in,128,54212318,10000,199747,212,6825210,2776,6695970,13723916
./datasets/p2p-Gnutella30.in,64,50963685,10,3542,193,5310080,2,5162566,10476386
./datasets/p2p-Gnutella30.in,64,50703841,100,5988,191,5856949,300,5936916,11800347
./datasets/p2p-Gnutella30.in,64,51161601,1000,37148,200,6618428,589,6090183,12746552
./datasets/p2p-Gnutella30.in,64,50954970,10000,273670,189,6739373,2119,6492515,13507869
./datasets/p2p-Gnutella30.in,16,65173892,10,5841,190,11770355,13,11667645,23444046
./datasets/p2p-Gnutella30.in,16,61843164,100,14813,199,11020548,358,11086870,22122790
./datasets/p2p-Gnutella30.in,16,63602570,1000,106099,188,11187411,236,11194810,22488746
./datasets/p2p-Gnutella30.in,16,63735639,10000,1055672,352,11387781,2027,12455949,24901783
./datasets/p2p-Gnutella30.in,4,105852918,10,6444,182,35538201,1,35543798,71088629
./datasets/p2p-Gnutella30.in,4,107412812,100,42880,185,36447220,32,36533243,73023563
./datasets/p2p-Gnutella30.in,4,104081816,1000,418208,212,34757867,147,35034709,70211145
./datasets/p2p-Gnutella30.in,4,108588943,10000,4183613,350,36564973,1152,40482747,81232838
./datasets/p2p-Gnutella30.in,1,Traceback (most recent call last):
  File "/DATA/prajjwal/dynamic-percolation-centrality/run.py", line 114, in <module>
    run(exec_map[(algo,gpuflag)]+ " ./datasets/{}.in ./queries/edge-update-queries/queries_{}/{}_queries ./output/{} {}".format(dataset, batch, dataset, outfile, numthread), shell=True, check=True)
  File "/usr/lib/python3.10/subprocess.py", line 505, in run
    stdout, stderr = process.communicate(input, timeout=timeout)
  File "/usr/lib/python3.10/subprocess.py", line 1146, in communicate
    self.wait()
  File "/usr/lib/python3.10/subprocess.py", line 1209, in wait
    return self._wait(timeout=timeout)
  File "/usr/lib/python3.10/subprocess.py", line 1959, in _wait
    (pid, sts) = self._try_wait(0)
  File "/usr/lib/python3.10/subprocess.py", line 1917, in _try_wait
    (pid, sts) = os.waitpid(self.pid, wait_flags)
KeyboardInterrupt
./datasets/p2p-Gnutella30.in,128,53791983,10,8859,210,7409457,16,7554607,14973153
./datasets/p2p-Gnutella30.in,128,56202553,100,8239,186,6293488,118,6425485,12727518
./datasets/p2p-Gnutella30.in,128,54712541,1000,24559,189,6644149,536,6944431,13613867
./datasets/p2p-Gnutella30.in,128,54556597,10000,201734,190,6495322,2122,6975195,13674566
./datasets/p2p-Gnutella30.in,64,50720426,10,3538,191,6021887,6,5859072,11884697
./datasets/p2p-Gnutella30.in,64,50511448,100,5875,194,5766328,489,5913844,11686732
./datasets/p2p-Gnutella30.in,64,50583692,1000,37440,382,5848232,655,6160765,12047475
./datasets/p2p-Gnutella30.in,64,50636150,10000,277546,194,5660504,2336,6276843,12217425
./datasets/p2p-Gnutella30.in,16,63962512,10,3007,217,11451468,3,11518144,22972842
./datasets/p2p-Gnutella30.in,16,62339336,100,12911,222,11001624,57,11025860,22040676
./datasets/p2p-Gnutella30.in,16,64247016,1000,110313,184,11499926,234,11631932,23242591
./datasets/p2p-Gnutella30.in,16,62224632,10000,1052818,204,10909761,1848,12342161,24306794
./datasets/p2p-Gnutella30.in,4,105579400,10,6502,195,35380871,1,35440685,70828256
./datasets/p2p-Gnutella30.in,4,106752273,100,42691,185,35950658,32,36032629,72026197
./datasets/p2p-Gnutella30.in,4,107486516,1000,414329,183,35635327,158,35808473,71858473
./datasets/p2p-Gnutella30.in,4,106997418,10000,4183345,180,37405289,1100,41197861,82787778
./datasets/p2p-Gnutella30.in,1,193141545,10,17374,182,138490126,0,138463113,276970798
./datasets/p2p-Gnutella30.in,1,190498179,100,168090,181,138016559,21,138461115,276645968
./datasets/p2p-Gnutella30.in,1,192759126,1000,1668866,184,139452196,68,136012539,277133856
./datasets/p2p-Gnutella30.in,1,192421652,10000,16785518,187,138761265,415,146163198,301710585
