./datasets/PGPgiantcompo.in,128,4619556,10,12589,55,133828,2,151090,297566
./datasets/PGPgiantcompo.in,128,4642333,100,13279,55,147815,34,135538,296724
./datasets/PGPgiantcompo.in,128,4699632,1000,20767,97,228560,162,204889,454476
./datasets/PGPgiantcompo.in,128,4697778,10000,56679,97,147857,684,153071,358390
./datasets/PGPgiantcompo.in,64,4685211,10,1093,63,207283,2,199498,407942
./datasets/PGPgiantcompo.in,64,4698735,100,1404,54,167935,16,166917,336328
./datasets/PGPgiantcompo.in,64,4679131,1000,6257,55,195450,246,199555,401566
./datasets/PGPgiantcompo.in,64,4645197,10000,58296,53,202728,869,204045,465993
./datasets/PGPgiantcompo.in,16,5266802,10,959,52,311901,1,317347,630263
./datasets/PGPgiantcompo.in,16,5232517,100,2881,53,338537,14,328165,669652
./datasets/PGPgiantcompo.in,16,5295557,1000,17680,51,332633,121,368968,719456
./datasets/PGPgiantcompo.in,16,5232541,10000,200919,52,233008,551,400914,835447
./datasets/PGPgiantcompo.in,4,7794843,10,1005,50,1216538,5,1226759,2444358
./datasets/PGPgiantcompo.in,4,7860268,100,7467,51,1199329,21,1227722,2434592
./datasets/PGPgiantcompo.in,4,7872746,1000,71943,51,1206128,120,1329526,2607771
./datasets/PGPgiantcompo.in,4,7857795,10000,689004,55,1207672,491,1400253,3297477
./datasets/PGPgiantcompo.in,1,15839362,10,2471,49,4697971,0,4699463,9399957
./datasets/PGPgiantcompo.in,1,15900384,100,27120,49,4662636,6,4685120,9374933
./datasets/PGPgiantcompo.in,1,16303103,1000,274007,51,4704327,47,4865509,9843943
./datasets/PGPgiantcompo.in,1,16504279,10000,2728653,63,4779447,283,4158976,11667425
./datasets/PGPgiantcompo.in,128,5270439,10,935,52,84389,2,58877,144257
./datasets/PGPgiantcompo.in,128,5448451,100,1351,53,95421,22,63267,160116
./datasets/PGPgiantcompo.in,128,5458822,1000,6260,56,99368,234,68972,174893
./datasets/PGPgiantcompo.in,128,5044759,10000,56876,56,105226,937,84298,247395
./datasets/PGPgiantcompo.in,64,4847061,10,556,57,124232,2,122595,247444
./datasets/PGPgiantcompo.in,64,5121051,100,1359,58,187029,24,141239,329712
./datasets/PGPgiantcompo.in,64,5133438,1000,9593,61,132594,189,79181,221620
./datasets/PGPgiantcompo.in,64,5021540,10000,75908,56,97439,773,124575,298754
./datasets/PGPgiantcompo.in,16,5849322,10,634,54,466711,1,466016,933418
./datasets/PGPgiantcompo.in,16,5862731,100,2182,56,483905,15,480810,966970
./datasets/PGPgiantcompo.in,16,5780310,1000,18154,55,464252,133,495356,977952
./datasets/PGPgiantcompo.in,16,5848787,10000,178767,56,242539,568,384223,806155
./datasets/PGPgiantcompo.in,4,10533208,10,1295,55,1841789,1,1845478,3688621
./datasets/PGPgiantcompo.in,4,10486995,100,7766,54,1835483,13,1857223,3700542
./datasets/PGPgiantcompo.in,4,10327575,1000,70918,56,1797896,117,1886325,3755315
./datasets/PGPgiantcompo.in,4,10497900,10000,703282,49,1797334,537,1333444,3834648
./datasets/PGPgiantcompo.in,1,26999878,10,2620,52,7258498,0,7264333,14525506
./datasets/PGPgiantcompo.in,1,27036763,100,27959,52,7274572,5,7309277,14611867
./datasets/PGPgiantcompo.in,1,26365280,1000,279859,53,7140078,45,7294337,14714374
./datasets/PGPgiantcompo.in,1,27045365,10000,2825545,61,7177923,292,4237002,14240825
./datasets/PGPgiantcompo.in,128,5001117,10,1026,54,68023,2,48756,117864
./datasets/PGPgiantcompo.in,128,4803111,100,1152,51,81183,24,52022,134435
./datasets/PGPgiantcompo.in,128,4781929,1000,5917,52,75944,185,55775,137875
./datasets/PGPgiantcompo.in,128,5370374,10000,50811,51,130542,779,94014,276198
./datasets/PGPgiantcompo.in,64,5092826,10,758,57,135085,2,125326,261230
./datasets/PGPgiantcompo.in,64,5126292,100,1185,63,185939,22,139824,327035
./datasets/PGPgiantcompo.in,64,5107142,1000,9844,55,126210,192,80763,217067
./datasets/PGPgiantcompo.in,64,5128149,10000,87554,97,105663,990,126335,320641
./datasets/PGPgiantcompo.in,16,5858598,10,666,54,465474,2,474472,940671
./datasets/PGPgiantcompo.in,16,5895707,100,2102,53,474933,18,482220,959327
./datasets/PGPgiantcompo.in,16,5904355,1000,18151,55,475732,162,508691,1002793
./datasets/PGPgiantcompo.in,16,5893466,10000,186061,57,239973,642,380532,807268
./datasets/PGPgiantcompo.in,4,10377197,10,1122,58,1802819,1,1803859,3607861
./datasets/PGPgiantcompo.in,4,10521058,100,7663,54,1837028,17,1856811,3701576
./datasets/PGPgiantcompo.in,4,10286795,1000,71418,57,1798191,130,1897638,3767437
./datasets/PGPgiantcompo.in,4,10344941,10000,702114,49,1806968,576,1334100,3843808
./datasets/PGPgiantcompo.in,1,26890732,10,2596,53,7294737,0,7303752,14601140
./datasets/PGPgiantcompo.in,1,27025932,100,28115,53,7282986,6,7312214,14623376
./datasets/PGPgiantcompo.in,1,26819292,1000,279014,56,7269437,50,7428501,14977059
./datasets/PGPgiantcompo.in,1,26972569,10000,2812876,62,7208180,294,4233179,14254592

./datasets/PGPgiantcompo.in,128,4746335,10,214038
./datasets/PGPgiantcompo.in,128,4758938,100,212096
./datasets/PGPgiantcompo.in,128,4737900,1000,127015
./datasets/PGPgiantcompo.in,128,4612368,10000,182577
./datasets/PGPgiantcompo.in,64,4623684,10,165753
./datasets/PGPgiantcompo.in,64,4659657,100,179617
./datasets/PGPgiantcompo.in,64,4640888,1000,182253
./datasets/PGPgiantcompo.in,64,4661166,10000,240346
./datasets/PGPgiantcompo.in,16,4859232,10,450821
./datasets/PGPgiantcompo.in,16,4826993,100,464027
./datasets/PGPgiantcompo.in,16,4847971,1000,514350
./datasets/PGPgiantcompo.in,16,4851704,10000,802837
./datasets/PGPgiantcompo.in,4,6091941,10,1654000
./datasets/PGPgiantcompo.in,4,6075837,100,1642776
./datasets/PGPgiantcompo.in,4,6101389,1000,1808659
./datasets/PGPgiantcompo.in,4,6073769,10000,3012173
./datasets/PGPgiantcompo.in,1,8669466,10,6442621
./datasets/PGPgiantcompo.in,1,8593573,100,6431107
./datasets/PGPgiantcompo.in,1,8520039,1000,6774728
./datasets/PGPgiantcompo.in,1,8504800,10000,10183482

./datasets/PGPgiantcompo.in,128,4786905,10,137908
./datasets/PGPgiantcompo.in,128,4798460,100,132289
./datasets/PGPgiantcompo.in,128,4800276,1000,138997
./datasets/PGPgiantcompo.in,128,4787909,10000,203121
./datasets/PGPgiantcompo.in,64,4643489,10,173802
./datasets/PGPgiantcompo.in,64,4673577,100,177793
./datasets/PGPgiantcompo.in,64,4688949,1000,194264
./datasets/PGPgiantcompo.in,64,4662216,10000,265202
./datasets/PGPgiantcompo.in,16,4910069,10,478850
./datasets/PGPgiantcompo.in,16,4886335,100,488879
./datasets/PGPgiantcompo.in,16,4893338,1000,526479
./datasets/PGPgiantcompo.in,16,4879666,10000,786912
./datasets/PGPgiantcompo.in,4,6169892,10,1699733
./datasets/PGPgiantcompo.in,4,6166454,100,1731942
./datasets/PGPgiantcompo.in,4,6156673,1000,1886250
./datasets/PGPgiantcompo.in,4,6134080,10000,2942018
./datasets/PGPgiantcompo.in,1,8807827,10,6564593
./datasets/PGPgiantcompo.in,1,8802779,100,6619964
./datasets/PGPgiantcompo.in,1,8864439,1000,7030612
./datasets/PGPgiantcompo.in,1,9148578,10000,10252494


./datasets/PGPgiantcompo.in,128,4607250,10,124670
./datasets/PGPgiantcompo.in,128,4759521,100,133386
./datasets/PGPgiantcompo.in,128,4755577,1000,133819
./datasets/PGPgiantcompo.in,128,4769523,10000,204825
./datasets/PGPgiantcompo.in,64,4581021,10,172604
./datasets/PGPgiantcompo.in,64,4645344,100,181703
./datasets/PGPgiantcompo.in,64,4658869,1000,193467
./datasets/PGPgiantcompo.in,64,4630238,10000,267984
./datasets/PGPgiantcompo.in,16,4874382,10,487438
./datasets/PGPgiantcompo.in,16,4870631,100,502398
./datasets/PGPgiantcompo.in,16,4856404,1000,539202
./datasets/PGPgiantcompo.in,16,4839532,10000,788393
./datasets/PGPgiantcompo.in,4,6146725,10,1692773
./datasets/PGPgiantcompo.in,4,6149646,100,1720859
./datasets/PGPgiantcompo.in,4,6131041,1000,1920741
./datasets/PGPgiantcompo.in,4,6164018,10000,2859893
./datasets/PGPgiantcompo.in,1,8692909,10,6539547
./datasets/PGPgiantcompo.in,1,8798402,100,6569522
./datasets/PGPgiantcompo.in,1,8701552,1000,6957245
./datasets/PGPgiantcompo.in,1,8699260,10000,10341924

./datasets/PGPgiantcompo.in,128,4679815,10,133566
./datasets/PGPgiantcompo.in,128,4797089,100,140579
./datasets/PGPgiantcompo.in,128,4731908,1000,138024
./datasets/PGPgiantcompo.in,128,4716613,10000,209974
./datasets/PGPgiantcompo.in,64,4620979,10,167180
./datasets/PGPgiantcompo.in,64,4596959,100,207381
./datasets/PGPgiantcompo.in,64,4552668,1000,185797
./datasets/PGPgiantcompo.in,64,4616330,10000,257626
./datasets/PGPgiantcompo.in,16,4845400,10,468865
./datasets/PGPgiantcompo.in,16,4884585,100,452420
./datasets/PGPgiantcompo.in,16,4856033,1000,508353
./datasets/PGPgiantcompo.in,16,4879724,10000,781378
./datasets/PGPgiantcompo.in,4,6142355,10,1662364
./datasets/PGPgiantcompo.in,4,6124699,100,1696039
./datasets/PGPgiantcompo.in,4,6058604,1000,1845851
./datasets/PGPgiantcompo.in,4,6076570,10000,2866921
./datasets/PGPgiantcompo.in,1,9014812,10,6446635
./datasets/PGPgiantcompo.in,1,8676772,100,6538979
./datasets/PGPgiantcompo.in,1,9109468,1000,6884016
./datasets/PGPgiantcompo.in,1,8844067,10000,10132624

./datasets/PGPgiantcompo.in,128,4679513,10,135583
./datasets/PGPgiantcompo.in,128,4744202,100,140799
./datasets/PGPgiantcompo.in,128,4681390,1000,139964
./datasets/PGPgiantcompo.in,128,4630824,10000,201661
./datasets/PGPgiantcompo.in,64,4584629,10,165971
./datasets/PGPgiantcompo.in,64,4576584,100,180619
./datasets/PGPgiantcompo.in,64,4563440,1000,184855
./datasets/PGPgiantcompo.in,64,4636212,10000,270119
./datasets/PGPgiantcompo.in,16,4823324,10,468547
./datasets/PGPgiantcompo.in,16,4828067,100,481788
./datasets/PGPgiantcompo.in,16,4849270,1000,501138
./datasets/PGPgiantcompo.in,16,4870887,10000,772917
./datasets/PGPgiantcompo.in,4,6096079,10,1667088
./datasets/PGPgiantcompo.in,4,6094653,100,1714878
./datasets/PGPgiantcompo.in,4,6124821,1000,1940437
./datasets/PGPgiantcompo.in,4,6167622,10000,2869711
./datasets/PGPgiantcompo.in,1,9124619,10,6405975
./datasets/PGPgiantcompo.in,1,8687854,100,6522551
./datasets/PGPgiantcompo.in,1,9188184,1000,6854094
./datasets/PGPgiantcompo.in,1,8662731,10000,10140393

./datasets/PGPgiantcompo.in,128,4662026,10,1481,49,72910,2,50581,125025
./datasets/PGPgiantcompo.in,128,4534575,100,1976,50,66886,24,48982,117920
./datasets/PGPgiantcompo.in,128,4722477,1000,7923,79,80541,200,54711,143456
./datasets/PGPgiantcompo.in,128,4749452,10000,55595,50,61891,755,74544,192838
./datasets/PGPgiantcompo.in,64,4605329,10,866,55,104561,1,70536,176022
./datasets/PGPgiantcompo.in,64,4563831,100,1634,57,106568,32,69197,177490
./datasets/PGPgiantcompo.in,64,4595790,1000,10852,59,101859,185,77349,190306
./datasets/PGPgiantcompo.in,64,4575037,10000,90942,54,85137,735,116000,292871
./datasets/PGPgiantcompo.in,16,4865924,10,808,54,256919,1,221296,479081
./datasets/PGPgiantcompo.in,16,4823445,100,2265,53,254111,14,230627,487073
./datasets/PGPgiantcompo.in,16,4824728,1000,28011,93,239674,130,264868,532777
./datasets/PGPgiantcompo.in,16,4858551,10000,175170,55,218353,575,382096,776250
./datasets/PGPgiantcompo.in,4,6145403,10,1087,54,833684,1,840274,1675102
./datasets/PGPgiantcompo.in,4,6141779,100,7418,60,833841,15,871847,1713184
./datasets/PGPgiantcompo.in,4,6128991,1000,69820,55,825787,126,969878,1865668
./datasets/PGPgiantcompo.in,4,6193509,10000,688726,115,859074,881,1503307,3052104
./datasets/PGPgiantcompo.in,1,9020610,10,2558,53,3195347,1,3197856,6395817
./datasets/PGPgiantcompo.in,1,8844996,100,27103,51,3199199,6,3234564,6460926
./datasets/PGPgiantcompo.in,1,8922405,1000,275374,53,3280415,48,3441632,6997523
./datasets/PGPgiantcompo.in,1,8857924,10000,2726651,59,3272750,294,4191004,10190761
