./datasets/web-indochina-2004.in,128,2956942,10,6594,26,174052,2,201066,381743
./datasets/web-indochina-2004.in,128,2975605,100,13230,51,177958,14,202360,393615
./datasets/web-indochina-2004.in,128,2932503,1000,9927,24,339506,86,360266,709812
./datasets/web-indochina-2004.in,128,2799244,10000,22439,34,329167,531,354738,706912
./datasets/web-indochina-2004.in,64,3144486,10,4226,24,209749,2,205550,419555
./datasets/web-indochina-2004.in,64,3294009,100,4298,19,205694,19,193524,403557
./datasets/web-indochina-2004.in,64,3243878,1000,15027,25,359003,117,303505,677680
./datasets/web-indochina-2004.in,64,3207344,10000,24828,38,342183,979,368705,736736
./datasets/web-indochina-2004.in,16,3589110,10,586,20,275706,1,280098,556413
./datasets/web-indochina-2004.in,16,3632383,100,1648,20,241438,8,245361,488477
./datasets/web-indochina-2004.in,16,3666904,1000,5930,26,195599,83,177428,379069
./datasets/web-indochina-2004.in,16,3617497,10000,54082,27,239336,403,220462,514311
./datasets/web-indochina-2004.in,4,6798428,10,674,20,733680,1,729996,1464373
./datasets/web-indochina-2004.in,4,6798595,100,2523,20,760882,7,762070,1525505
./datasets/web-indochina-2004.in,4,6843669,1000,21926,24,928662,80,342315,1293009
./datasets/web-indochina-2004.in,4,6717258,10000,217430,26,379462,348,523800,1121069
./datasets/web-indochina-2004.in,1,20104258,10,859,17,2885379,0,2812049,5698306
./datasets/web-indochina-2004.in,1,19811026,100,8743,22,2770763,3,2759816,5539349
./datasets/web-indochina-2004.in,1,20745252,1000,85087,23,1139211,32,1201440,2425795
./datasets/web-indochina-2004.in,1,20794631,10000,838558,29,1439648,189,1767174,4045602
