5000
4 3008
6 8462
7 1180
7 10927
11 14562
12 10402
12 15594
17 14647
22 1265
31 11070
42 31635
43 30918
47 10608
47 11091
50 13986
51 27635
52 27343
53 9776
54 11465
55 534
57 25906
59 22607
60 19306
71 28712
74 22897
77 11798
77 20400
78 12393
78 27286
79 13444
79 20625
80 3223
81 1682
81 19347
86 12062
86 13415
90 33201
91 207
92 11609
94 17833
97 20727
97 25580
98 6174
102 30554
107 15926
108 3708
108 10191
109 27343
110 4922
110 10495
111 23672
113 21248
114 9009
115 19678
116 18404
121 14141
122 10889
124 36595
132 3061
133 17115
136 12346
139 6773
139 20377
142 572
142 1390
144 7536
144 16283
147 2536
150 11747
151 6446
154 23667
160 2589
160 13251
160 17904
163 3703
173 12959
175 28509
177 14030
180 1256
180 3715
184 3290
194 21364
196 12728
197 6251
198 4864
199 18928
201 20818
204 730
206 8323
206 14401
214 15294
219 2106
222 11118
225 7851
226 29058
235 18092
235 26627
238 20449
239 25619
241 11734
246 6102
261 30663
262 18324
272 18571
273 3833
276 9975
278 12572
278 12818
278 23419
281 19203
282 20831
283 33207
284 7955
292 15827
292 24319
293 12812
293 23359
297 1465
300 13497
306 342
307 2135
307 14800
308 3764
308 9636
309 12444
313 831
317 1927
318 7985
319 3473
321 6029
321 10879
324 35366
331 12499
344 21248
345 18014
346 16648
348 12179
349 27100
349 27637
350 34932
351 9863
364 3685
368 23338
375 22194
378 28321
379 3083
379 10514
379 13122
381 7169
381 14890
383 8320
386 799
389 8948
389 10020
391 7840
396 989
396 3530
397 2473
397 23011
399 1059
405 10698
406 3105
406 14098
407 23827
408 1495
408 23290
410 16494
419 4720
424 16316
427 15560
427 24614
428 10014
429 4082
431 24873
437 2762
437 19448
437 23586
443 3319
444 1370
446 4949
449 13885
453 10957
456 4605
458 23309
464 10024
466 9827
468 36594
469 22059
471 11042
472 4840
474 1040
476 7417
477 13357
483 5676
483 15981
484 9543
486 26691
492 7460
495 17509
497 17303
497 26322
499 8912
500 28027
500 34855
504 3201
509 18117
511 23768
513 15420
519 10558
521 14632
521 14807
524 21476
525 20971
529 10831
529 16487
529 23499
529 30750
530 23667
531 11598
532 14254
536 8331
539 15464
539 25920
541 3396
541 14387
543 6629
550 6001
557 10741
560 2653
562 6743
564 6880
568 4522
569 2260
569 3777
572 27172
573 24845
578 4226
579 17526
586 15816
587 28427
588 11878
591 25223
592 11207
593 14051
596 34493
599 35295
600 4794
600 9557
600 15951
601 7964
601 27013
603 18288
603 26935
604 30748
608 18541
608 19423
613 18718
615 727
621 3901
621 4414
624 29098
625 17862
627 15215
627 24080
633 9089
633 28666
634 28114
635 28522
636 12563
639 2669
639 30919
643 9475
643 20606
645 1239
645 15183
646 9170
648 12523
651 30598
652 19073
653 1802
655 19708
658 2634
660 7696
661 24870
664 5837
668 12068
672 16316
673 13106
673 28013
676 6063
676 28724
677 14554
677 35645
678 8795
681 1600
685 29726
688 30683
689 17291
690 11813
699 16191
700 7646
700 27975
703 14086
708 1766
715 16789
716 22224
717 15102
724 23667
725 1171
729 26071
730 28581
734 24563
734 28972
745 28914
746 23797
747 28981
749 12386
754 5176
754 9803
754 32983
758 1249
758 4211
763 22607
767 10156
769 854
769 14058
771 18270
772 3668
772 7522
772 10696
775 1872
777 6800
781 15549
783 35391
786 2104
789 25054
792 1517
797 9894
799 6107
799 27758
802 26666
803 14714
805 6407
805 23997
806 29772
811 1925
816 24625
819 1809
821 25130
821 27788
828 24691
829 11197
830 4686
832 17186
834 30918
836 16751
838 4371
843 14370
849 11056
852 21722
855 6233
855 20900
860 4713
860 23303
860 24165
864 1363
865 23913
866 1731
868 3379
874 2503
875 33179
876 23969
879 10681
882 4810
884 20346
886 1059
886 12705
888 1209
888 18468
890 27079
891 20998
899 4149
900 4196
901 12842
901 16837
906 22754
907 23403
909 3297
916 14195
917 8186
917 10912
917 21143
918 7271
922 1940
922 2071
925 6347
928 3582
931 10835
932 5204
933 23315
943 2799
943 11227
944 18754
946 11953
947 4932
947 14890
953 23096
958 28722
959 14483
959 21800
960 7184
961 11100
962 2475
962 17613
972 17849
973 22757
977 8352
977 27057
978 16316
978 21704
982 25486
983 7695
983 24121
985 17540
993 3895
998 22414
1002 16433
1002 26074
1004 31222
1005 9444
1006 11376
1007 7798
1009 14102
1011 26278
1013 1685
1013 7737
1018 8704
1023 11447
1028 11339
1029 17311
1030 2628
1033 27754
1034 7853
1038 9494
1039 7638
1042 7784
1042 8183
1043 12134
1043 12795
1045 10383
1046 8215
1046 11239
1046 24427
1048 20806
1051 5455
1064 30575
1066 14745
1069 12606
1071 23384
1073 34511
1077 23589
1082 22333
1083 6878
1083 18166
1088 5427
1091 27063
1093 1362
1093 18294
1099 30737
1101 17982
1102 4655
1109 18479
1114 6554
1115 20948
1122 4890
1123 3951
1124 21737
1126 26043
1127 8941
1127 24785
1128 29107
1129 2994
1130 18117
1131 17233
1139 28074
1140 17542
1141 11104
1141 26438
1144 10698
1145 23147
1146 16539
1146 27013
1149 15262
1149 30702
1152 19972
1153 6329
1153 28031
1159 14854
1160 36263
1162 20557
1164 11680
1165 23593
1165 30648
1166 9771
1174 2640
1176 23712
1178 14292
1178 14985
1185 9531
1186 25597
1186 27463
1188 6746
1190 23986
1190 26459
1191 18468
1195 23136
1199 18745
1201 27816
1203 1456
1204 15745
1212 14323
1215 3096
1215 34932
1225 25600
1226 14681
1226 20268
1230 3441
1233 20345
1234 15086
1238 5985
1239 12212
1241 7876
1243 10991
1246 33200
1247 21397
1248 23676
1250 13436
1250 30107
1251 16539
1252 3109
1256 29024
1258 20821
1265 17526
1267 25827
1268 27978
1271 10527
1272 26217
1272 34831
1291 13991
1298 3303
1304 12814
1311 15560
1313 10483
1314 19902
1316 2563
1317 7999
1319 9893
1323 14843
1323 17162
1324 15222
1324 26397
1325 9351
1327 24833
1332 24567
1335 7451
1339 24926
1342 30536
1343 15998
1344 5002
1344 10272
1346 8051
1349 10146
1353 20957
1358 1776
1359 3793
1360 9897
1363 1521
1364 23706
1369 11315
1371 24714
1378 7319
1381 3917
1382 5481
1390 22751
1393 22093
1397 3244
1397 16923
1397 35680
1399 1799
1399 17406
1399 24764
1403 6610
1403 15303
1404 11869
1404 14213
1405 13648
1410 4059
1410 10491
1413 18311
1421 22436
1424 4161
1431 6358
1431 10597
1432 10275
1435 7751
1436 23045
1437 30741
1442 19750
1442 34179
1443 29468
1446 7489
1449 4953
1449 14595
1453 12883
1453 15687
1454 25087
1461 9780
1461 15943
1465 18014
1466 6655
1467 28757
1470 2438
1471 20217
1473 6720
1475 4072
1475 15526
1476 18718
1478 3898
1480 7526
1485 23393
1488 3339
1492 14845
1495 12110
1497 17927
1500 23715
1506 17436
1506 19230
1509 12975
1509 26964
1512 9906
1512 12498
1512 16250
1520 7705
1520 9995
1522 12724
1527 26075
1535 27525
1539 12685
1539 23652
1543 4553
1545 6833
1547 3443
1547 28087
1552 15738
1553 14796
1553 36192
1554 11277
1566 18647
1570 19849
1571 29417
1574 8846
1579 3119
1580 29537
1582 14887
1591 10777
1592 11465
1595 26163
1599 10741
1600 25490
1602 26689
1607 4787
1607 5107
1610 12704
1616 11148
1620 13798
1620 16722
1620 18914
1621 24082
1623 7120
1625 23176
1626 10493
1626 21975
1627 18170
1632 9493
1634 4576
1640 10801
1642 17274
1649 13918
1650 10610
1651 18134
1652 22325
1657 3020
1659 9827
1659 27967
1660 19581
1660 34895
1661 14467
1661 16000
1666 22460
1669 17603
1674 17728
1675 13666
1684 16632
1686 9001
1687 1825
1688 3561
1691 2419
1693 5236
1694 19781
1708 23599
1709 1812
1709 29704
1712 30870
1717 35793
1718 5416
1724 14149
1726 12644
1738 4834
1738 10343
1738 13099
1738 20239
1739 16904
1741 24775
1741 28928
1742 14328
1744 7217
1747 23777
1754 4550
1760 3204
1761 11284
1763 16027
1766 24243
1769 9477
1772 4529
1772 34510
1779 6636
1779 23637
1783 12456
1783 13605
1786 3059
1787 6428
1789 8464
1791 3445
1792 20265
1792 26372
1795 5427
1796 2756
1796 20395
1800 12775
1801 8512
1803 6308
1805 12709
1806 11648
1810 9101
1810 9584
1814 14928
1818 2728
1819 23600
1820 24332
1822 14700
1822 25172
1823 20354
1828 13123
1829 10486
1829 34820
1831 20637
1833 7653
1834 18271
1839 5117
1842 13161
1843 7415
1844 9539
1845 23919
1847 33181
1851 11064
1854 28003
1855 19581
1860 19931
1861 14830
1866 25664
1870 14125
1871 21760
1878 8968
1879 8562
1881 14511
1884 26658
1885 22231
1888 13461
1888 28814
1890 16727
1899 30583
1899 31489
1903 5900
1904 9269
1907 5363
1907 26681
1907 35469
1908 13130
1910 14710
1910 21597
1912 25098
1913 2571
1920 21255
1921 12755
1922 10400
1923 6720
1924 22675
1925 10662
1925 14875
1926 4085
1929 11444
1930 16693
1931 8491
1939 2296
1939 3040
1939 8065
1939 18107
1940 10769
1940 33458
1948 6574
1949 6070
1955 3008
1961 2687
1961 11032
1967 12177
1970 7958
1971 17745
1972 11947
1976 26015
1979 19685
1980 29702
1981 15142
1982 3900
1996 16012
1998 17982
1998 22054
2005 4999
2007 8140
2009 35362
2015 22816
2021 22325
2023 3529
2028 7106
2029 29144
2031 5062
2031 22596
2037 15499
2042 23579
2050 23434
2056 20711
2057 16322
2061 5466
2061 22095
2065 7465
2068 28446
2069 15292
2070 23194
2071 29884
2073 15981
2075 5288
2076 7304
2076 7945
2076 11371
2077 10607
2093 27778
2095 21391
2097 18723
2099 3084
2108 3767
2112 6657
2112 31489
2115 5062
2116 10442
2116 17653
2117 11063
2126 4098
2137 14683
2139 19538
2143 2576
2145 16534
2146 14130
2146 24117
2149 17385
2153 27052
2162 16387
2166 6524
2176 22373
2177 16956
2189 28520
2193 15995
2194 18487
2200 16391
2200 18522
2201 27783
2217 3834
2217 7855
2217 16252
2218 16108
2223 19790
2230 14890
2244 8766
2249 15915
2252 11706
2254 19555
2258 5315
2263 4395
2264 17202
2265 16923
2266 15537
2273 14153
2276 11462
2276 12837
2276 23096
2279 14865
2288 6294
2288 18312
2289 7314
2295 6642
2296 27343
2299 19722
2301 7659
2304 16739
2309 4626
2310 23600
2323 13465
2325 9353
2325 17484
2333 23718
2333 23992
2334 3432
2334 30621
2338 17359
2342 8840
2358 12582
2360 34491
2361 3646
2363 10033
2370 14221
2373 14370
2374 2563
2376 35887
2377 15019
2382 5933
2389 9101
2389 12101
2402 35535
2406 22409
2407 17611
2413 7875
2414 24837
2416 12323
2419 10743
2427 2766
2430 9257
2432 21134
2434 30755
2436 12460
2450 8323
2454 28898
2455 7876
2455 23015
2455 23018
2460 23287
2460 28074
2461 7800
2461 16750
2462 7992
2466 3492
2472 3967
2472 6091
2473 10215
2475 20158
2480 10415
2483 6885
2485 26121
2487 22072
2488 6678
2501 18955
2503 5686
2506 20032
2513 10795
2516 7609
2526 24284
2528 4742
2529 16525
2532 12083
2534 21107
2536 12255
2537 6064
2543 35753
2556 19705
2560 30741
2562 29319
2564 13899
2564 14223
2567 6912
2569 30774
2571 17831
2575 26216
2577 9276
2579 19367
2590 28142
2591 6862
2594 2660
2594 4292
2594 13233
2595 9529
2595 33509
2596 5136
2596 9035
2602 9364
2602 21516
2603 29885
2605 12288
2610 3528
2610 14929
2612 30652
2616 6679
2617 11324
2617 27030
2619 12372
2619 20958
2621 14280
2623 6479
2625 15964
2629 19756
2633 24851
2634 33972
2635 14891
2637 4888
2640 9476
2640 12081
2641 15070
2644 3005
2645 9390
2650 26235
2651 18193
2652 2929
2652 7746
2658 13723
2663 7964
2664 27449
2665 12220
2665 16017
2667 23308
2669 15369
2678 9414
2679 7279
2687 7809
2687 19026
2688 27968
2689 8744
2689 27061
2690 11121
2696 4444
2697 34855
2700 5657
2705 29531
2708 24392
2713 3966
2716 34130
2717 18107
2718 8053
2719 18617
2726 3456
2727 11118
2729 12691
2732 13980
2733 4884
2733 18720
2736 3382
2736 17085
2736 20209
2736 25827
2737 15714
2740 8734
2741 30488
2751 11986
2757 16729
2760 4810
2761 3062
2761 12701
2764 24080
2765 6015
2765 30436
2766 13151
2772 25130
2773 27079
2778 19535
2779 16650
2779 22495
2780 3672
2784 5460
2788 5690
2790 13010
2791 22405
2793 35660
2799 18231
2800 9117
2811 15734
2815 7505
2818 11076
2818 16004
2829 3843
2829 23250
2839 7935
2839 16861
2839 34631
2848 4065
2855 9862
2859 9453
2862 7609
2862 17259
2866 8280
2874 23868
2876 3036
2883 14041
2887 12429
2890 26680
2911 29709
2912 16632
2914 10799
2914 11624
2916 4970
2918 15269
2921 20443
2922 16114
2924 6466
2928 10257
2930 8695
2931 18194
2934 19747
2937 34828
2938 17019
2938 18640
2940 8108
2941 13650
2943 10550
2944 15777
2946 18274
2949 3075
2953 36604
2955 4629
2958 15463
2959 9598
2965 23960
2966 16014
2966 30233
2966 35750
2969 24994
2969 27981
2973 7567
2973 20812
2975 5375
2977 17049
2978 11807
2979 4349
2983 20870
2986 18432
2987 8271
2989 14098
2992 3573
2993 25677
2994 22819
3004 6213
3004 22519
3005 5408
3006 7862
3006 9427
3006 13161
3008 22168
3009 23464
3011 6752
3011 7066
3013 16129
3013 16947
3013 17038
3014 14927
3017 3913
3022 6218
3026 19357
3029 3540
3031 6050
3031 9625
3034 9474
3044 11654
3045 3322
3046 17415
3052 3910
3053 16904
3053 26043
3058 10067
3062 18518
3065 20633
3066 11941
3066 21979
3067 26042
3068 6151
3069 3456
3077 16759
3078 11137
3080 24697
3081 24870
3081 28023
3083 29100
3084 6928
3084 30859
3084 34544
3086 35751
3087 15210
3089 7808
3090 15920
3095 21389
3098 10026
3100 3356
3102 14877
3106 3756
3111 24531
3112 17642
3112 27742
3114 8370
3118 5292
3119 7436
3119 12230
3130 12110
3134 7121
3137 3346
3143 6802
3145 17614
3148 12283
3149 12473
3158 28875
3159 5638
3160 7231
3171 26662
3174 33017
3175 18136
3176 15958
3177 27520
3182 20221
3186 17359
3188 10787
3188 15683
3194 15164
3196 3626
3198 14387
3200 8038
3203 23329
3203 32916
3204 17819
3204 19143
3205 8453
3206 5178
3208 27011
3210 24514
3212 11865
3214 12256
3214 36687
3219 11634
3220 25047
3221 4020
3223 6202
3236 12245
3236 17339
3236 32819
3237 4125
3237 21694
3239 5926
3242 14629
3243 25323
3245 6212
3246 24718
3248 22369
3249 13806
3250 19122
3257 17400
3259 9465
3262 7446
3262 17207
3266 13408
3269 19335
3270 8950
3273 19180
3273 21660
3276 14701
3279 5556
3288 12919
3290 11670
3294 3572
3296 19678
3298 6277
3298 14977
3300 21320
3303 34457
3305 17144
3307 8011
3307 12913
3307 18742
3311 18099
3312 16863
3313 5305
3314 3803
3316 3487
3320 10009
3320 10673
3321 12521
3321 20530
3322 13470
3323 9532
3324 10769
3327 30649
3331 6977
3340 16047
3342 23308
3343 35804
3347 9935
3351 8549
3351 26900
3356 10825
3356 18127
3357 16627
3359 7242
3360 18668
3363 21073
3364 6786
3365 22247
3376 19200
3376 20844
3379 3908
3380 35093
3382 22216
3385 9836
3385 22188
3385 27491
3390 24824
3396 27641
3397 14148
3397 16763
3397 18683
3400 11064
3405 16212
3405 29535
3408 8358
3411 4520
3411 23052
3412 5377
3419 18836
3420 21224
3422 16554
3423 22170
3426 7558
3427 14180
3429 18194
3432 20329
3435 17751
3436 12208
3438 28572
3443 11548
3444 6192
3445 27728
3447 17880
3447 27610
3448 24979
3449 4262
3449 24685
3454 11129
3460 3907
3460 25320
3468 13157
3478 29532
3479 18840
3482 21408
3486 10111
3486 10253
3491 18087
3492 25672
3495 3684
3496 9427
3508 7329
3512 4240
3514 10871
3515 18384
3516 7316
3516 14004
3520 27281
3526 15612
3527 26930
3531 4455
3531 16867
3532 3829
3532 17702
3534 15748
3542 11437
3542 14563
3547 9000
3547 9225
3547 19264
3548 27213
3550 5164
3550 13646
3551 7402
3567 25878
3568 15926
3569 9359
3569 18429
3569 26322
3578 3602
3594 22190
3597 17927
3604 15229
3606 17157
3607 12583
3619 22815
3620 9907
3622 5442
3622 18154
3624 12991
3626 6236
3635 16877
3637 4658
3642 22584
3650 20439
3652 17875
3654 12391
3667 23607
3668 4940
3671 19803
3672 24352
3673 15418
3674 5965
3677 30488
3678 27384
3685 24698
3685 27148
3685 29493
3686 13242
3688 30694
3689 3801
3689 28088
3690 10935
3690 30121
3694 14435
3696 8990
3697 28427
3699 5428
3702 15557
3703 13678
3706 30750
3712 13634
3713 4455
3714 23621
3720 12201
3722 14460
3725 10289
3727 4070
3727 10935
3727 28026
3729 15347
3732 7435
3734 26958
3735 5729
3736 10085
3738 19214
3739 18251
3739 19716
3741 5999
3742 27361
3747 9646
3748 7328
3750 15465
3753 24015
3753 25308
3757 10293
3758 13144
3761 5723
3769 9914
3770 8013
3774 13334
3777 12396
3782 4459
3783 13153
3786 18253
3789 33147
3795 21146
3796 28570
3799 6695
3807 23359
3808 4363
3812 6616
3818 24177
3819 4821
3819 18506
3821 18078
3825 9941
3825 34828
3828 7409
3829 21315
3837 31516
3839 8036
3842 7010
3842 9818
3843 13072
3844 17123
3847 26614
3849 8153
3859 11967
3861 9903
3864 17236
3870 19919
3871 16094
3873 12515
3873 15525
3873 16771
3876 13678
3882 5523
3885 26694
3886 14927
3901 6542
3901 7256
3902 29067
3907 14023
3908 27059
3909 9488
3909 27055
3917 9905
3923 24084
3928 18698
3931 5633
3931 13510
3934 20435
3935 5811
3942 26060
3944 18436
3946 18238
3947 7565
3951 25212
3952 3989
3959 33138
3961 8220
3965 6516
3966 20127
3966 29804
3967 33794
3970 7142
3977 10926
3979 6421
3985 10225
3986 7343
4000 8081
4003 24754
4011 7794
4011 15630
4013 30235
4017 16669
4018 23731
4029 4362
4031 8548
4031 12085
4032 9969
4033 7184
4034 23228
4034 25644
4040 8883
4048 10022
4055 23857
4058 27163
4059 11774
4062 13264
4067 18341
4068 23620
4071 24103
4072 7032
4073 7828
4073 24717
4074 12406
4095 5210
4103 30445
4104 27321
4117 14337
4120 19464
4121 16139
4123 14145
4127 30123
4128 22600
4131 12264
4133 8028
4137 24187
4153 21860
4153 23449
4158 18005
4159 15288
4161 16250
4167 7998
4168 12510
4170 24543
4172 20225
4173 5057
4174 16164
4177 8904
4181 24696
4190 23331
4193 27983
4194 8142
4194 13101
4196 15384
4199 6785
4199 7448
4200 13134
4201 20798
4206 8878
4207 14614
4209 8142
4212 23023
4219 23213
4220 5163
4220 14136
4220 22444
4225 6766
4226 26278
4227 12563
4227 22387
4227 35309
4231 5640
4232 8962
4232 11353
4233 35567
4237 17549
4239 12582
4239 13357
4240 12557
4248 22587
4249 22115
4257 10331
4258 6049
4273 20299
4273 30678
4275 13419
4275 30448
4278 23318
4282 7366
4286 14189
4287 5361
4287 7282
4290 10371
4303 14145
4307 7307
4310 16297
4311 8542
4311 10686
4316 8744
4316 21446
4318 28085
4330 18950
4330 20538
4342 26824
4344 11638
4354 10725
4362 7567
4363 6590
4365 14806
4366 4647
4366 10961
4366 19216
4367 13367
4367 28659
4377 13962
4378 18466
4383 14393
4383 18711
4384 35884
4385 10451
4388 17101
4390 8644
4390 24213
4393 15187
4393 17118
4393 19212
4394 4911
4399 24542
4402 24200
4403 5643
4406 18760
4408 26517
4409 29228
4410 4575
4410 7394
4410 12007
4410 13953
4411 34179
4414 16894
4415 5022
4418 12579
4421 5183
4425 7532
4425 26246
4434 5204
4436 21470
4443 29362
4444 18551
4453 17145
4456 13682
4456 27289
4465 18311
4473 20289
4474 22517
4477 8351
4481 16527
4482 20025
4485 23460
4490 28630
4493 5661
4497 11716
4501 11207
4504 11573
4518 14403
4518 21865
4522 19185
4525 4902
4526 6444
4527 16127
4534 5391
4535 6807
4540 23023
4541 28390
4542 14421
4544 33960
4545 4939
4546 18619
4549 11153
4549 24579
4557 4705
4557 23617
4563 7463
4565 19087
4566 10694
4567 12371
4568 23345
4571 7271
4572 8306
4574 6509
4576 12514
4579 24177
4581 7076
4584 24088
4586 5827
4586 8512
4586 12629
4587 8760
4589 13006
4590 19825
4594 35649
4599 21097
4599 22608
4600 13227
4603 19728
4603 24154
4606 20478
4608 8703
4613 19437
4615 12433
4617 23799
4619 10907
4621 21659
4621 23326
4623 9863
4624 14598
4625 11193
4629 25660
4642 21676
4643 15955
4643 17278
4644 21679
4653 7611
4657 10722
4657 33140
4658 25500
4663 8617
4672 20380
4696 9589
4698 18754
4700 7758
4701 24787
4709 18055
4710 23090
4711 8724
4713 12596
4714 16204
4718 25204
4721 22905
4723 19284
4724 25844
4734 8648
4735 16443
4745 6328
4745 15915
4746 26652
4752 23642
4753 20961
4757 6865
4761 15400
4764 18444
4767 5169
4770 27106
4772 23975
4775 25883
4779 20426
4783 15308
4783 22775
4791 18593
4793 26873
4810 16275
4811 24027
4814 30619
4820 24570
4821 10777
4825 5840
4826 23036
4830 11204
4839 17322
4839 18561
4843 7832
4843 18622
4849 12263
4857 7452
4858 15412
4862 28660
4866 24395
4875 12578
4879 12103
4879 32821
4882 8407
4890 6394
4890 23626
4891 14732
4892 13798
4894 5029
4896 21580
4897 20979
4899 32847
4900 21923
4903 29826
4906 17423
4914 6835
4916 26805
4922 6286
4924 34627
4926 9823
4926 24716
4935 24347
4943 30872
4946 24622
4947 9555
4947 16288
4951 10981
4955 13283
4956 26936
4968 22096
4970 25140
4971 12000
4974 19049
4976 11793
4978 11133
4980 24031
4984 27363
4985 9114
4988 14895
4988 27977
4989 13204
4992 16761
4992 30727
4996 9889
4997 24844
4997 30116
4999 17240
5000 7946
5001 11291
5002 6802
5011 6469
5016 13654
5017 22213
5021 9259
5026 27219
5027 34913
5034 19598
5034 26355
5035 20882
5036 6412
5038 7387
5038 12329
5038 16222
5040 16877
5047 14902
5059 11090
5062 19097
5064 23699
5071 32746
5083 24179
5092 24725
5100 7071
5100 10696
5100 15142
5100 15549
5100 22765
5105 13058
5110 11777
5112 17904
5117 35551
5118 14741
5121 8380
5122 26278
5128 19780
5128 22594
5128 25486
5133 33782
5136 19643
5137 19373
5140 9001
5140 22120
5142 9387
5142 19947
5142 23164
5145 15818
5145 23106
5148 35677
5149 26728
5152 16117
5154 29806
5157 12113
5157 30191
5163 22120
5168 16650
5177 16968
5178 19122
5179 7267
5183 15106
5196 5210
5196 5744
5198 5249
5198 7133
5198 8607
5202 11650
5213 27815
5219 11941
5219 23379
5220 29791
5224 17423
5231 6979
5238 20909
5238 34014
5240 21855
5242 10333
5245 15331
5245 16005
5247 6236
5248 16648
5254 20763
5255 22269
5257 8832
5259 16147
5265 30536
5266 33657
5267 12685
5270 23924
5272 12787
5273 8988
5275 18725
5276 6759
5276 17935
5277 10366
5280 7660
5280 12394
5282 15243
5291 5436
5301 18580
5305 27965
5309 11656
5314 11526
5316 14834
5316 24634
5321 26431
5322 10097
5326 6998
5333 17426
5336 7645
5337 21771
5340 8511
5341 22121
5344 15440
5348 23675
5351 11376
5354 24598
5355 8235
5356 25336
5357 30505
5360 7580
5367 26034
5377 9529
5387 26672
5391 10694
5396 16805
5398 18300
5401 12335
5403 29153
5405 26015
5406 28913
5410 22318
5411 11815
5415 14745
5416 26942
5418 12438
5420 16947
5420 23884
5421 10202
5425 15477
5425 34980
5431 36133
5437 6435
5441 11261
5442 18933
5446 23869
5451 13221
5453 7216
5453 15477
5455 13402
5456 12609
5457 15675
5463 6582
5464 6003
5468 33117
5471 22159
5477 7636
5489 19208
5490 5914
5492 21104
5501 11905
5503 8796
5505 6338
5518 25568
5519 17927
5520 28934
5528 20193
5529 18930
5531 23031
5537 20894
5541 19567
5552 10232
5552 11023
5553 9130
5555 7210
5556 10336
5558 30480
5561 6917
5561 15346
5563 23230
5565 15905
5573 17371
5575 12294
5587 26027
5588 18293
5588 19670
5596 17929
5608 13955
5617 16298
5622 10648
5631 18114
5631 19135
5636 12849
5646 19476
5649 5793
5654 7460
5656 12288
5656 17671
5657 6363
5658 15294
5661 17484
5665 23485
5666 18642
5667 15280
5669 23097
5672 8490
5673 10800
5673 13161
5674 19191
5679 27063
5683 6577
5683 20927
5691 23148
5692 23546
5694 24694
5698 10409
5708 24194
5710 14453
5713 8235
5713 10816
5718 28606
5723 7932
5727 27484
5727 27812
5727 34456
5728 11402
5729 13162
5730 19230
5734 7688
5740 6227
5746 27062
5747 9312
5748 23091
5751 36193
5757 6889
5766 14170
5768 16310
5776 14868
5776 28076
5777 7846
5779 7869
5780 24916
5780 27061
5782 6581
5783 9504
5783 27221
5785 9276
5786 18538
5788 18750
5788 21880
5793 25600
5793 25884
5797 22610
5804 25510
5807 35804
5808 8073
5816 27263
5826 24666
5828 26944
5830 17417
5831 35425
5834 9258
5837 10736
5841 15037
5846 8228
5849 6805
5851 25625
5853 10067
5856 28593
5858 30179
5861 9511
5861 17695
5874 21081
5878 10674
5878 15404
5878 20478
5878 24616
5880 28663
5881 14825
5883 27289
5887 9187
5889 17194
5893 12257
5893 13907
5895 23183
5896 25923
5898 11333
5898 15779
5904 5917
5904 22046
5910 11068
5916 11289
5916 31516
5920 13195
5922 22777
5925 9914
5928 34613
5929 17100
5930 7461
5932 18721
5937 13227
5939 23974
5943 9207
5945 20660
5946 12843
5949 17899
5950 23401
5951 11465
5952 14965
5956 19454
5957 14801
5965 13547
5979 22217
5981 21722
5982 6866
5994 16091
5995 14022
6001 10041
6004 9496
6005 9143
6008 7358
6013 23438
6016 14465
6016 23171
6016 28169
6027 18455
6027 29239
6028 8878
6031 15334
6035 12178
6043 29017
6050 7603
6052 10720
6054 17209
6055 20629
6056 12437
6066 10938
6066 12433
6071 32166
6076 28039
6080 24581
6082 7674
6083 11960
6085 12547
6086 20822
6098 27976
6101 17172
6102 9646
6102 14050
6105 20317
6105 27983
6106 24049
6117 14066
6126 27754
6129 11399
6132 33210
6134 18253
6135 17436
6142 10021
6145 14519
6149 23684
6152 21492
6166 12919
6169 9209
6169 22480
6177 8883
6178 7398
6180 13245
6181 15263
6183 14628
6191 20188
6198 11247
6198 17437
6198 19672
6198 27325
6203 15287
6205 19492
6205 23690
6210 7148
6213 9928
6218 12500
6218 28445
6225 25994
6226 20442
6227 13663
6230 20876
6232 10734
6232 17429
6232 18994
6233 7408
6233 23427
6238 7654
6254 17750
6258 14466
6272 7337
6272 14123
6286 7302
6290 23977
6293 16691
6295 30583
6310 23343
6312 15748
6316 21516
6316 27774
6318 12212
6318 12441
6318 18559
6326 25140
6342 10868
6349 6915
6355 17012
6357 25144
6360 14061
6361 13681
6365 12758
6366 11075
6366 20842
6368 9184
6368 28915
6374 19590
6374 20932
6395 13165
6401 10622
6405 18048
6405 22202
6405 29901
6409 25605
6413 7791
6414 7901
6414 19877
6421 34177
6425 30818
6427 20199
6430 28588
6431 9871
6431 24792
6435 35644
6438 20157
6448 6882
6452 9133
6455 7583
6459 7132
6462 27430
6475 18678
6484 11392
6487 18978
6494 34962
6496 28967
6502 7405
6508 11056
6511 16407
6511 20350
6512 12304
6516 7617
6520 34916
6523 24999
6526 16409
6531 32819
6534 23907
6535 10371
6543 9253
6548 9830
6548 14379
6550 19734
6554 19363
6559 26374
6560 26667
6561 34383
6562 20237
6562 28503
6565 21344
6570 18264
6571 14110
6574 10085
6577 15558
6581 12445
6581 12738
6585 22520
6593 13691
6598 7832
6611 13450
6622 11271
6622 20813
6627 30605
6628 22407
6633 19351
6633 30771
6638 8706
6647 16630
6649 27622
6654 24294
6661 16848
6668 20932
6673 26962
6675 7695
6675 29067
6675 30335
6683 20820
6684 11520
6684 15068
6684 23468
6685 22431
6703 27289
6707 9240
6709 24895
6724 8167
6729 9496
6736 30091
6741 10328
6741 29205
6744 11797
6747 23842
6752 18512
6755 34895
6773 22037
6778 10343
6784 10962
6791 25826
6800 9601
6801 24581
6806 12683
6808 24984
6808 29214
6812 9433
6816 12522
6823 17933
6824 8038
6830 23184
6835 10560
6836 12329
6839 25686
6850 23667
6855 11048
6856 21412
6859 16482
6863 27133
6866 8399
6868 11465
6869 19750
6873 16770
6877 21461
6877 22017
6878 9252
6879 22224
6880 18242
6886 12136
6888 14148
6891 29034
6900 13121
6901 18622
6902 29105
6907 19119
6912 26542
6921 30195
6922 9303
6922 19166
6924 13108
6927 16411
6936 16387
6938 9126
6940 9217
6949 24839
6954 29357
6955 20806
6957 31931
6958 9881
6966 25619
6967 35436
6971 16636
6974 17205
6975 26211
6980 11534
6980 15222
6981 26667
6982 23379
6984 30199
6987 17849
6990 12170
6992 33984
6993 20913
6996 18623
6996 29760
7005 21978
7005 27481
7005 28078
7007 9021
7007 23698
7013 22186
7014 17691
7014 17962
7015 7124
7019 21971
7026 15175
7061 16303
7071 8993
7071 10039
7073 10944
7075 8337
7075 12005
7079 9282
7079 10230
7080 16700
7082 17658
7086 20252
7088 20939
7098 20863
7104 8131
7114 11707
7114 13714
7121 16163
7123 8682
7124 16627
7124 26422
7133 8166
7133 15597
7134 12405
7143 7836
7145 28579
7146 8650
7147 17391
7148 17611
7157 7718
7157 12184
7159 23558
7170 14894
7171 8503
7172 18122
7176 32846
7177 16433
7180 16678
7180 29350
7187 10710
7191 19347
7196 20250
7196 23702
7199 35880
7204 20979
7204 23368
7206 26456
7213 8031
7214 8385
7218 13611
7219 14878
7222 26209
7223 17144
7225 26868
7227 14500
7227 16930
7230 7341
7230 19347
7231 8591
7232 17942
7236 16129
7236 16294
7237 9619
7242 18099
7249 26022
7250 18153
7251 26859
7254 7602
7254 23249
7255 28689
7256 11284
7269 21531
7269 33182
7280 24217
7285 11865
7285 21475
7293 26849
7300 7960
7312 8883
7315 34632
7317 14030
7319 7364
7319 16225
7327 18744
7329 9010
7331 27741
7336 7602
7343 26965
7346 24071
7357 13833
7358 12089
7359 10671
7362 27621
7367 23830
7384 19825
7384 20333
7386 22287
7387 13180
7389 15475
7390 10304
7411 18713
7413 18743
7415 13923
7420 24223
7431 10647
7432 15081
7433 10891
7439 22027
7445 12604
7445 13622
7447 9447
7449 26501
7450 21831
7450 29103
7452 17434
7462 8183
7466 12036
7468 27755
7479 15524
7480 16011
7481 10953
7482 19670
7493 24697
7498 35647
7502 25208
7505 12766
7507 15268
7507 26729
7508 20833
7509 20287
7513 25626
7515 8662
7515 10281
7524 28874
7527 22258
7529 13207
7530 11605
7530 22572
7533 13966
7535 24787
7540 26070
7541 24845
7542 24790
7543 22084
7546 15287
7554 20227
7555 24542
7557 29072
7559 16752
7562 13583
7563 19951
7564 28785
7569 24938
7578 9118
7579 34494
7583 13605
7584 26732
7587 17180
7592 8342
7594 19816
7598 7734
7600 9811
7603 25841
7605 28495
7608 21136
7608 22359
7611 14364
7611 15146
7611 19183
7612 17680
7614 15489
7617 8657
7618 18659
7624 9107
7624 10723
7624 19528
7627 17865
7629 16147
7633 24926
7645 23285
7649 28926
7664 14407
7669 7749
7669 20950
7674 19437
7674 29304
7678 27085
7690 18789
7691 22762
7693 18090
7694 10880
7694 24549
7696 15213
7697 23107
7710 16709
7711 14244
7711 20400
7718 13073
7720 17263
7728 17365
7732 9001
7733 18404
7734 26501
7734 33199
7736 10459
7737 19004
7737 24301
7741 19787
7744 17201
7746 24125
7749 32988
7751 27931
7763 17715
7764 9803
7765 29887
7769 27450
7772 9996
7774 17404
7774 23483
7775 19165
7777 10215
7782 15489
7783 35470
7790 17671
7791 21342
7792 13215
7797 30748
7798 28947
7809 18743
7815 21465
7818 24147
7820 10617
7823 28685
7833 25008
7836 19542
7836 29361
7840 18892
7841 25140
7842 15817
7848 23973
7850 25583
7853 34461
7855 16318
7855 30200
7863 23663
7866 21942
7869 11649
7869 24792
7874 21394
7882 18147
7888 8792
7899 17952
7912 28989
7912 30481
7940 20756
7942 13158
7942 26280
7946 9827
7946 14508
7950 12741
7956 34465
7957 9098
7960 26047
7961 32642
7963 18991
7977 9328
7978 13403
7982 23383
7983 13478
7992 8340
7996 16531
7999 16615
8007 9599
8008 14582
8009 28505
8017 13865
8017 29895
8027 20231
8029 11345
8031 8525
8033 19028
8033 24060
8036 28623
8039 14346
8039 18648
8044 19269
8049 15143
8051 10417
8051 10735
8057 14172
8059 9257
8059 23758
8061 20431
8061 20969
8062 9902
8062 14588
8065 27400
8066 19791
8072 8411
8074 15232
8085 17607
8086 17012
8093 10264
8093 12465
8094 14548
8095 14045
8097 14887
8098 10339
8107 24776
8108 30557
8110 26739
8112 13736
8112 35566
8119 10252
8122 14170
8124 15096
8124 24074
8136 32158
8144 8952
8145 17619
8149 16724
8153 26673
8166 20826
8172 34464
8179 9477
8182 10598
8183 9030
8187 10611
8189 13613
8191 16947
8191 30742
8191 35637
8193 13999
8194 8903
8202 17304
8207 29786
8213 14710
8213 22481
8213 23637
8214 29817
8216 29767
8219 31731
8220 33089
8221 14553
8221 18224
8238 16424
8246 29767
8255 15997
8260 17369
8265 22081
8267 23024
8272 18761
8272 23817
8282 8641
8286 20288
8291 10416
8291 13330
8304 17929
8306 16271
8307 9024
8307 11388
8317 19192
8318 20337
8318 24722
8323 34558
8328 11282
8330 11109
8331 29786
8335 13170
8339 23302
8343 17739
8344 16010
8347 17529
8357 17566
8357 20823
8358 29361
8362 21760
8362 23891
8365 15685
8386 11644
8389 26823
8394 17065
8395 12484
8401 19515
8401 27013
8405 19122
8405 29825
8423 15475
8429 13205
8429 15196
8452 14550
8462 19141
8464 15529
8468 17749
8477 18357
8477 30728
8479 14667
8485 17748
8485 24599
8489 13638
8493 16732
8498 14672
8525 13273
8527 9557
8527 28705
8528 19667
8531 15160
8542 23015
8547 17041
8550 27590
8551 9134
8558 27213
8566 22765
8566 22896
8571 14055
8573 13984
8573 26527
8574 34455
8597 16979
8598 23442
8601 12779
8617 25628
8622 16142
8649 11400
8649 16550
8649 26664
8655 10379
8657 25117
8658 15045
8660 21828
8661 34618
8662 29154
8665 9219
8674 22582
8674 25241
8677 20522
8677 27241
8678 18213
8679 14274
8682 13202
8691 17301
8695 14500
8697 9317
8703 24842
8708 21781
8710 12823
8713 17261
8715 16956
8723 26383
8726 29110
8730 23143
8731 15907
8732 22612
8733 18735
8737 23338
8738 26944
8747 21398
8750 8792
8751 16390
8760 35309
8763 18975
8764 16779
8767 15960
8767 21109
8774 14046
8780 23075
8792 16467
8800 20385
8820 22341
8820 22749
8840 10598
8851 12064
8851 16004
8852 18858
8872 10017
8877 29531
8878 21249
8909 22432
8909 29287
8912 14387
8917 18567
8922 11038
8923 16482
8928 15308
8928 26915
8941 12363
8941 29716
8942 9109
8948 12274
8954 13078
8956 20039
8969 9497
8972 16273
8990 19947
8993 33861
9001 25589
9002 28932
9003 16104
9004 24838
9007 15249
9013 16472
9021 28617
9025 20475
9025 29772
9028 26531
9031 17236
9039 35284
9040 26449
9048 21438
9053 15582
9053 24850
9058 22351
9067 15292
9079 26953
9082 16481
9092 14546
9093 27775
9098 18080
9100 14476
9101 11720
9104 27436
9107 14393
9107 18754
9111 19591
9111 26577
9111 27134
9118 19304
9123 16122
9134 12870
9136 10642
9138 29890
9141 9367
9159 22899
9164 35388
9165 18637
9170 15166
9172 26725
9173 30563
9177 12844
9184 11327
9189 23388
9189 29391
9198 18825
9215 13806
9215 14882
9215 20832
9219 10846
9225 10070
9226 17575
9231 11039
9232 26465
9233 24826
9239 23214
9243 18353
9243 25493
9252 10074
9254 9469
9254 21288
9268 23483
9269 11130
9282 14108
9286 12631
9293 11030
9308 15950
9312 14403
9317 23283
9318 26454
9336 9768
9337 16258
9342 10676
9342 23195
9343 26512
9345 17390
9350 16806
9369 25828
9372 27459
9384 22431
9398 20358
9407 20967
9408 26687
9412 16011
9418 29144
9438 28095
9447 19455
9450 21390
9455 15077
9456 10678
9458 24714
9464 24302
9468 13242
9469 11667
9477 10361
9478 19195
9479 12140
9479 22050
9480 18550
9482 10658
9483 27968
9488 23788
9488 27799
9489 20482
9490 12630
9492 16213
9493 12676
9497 15334
9502 13214
9503 24763
9505 23812
9508 12509
9512 26812
9512 35382
9514 31736
9533 22537
9537 23447
9543 16471
9543 22056
9543 22106
9547 18888
9550 18397
9554 19008
9554 30748
9555 14781
9566 25204
9573 23643
9580 10779
9580 15985
9581 27437
9591 19503
9595 23479
9619 26015
9625 27321
9631 17954
9631 18139
9645 17643
9646 14141
9649 26672
9752 19058
9761 28782
9762 12305
9769 24848
9785 23921
9785 27564
9786 26356
9786 30477
9787 24367
9793 10494
9794 27164
9800 18815
9802 23275
9803 18355
9804 22243
9808 21764
9810 12757
9810 15468
9816 10862
9816 18625
9830 11216
9834 15165
9863 24448
9865 21830
9871 15452
9883 14429
9886 11336
9895 13083
9895 16271
9897 16987
9913 19180
9920 19697
9921 16132
9922 17279
9926 13976
9926 21422
9935 10328
9954 22594
9970 26109
9975 17815
9982 20225
9998 25590
9998 35210
10014 24781
10015 19744
10018 15904
10023 19996
10029 12490
10029 15582
10030 25934
10040 17299
10040 29814
10041 19740
10073 22167
10080 35314
10134 28808
10146 25118
10167 17288
10184 20866
10190 23515
10190 34850
10194 35639
10196 11007
10197 17292
10199 11131
10203 22336
10213 15832
10213 16286
10213 20920
10222 21185
10225 18653
10226 32846
10230 16307
10232 30182
10236 17758
10238 15497
10243 24393
10245 16288
10250 29281
10251 27220
10253 25763
10258 18809
10258 19350
10259 22427
10263 22178
10265 22038
10274 23596
10276 11968
10283 26832
10287 17506
10288 18571
10292 10612
10295 11632
10301 17652
10303 17006
10304 17111
10308 10823
10309 29493
10327 11072
10328 34177
10331 26982
10335 21493
10339 14476
10341 15005
10343 20381
10352 15332
10352 16293
10355 17073
10355 27163
10362 21400
10366 26687
10366 28440
10367 29392
10368 23496
10375 31488
10377 22573
10382 28930
10387 18379
10389 21460
10401 21108
10401 33875
10402 19787
10402 23393
10409 13240
10410 12840
10414 23078
10417 16200
10419 18759
10423 15173
10423 29017
10427 15350
10427 28009
10429 16094
10433 17071
10433 31411
10440 21647
10441 21472
10443 20968
10455 29176
10470 27636
10475 17391
10475 27779
10485 23220
10488 23769
10492 27944
10499 34481
10502 16803
10505 33127
10507 18629
10507 18745
10515 24593
10518 27757
10527 17353
10531 18783
10535 13648
10542 12423
10543 15102
10549 25973
10551 17933
10551 28006
10552 17653
10573 25636
10577 22555
10580 17526
10580 24463
10584 22787
10584 27346
10611 17282
10616 26667
10617 13171
10624 14127
10625 10681
10631 17051
10635 16801
10653 17517
10658 12889
10659 15929
10663 23981
10683 12334
10695 16465
10696 19093
10700 31442
10723 16689
10735 22833
10736 29780
10743 17164
10749 20918
10757 27137
10759 30366
10766 29454
10767 20439
10769 17332
10790 29468
10792 28932
10804 28949
10824 35885
10827 20052
10828 20189
10837 22188
10841 16894
10848 16567
10859 15434
10860 13662
10867 16211
10869 17026
10878 20669
10878 22481
10880 12538
10884 34110
10885 16807
10887 25293
10890 11336
10890 12325
10891 12798
10893 14088
10895 10952
10898 27990
10899 12095
10899 30478
10903 11263
10922 16397
10928 14825
10930 16318
10936 14174
10938 23466
10943 14430
10947 14305
10955 29082
10957 11951
10963 20691
10967 19538
10967 22790
10969 19931
10969 27139
10975 30191
10988 23616
11002 12912
11015 19420
11016 34980
11031 30692
11034 29426
11039 15345
11039 20354
11044 21505
11048 19271
11049 12470
11060 16208
11075 27954
11076 23623
11078 16042
11078 23471
11080 14509
11081 18891
11085 27080
11090 23383
11091 15480
11103 13863
11111 25845
11114 17484
11116 20225
11126 12081
11127 21475
11133 24066
11156 14539
11158 33657
11159 13639
11173 18449
11174 15914
11174 30190
11179 20822
11180 16681
11181 20325
11184 21497
11191 22909
11199 21828
11206 17733
11216 12364
11220 16974
11225 12313
11225 14215
11226 16306
11229 22592
11232 34130
11241 23663
11243 14487
11244 17190
11248 14820
11261 14332
11268 22127
11272 16839
11282 14483
11285 23673
11294 33137
11299 12010
11299 28398
11304 14353
11304 26571
11306 19555
11307 25247
11308 12505
11310 30209
11310 30863
11320 25075
11325 18805
11326 16925
11332 26165
11332 26908
11337 20949
11338 22819
11350 23716
11351 22153
11363 28035
11376 21983
11378 36668
11380 20239
11382 19285
11383 23861
11383 27759
11383 29708
11386 30858
11391 35428
11393 12350
11393 16827
11402 22031
11406 33857
11412 13059
11412 16749
11413 20694
11414 30664
11416 23667
11419 22298
11420 23541
11427 28967
11447 20387
11454 25864
11454 30196
11455 23440
11458 22104
11475 20923
11483 13916
11495 16194
11495 33788
11527 13420
11527 27243
11563 33208
11609 13237
11609 29542
11612 26693
11614 15584
11614 24548
11619 22135
11633 12081
11634 30485
11635 22288
11636 19333
11639 22070
11640 18973
11645 12162
11647 13479
11657 23685
11659 26022
11668 30727
11669 18252
11671 13919
11671 23489
11672 13221
11676 20358
11683 16790
11687 25602
11700 29789
11701 14501
11701 18863
11701 23506
11705 27795
11707 15898
11709 23775
11712 19647
11712 26956
11720 12300
11748 24784
11756 26084
11769 19454
11770 27323
11780 28660
11786 13124
11798 16396
11799 18795
11804 14246
11810 14062
11811 13634
11812 27133
11816 29846
11836 33147
11839 17050
11854 15174
11854 16279
11854 17025
11856 13700
11856 26322
11865 22606
11883 20757
11888 28679
11891 23357
11924 26837
11924 30663
11925 14296
11929 16759
11937 24988
11938 27140
11950 15331
11950 35438
11951 22608
11958 24439
11964 23635
11968 30325
11968 34107
11969 15751
11973 23634
11982 26466
11982 28930
12003 22378
12008 20440
12008 24084
12013 23095
12018 13815
12018 16102
12038 22362
12040 14103
12041 13600
12045 29398
12049 20381
12055 12440
12066 13264
12066 23697
12068 34815
12069 13905
12078 12091
12079 27362
12085 19750
12086 12629
12086 19536
12094 19460
12110 12365
12110 15916
12117 13923
12117 24142
12122 14213
12124 26852
12129 19213
12129 25843
12134 25686
12137 13982
12138 26880
12140 13923
12143 24266
12148 23710
12151 22084
12158 16249
12161 21488
12163 18484
12165 25319
12181 22394
12181 24130
12182 29206
12186 15914
12189 24264
12190 18112
12190 28764
12193 16677
12202 12623
12205 20944
12208 30755
12213 16371
12220 35739
12249 24708
12255 17354
12261 23619
12267 35296
12268 23593
12268 29398
12275 24098
12275 27764
12276 12277
12280 20634
12281 24916
12286 30693
12288 15177
12292 34105
12294 13005
12298 13979
12298 22702
12300 18295
12303 25006
12309 30755
12315 18023
12318 12754
12322 27799
12323 16383
12330 34070
12331 22904
12335 22746
12338 16631
12341 22115
12343 18166
12344 21849
12345 16409
12345 16714
12348 16062
12355 16003
12363 23442
12372 18840
12397 13774
12398 17404
12401 23485
12406 19007
12412 21558
12416 25902
12417 28032
12419 29705
12431 12936
12435 27325
12443 19886
12444 18035
12451 21545
12454 23974
12456 23865
12457 20028
12457 23315
12457 35361
12460 24062
12462 28034
12465 15717
12466 25198
12474 17563
12475 22016
12476 29285
12493 16867
12493 19183
12502 12552
12509 16568
12511 23091
12512 30194
12517 19565
12517 34638
12517 34891
12539 21387
12542 27335
12549 36241
12554 23399
12554 32823
12563 28782
12572 22682
12573 13010
12576 12684
12580 22253
12583 16766
12583 16941
12584 21290
12590 16222
12599 28542
12614 20627
12615 16035
12618 20427
12618 24855
12628 32734
12629 13742
12653 12767
12655 18079
12658 24630
12661 20824
12662 24634
12667 22046
12671 24984
12678 25103
12688 29397
12695 26060
12704 17108
12704 24284
12711 17678
12713 29024
12723 13073
12736 23368
12738 24722
12739 16974
12772 20266
12775 22716
12791 26568
12794 22815
12796 15303
12804 22976
12812 14927
12812 17726
12820 18015
12840 35550
12848 13158
12848 18701
12867 18388
12869 16562
12881 21297
12887 27449
12895 19461
12897 13371
12897 23584
12899 13031
12899 19072
12906 14455
12907 25726
12913 13029
12939 29883
12959 18680
12963 16261
12975 15300
12976 19220
12976 22075
12982 26504
13019 21405
13023 15093
13026 14602
13038 21096
13053 16651
13053 23663
13060 14529
13067 19702
13070 23604
13070 27073
13078 14040
13096 22179
13096 26591
13097 18512
13118 19321
13120 22716
13123 20676
13130 26487
13141 25522
13141 27529
13142 24591
13146 16610
13146 20280
13152 19040
13156 21424
13163 20127
13169 13900
13173 26338
13176 23733
13178 14926
13181 23670
13181 36688
13182 23426
13189 14089
13191 34962
13199 19578
13199 30804
13209 23340
13211 14710
13216 26027
13216 27558
13218 22021
13220 16494
13220 19451
13227 18548
13227 31773
13228 30563
13231 29318
13234 19759
13236 13922
13238 22583
13246 23099
13249 17408
13257 18478
13257 35233
13266 22412
13268 23195
13282 14390
13284 15343
13285 28970
13294 29154
13295 28496
13304 20163
13314 26846
13317 35681
13331 17596
13331 21251
13357 21427
13367 22286
13371 19340
13371 22602
13398 13880
13398 15707
13399 19162
13403 29175
13408 15815
13408 22151
13413 18979
13417 29789
13424 19827
13427 21351
13429 36666
13430 15145
13431 16821
13444 35793
13448 23156
13461 22754
13469 23340
13474 15698
13474 15702
13475 23124
13481 20363
13488 22233
13494 22022
13516 16106
13533 19324
13535 14037
13560 19585
13561 17822
13566 24549
13580 24675
13600 22184
13605 23612
13612 15246
13613 27253
13616 17813
13621 25339
13625 21411
13628 26338
13631 13751
13632 27320
13635 22399
13641 29725
13654 19972
13659 14564
13661 18550
13666 29705
13697 20307
13698 26346
13707 15174
13722 18747
13723 16679
13723 22486
13725 19346
13729 34494
13732 16943
13753 18662
13757 21401
13765 31430
13777 18341
13779 18095
13780 24514
13784 14847
13793 18863
13807 17282
13833 23162
13863 18676
13867 32821
13869 33201
13871 23974
13883 26197
13892 16439
13898 14422
13900 19048
13923 24787
13924 23601
13926 17962
13926 22685
13926 23678
13927 21386
13930 21392
13963 18082
13964 24593
13966 26441
13968 22103
13974 29139
13978 23249
13980 23642
13984 30928
13993 27193
13993 33572
14008 34843
14009 23756
14014 35917
14015 24346
14032 18040
14037 23462
14038 15907
14042 27813
14052 16753
14053 30456
14055 27262
14058 16139
14058 28624
14067 15109
14067 26181
14074 25146
14084 17712
14085 16896
14085 18511
14085 18729
14085 18941
14095 16379
14096 18094
14111 21391
14114 14457
14120 19779
14121 35684
14125 21398
14131 21037
14134 24294
14138 28015
14141 17699
14145 30122
14166 20249
14175 16278
14175 17112
14177 24453
14180 19071
14206 17064
14207 19411
14207 27971
14209 15766
14226 15720
14228 18246
14242 16466
14242 18463
14251 23926
14253 29817
14255 15281
14256 15839
14259 24346
14263 17313
14269 21255
14277 15225
14286 26275
14289 18865
14293 16985
14295 19490
14302 26329
14303 14603
14316 23396
14330 26533
14339 28798
14347 16891
14347 20874
14353 31444
14368 25101
14369 24168
14370 17156
14370 18163
14371 18442
14379 23020
14380 23241
14387 27810
14389 22715
14390 23305
14394 16725
14395 17705
14418 17299
14420 19896
14429 22119
14433 23324
14435 15673
14436 18385
14440 16763
14443 18169
14454 17040
14454 27514
14457 22596
14481 25972
14500 26326
14504 27977
14532 22534
14535 21100
14539 26541
14540 34425
14554 26270
14560 20444
14567 20845
14573 24707
14576 25866
14602 27974
14603 30235
14620 20911
14621 16659
14629 17847
14631 22103
14638 26758
14649 16436
14653 26992
14655 22861
14671 15066
14677 30582
14698 31773
14711 21265
14711 26012
14711 26368
14714 33456
14719 16547
14719 24706
14719 29361
14751 25484
14753 23365
14787 15445
14796 36666
14805 15840
14807 26967
14812 20233
14812 24318
14813 20610
14817 17917
14831 23385
14831 24089
14865 23175
14870 19661
14872 16987
14909 24846
14926 22320
14926 26914
14951 19173
14951 22337
14952 22081
14965 28076
14965 30554
14976 16641
14984 27082
14991 24292
15000 22647
15002 22346
15003 23349
15006 24791
15011 21507
15013 30485
15022 29103
15024 16197
15024 20993
15035 29726
15035 35382
15036 35544
15042 17060
15042 28517
15047 24524
15057 18468
15062 26463
15064 23584
15069 27013
15077 23484
15078 30536
15081 16284
15091 21923
15093 15263
15105 15186
15106 24350
15115 18274
15120 17830
15122 21477
15123 17219
15139 22487
15146 27795
15153 17089
15153 22605
15173 21831
15184 23010
15186 19470
15186 21428
15189 20666
15197 33984
15198 16252
15202 16438
15212 16975
15216 16720
15217 17842
15218 27063
15224 19755
15224 23486
15225 24531
15246 20331
15246 35662
15247 30328
15249 24312
15253 22011
15262 23780
15263 17981
15288 34817
15305 28822
15307 16030
15321 24419
15331 21664
15336 23345
15336 29098
15341 35752
15366 22402
15367 19357
15387 20997
15396 15942
15404 15766
15406 17205
15420 33005
15422 23662
15445 23462
15445 35101
15467 33072
15470 34887
15475 26165
15488 23411
15494 19160
15499 30613
15514 17796
15518 16085
15521 24697
15521 27504
15523 26348
15528 18403
15528 25075
15537 25972
15549 22506
15553 27975
15558 23599
15578 26725
15594 18034
15598 25494
15609 24596
15612 20944
15622 23472
15628 29792
15642 16769
15642 16908
15651 35337
15674 16651
15678 16004
15683 30355
15687 28878
15693 25589
15695 24072
15697 24858
15698 28614
15700 19513
15702 20241
15714 17820
15721 17805
15724 17043
15728 34672
15731 17458
15758 20439
15768 23791
15771 17266
15771 18297
15775 23071
15791 21183
15797 15971
15797 22129
15814 22605
15831 28915
15855 16684
15857 18930
15857 23973
15888 20400
15917 16241
15920 27324
15920 28928
15921 28985
15922 34463
15927 16652
15942 19179
15961 19210
15961 27090
15961 31619
15966 24639
15989 26725
15995 17175
16001 30209
16014 31895
16015 17245
16015 22029
16036 23517
16037 22443
16037 26336
16037 29128
16056 32842
16082 23386
16087 20304
16090 27381
16091 16531
16093 17169
16094 29890
16101 25659
16102 20826
16122 16127
16129 18680
16131 30563
16132 33456
16139 17060
16142 20279
16161 17054
16179 19001
16189 16752
16195 27380
16200 19023
16200 20200
16220 20961
16220 23490
16222 16565
16226 23056
16231 21286
16238 29935
16245 34497
16250 25796
16253 29232
16255 25594
16263 35644
16267 26465
16269 24126
16288 21108
16289 25125
16299 35314
16301 27011
16304 18551
16319 29818
16331 27609
16356 26453
16358 25523
16373 19841
16375 21771
16377 18762
16378 17898
16386 20256
16388 23391
16391 27963
16392 35535
16393 26812
16404 25806
16406 24053
16408 35213
16420 24971
16426 17103
16426 21634
16435 19072
16436 26585
16439 17456
16468 25517
16469 23696
16475 28986
16477 30342
16478 23017
16480 35997
16483 17340
16488 17380
16493 24321
16499 18591
16501 23969
16507 28612
16508 21143
16513 27752
16528 21986
16541 27727
16544 19705
16552 21502
16559 17074
16575 24835
16608 29531
16611 22861
16622 33875
16625 20968
16626 27233
16634 21381
16637 23214
16641 17152
16644 21061
16649 28823
16655 29095
16661 25143
16675 31773
16677 29100
16678 23113
16683 30354
16691 23166
16692 16759
16694 23956
16698 17134
16705 26614
16722 29291
16745 20208
16750 26723
16755 23626
16755 33976
16759 17233
16760 27152
16761 31443
16766 18924
16768 18989
16773 18368
16775 19333
16788 22380
16797 18052
16798 30173
16800 21430
16811 18376
16821 24137
16833 25883
16845 21675
16854 17805
16867 26835
16889 19270
16892 31774
16895 17127
16895 24445
16896 19681
16904 26940
16908 29820
16931 23174
16968 28728
16977 19272
16984 30233
16986 24468
17008 18627
17040 23870
17041 25319
17049 19922
17049 26235
17064 17083
17064 25293
17074 26713
17086 29023
17097 26905
17100 28703
17103 31897
17108 36192
17114 19793
17115 18755
17117 19220
17120 17326
17125 18393
17127 19034
17132 25104
17137 26689
17139 18089
17140 17894
17140 26235
17141 22469
17150 31489
17153 17519
17153 24642
17161 34888
17162 26211
17163 33956
17169 25795
17175 18606
17178 25876
17179 23344
17180 23639
17190 24767
17201 28889
17216 18357
17216 34831
17223 28870
17231 19661
17231 24595
17238 34496
17249 18554
17253 18144
17256 17900
17268 20058
17268 21721
17270 30187
17277 31442
17279 29357
17282 22058
17286 24178
17300 23433
17302 24536
17312 24198
17315 17941
17318 20385
17329 20316
17332 17619
17332 29723
17339 27071
17365 22592
17391 35385
17397 17876
17400 23306
17404 20653
17406 25873
17413 33349
17422 23738
17434 18641
17493 22442
17493 25469
17493 34894
17500 24151
17502 22144
17524 18862
17642 26711
17666 22608
17666 34894
17670 20478
17682 18768
17693 25878
17695 24754
17698 26276
17700 26538
17702 20433
17704 28605
17707 35284
17710 21830
17737 26916
17755 34179
17783 18156
17783 22584
17793 21434
17805 30500
17806 17961
17809 26338
17818 20301
17829 21403
17841 22553
17864 27260
17875 18759
17875 34490
17876 28945
17896 22318
17896 25274
17904 24174
17920 24639
17940 35033
17943 23647
17962 26726
17965 23346
17983 23966
18002 23094
18009 35307
18018 23359
18021 34450
18040 27374
18045 34988
18055 24515
18061 25090
18069 28035
18072 18232
18083 20227
18084 21897
18096 22660
18096 34463
18105 29324
18109 28440
18111 27758
18135 21983
18147 19678
18167 24701
18174 24187
18181 28076
18202 26168
18228 22086
18231 23071
18233 28802
18234 23381
18241 19603
18243 27961
18244 30326
18260 19230
18268 27760
18274 20613
18275 29785
18285 20426
18286 21906
18331 33012
18335 25661
18350 20214
18351 27085
18351 27482
18356 27964
18367 29510
18376 29911
18377 27359
18382 18726
18382 26869
18385 19271
18403 22905
18403 27778
18405 26810
18405 28614
18420 34495
18421 25637
18483 22014
18495 20023
18500 25130
18500 29096
18511 18695
18512 24604
18513 19458
18531 23661
18531 35337
18541 28510
18546 27098
18561 22442
18562 19693
18571 18746
18600 23313
18612 21028
18616 26960
18629 30342
18637 20827
18640 23447
18645 24711
18648 33583
18650 24989
18656 24084
18659 23140
18661 23801
18664 27932
18671 28972
18684 24205
18692 35732
18698 27953
18711 34425
18717 24237
18726 26981
18728 25842
18787 23890
18789 23101
18793 23667
18793 26338
18797 19351
18815 20472
18837 28097
18840 26001
18873 23175
18894 22448
18913 26325
18921 26453
18923 23140
18933 28014
18941 23840
18996 20892
19000 22082
19007 22568
19008 23431
19019 33090
19051 35377
19058 35746
19079 21479
19097 20165
19099 23574
19132 29753
19150 19998
19152 23250
19184 30750
19191 22239
19204 25341
19218 24804
19234 21497
19235 25263
19266 30561
19266 35645
19286 27753
19291 35264
19337 22034
19340 24854
19347 20475
19352 27441
19352 29806
19356 23367
19384 26536
19413 30927
19435 22486
19450 27127
19451 34497
19463 23106
19467 20446
19472 24783
19472 31768
19495 23996
19529 26018
19531 20237
19536 20971
19557 24965
19557 27646
19563 29262
19565 24682
19566 22701
19567 34961
19575 34978
19656 26730
19659 22499
19681 26965
19686 23371
19686 29288
19697 27144
19702 29134
19716 28602
19722 20244
19746 32849
19787 23595
19790 20764
19809 21296
19810 28942
19836 27812
19840 27284
19854 34821
19880 26381
19903 21478
19939 24290
19948 23790
19959 27332
19960 23435
19984 30200
19993 27261
19996 27159
20017 22146
20017 22253
20024 26109
20068 23114
20103 33165
20109 35102
20134 21794
20137 25490
20165 24255
20178 23474
20193 22746
20199 30686
20216 27173
20240 33003
20241 22647
20251 26861
20261 20278
20269 21448
20277 22037
20290 26270
20291 20397
20293 26684
20301 33198
20311 24853
20328 27798
20386 25063
20431 26354
20432 23420
20440 23114
20440 30532
20445 22075
20451 20666
20505 30499
20506 23428
20584 28925
20587 22909
20610 24780
20617 21757
20617 24823
20625 20693
20630 23441
20643 28031
20670 24553
20672 33960
20675 26719
20703 29099
20814 23198
20824 33092
20827 20938
20828 25881
20832 35209
20850 28712
20853 27792
20866 24015
20886 30742
20887 21297
20917 23714
20924 28035
20935 22502
20935 24580
20936 26932
20949 26812
20953 35652
20954 23378
20961 23706
20965 32642
20971 35263
20995 30596
20998 23907
21000 29801
21001 34466
21036 22181
21090 33179
21134 25086
21135 23021
21143 22797
21159 35281
21165 23546
21242 27479
21268 29720
21342 35661
21349 26454
21402 23173
21405 26037
21406 30548
21407 24277
21415 21900
21415 26503
21424 23392
21429 35225
21431 24663
21435 22539
21435 28969
21469 24095
21474 23579
21490 30802
21542 26522
21551 32845
21606 30253
21644 22465
21656 26538
21660 29017
21694 23014
21721 28711
21723 24645
21739 30206
21748 21752
21762 24255
21833 27998
21880 22598
21880 27101
21900 26184
21975 26050
21983 24147
22002 28796
22012 31506
22049 23474
22050 22223
22071 28321
22072 24840
22076 30537
22080 25241
22087 27555
22088 27409
22093 23735
22093 31583
22097 24602
22119 34850
22121 23338
22131 26921
22144 24967
22144 28019
22148 26627
22150 26604
22152 34990
22176 29802
22185 27749
22187 25505
22189 28618
22214 25598
22227 25603
22227 27388
22232 28014
22255 29144
22282 27727
22312 23290
22313 23876
22317 29304
22344 36259
22345 23863
22371 25638
22376 23535
22378 25763
22386 29111
22397 30754
22402 27954
22432 25628
22451 27051
22465 22920
22465 28596
22471 23573
22472 27757
22478 26685
22515 25764
22520 26139
22523 27735
22531 34622
22533 26981
22558 24781
22584 27218
22598 22770
22605 30772
22637 30190
22637 34517
22672 24520
22682 26026
22755 24392
22793 22920
22802 28875
22815 23649
22815 29798
22822 29256
22867 24386
22902 33115
22903 34816
22905 27725
22906 26501
22917 33967
22934 26857
22935 26944
22944 25054
22944 29510
22972 33181
23011 35298
23015 24377
23024 34851
23074 23866
23096 26953
23098 33970
23099 24744
23115 30846
23124 25306
23138 30179
23166 24572
23190 27067
23216 23439
23287 23790
23289 35468
23309 25916
23336 28192
23339 31839
23416 29781
23446 33091
23463 30443
23588 35534
23589 23930
23590 26356
23590 26929
23590 27377
23607 32992
23628 28929
23635 30857
23666 26709
23671 25644
23672 25636
23683 34350
23688 24673
23718 25489
23722 27591
23725 24117
23742 28802
23746 30624
23752 24675
23754 26521
23801 27281
23829 26688
23863 24372
23868 28398
23893 24625
23896 30548
23898 29786
23907 24100
23929 25921
23930 24310
23940 24751
23940 29884
23941 30244
23963 33201
23982 32821
24023 25320
24053 24317
24060 27777
24072 28455
24073 29082
24083 35887
24093 29184
24106 26053
24125 30247
24180 27978
24192 25917
24233 36331
24264 25606
24266 27153
24290 35209
24301 29400
24335 30230
24376 24700
24381 26251
24444 27387
24552 30776
24584 26128
24672 34903
24684 34619
24691 27992
24694 28902
24700 25947
24751 34497
24794 29109
24813 29103
24818 36623
24820 24859
24839 28711
24851 26739
24874 28535
24922 29538
24925 30633
24935 26516
24965 29897
25045 26504
25062 25307
25083 35214
25142 34494
25147 30554
25263 31488
25309 35654
25320 30926
25325 26212
25468 27347
25500 33961
25504 27227
25505 27818
25518 26500
25570 35490
25632 29730
25637 26585
25660 30331
25677 26056
25732 34461
25753 26824
25880 28992
25901 28517
25921 35382
25942 30815
26014 30229
26022 26699
26065 27359
26070 26502
26128 29113
26182 26382
26182 34180
26210 27825
26212 30532
26353 27964
26355 35998
26358 35647
26365 30928
26370 26927
26424 28888
26492 30475
26508 29493
26594 35664
26640 28022
26676 30701
26687 30354
26718 27610
26765 26932
26823 32997
26898 34901
26905 35572
26906 30767
26925 35887
26933 33134
26972 27322
26990 27398
27011 27976
27138 35644
27166 28515
27215 34517
27215 34627
27227 29302
27243 28746
27254 35535
27255 29214
27259 28823
27321 30326
27351 31494
27352 32789
27354 35426
27387 29244
27425 28752
27441 35532
27529 29139
27631 29152
27738 33003
27758 30754
27774 28771
27777 34130
27961 29107
27966 36332
27981 30463
27983 29171
27991 35282
28001 30401
28192 29282
28321 34466
28625 33457
28658 33005
28704 34614
28711 35731
28755 29163
28946 33801
29016 29761
29035 35567
29356 33139
29468 34915
29487 29491
29785 35666
30125 35531
30184 30655
30438 35732
30859 36127
31635 33139
32999 36687
34637 35438
