5000
7 4560
8 370
9 2674
9 5853
10 2473
16 3551
17 6494
17 6968
22 40
22 6229
24 1835
27 572
30 581
30 3584
31 1176
37 5798
38 3528
45 1844
49 644
54 2426
56 4369
56 8136
58 5323
58 6193
64 2545
66 138
66 2715
66 8033
68 4774
71 8383
74 6826
75 1222
76 6742
79 2144
80 2045
81 3524
83 1716
83 4079
87 2172
94 3183
95 5442
96 5789
108 5285
118 5220
120 1158
122 8033
123 6219
124 1600
124 3201
125 977
125 6555
126 359
128 6132
129 5331
130 4071
132 2480
132 6479
133 5395
133 8377
135 326
135 6507
137 2936
137 4393
137 4847
137 7266
138 8525
143 4124
143 5608
146 689
146 1227
146 2266
150 1649
152 4619
154 7141
158 6323
160 4432
161 211
163 923
165 486
166 2667
167 324
167 7174
168 7932
175 6998
179 941
184 8446
185 6966
185 7454
187 7699
188 6787
189 7773
193 8125
194 537
194 5701
195 472
197 3584
201 563
201 4640
201 6843
202 4402
203 2506
211 4627
212 2913
213 3877
213 8775
216 1398
216 4692
216 5323
217 1874
217 7159
220 6000
221 275
223 2921
224 1699
226 8105
230 2666
232 4093
234 4167
234 7838
236 5189
237 1166
237 2851
238 7893
244 3817
247 6986
249 3247
250 4978
257 5854
261 1427
262 2174
263 7721
267 8674
270 4338
271 5957
272 7489
272 8488
273 4909
273 5080
274 3594
276 5564
276 7786
284 6771
285 825
286 5810
287 633
289 6538
289 8015
290 8763
294 5234
295 2254
295 3936
295 6116
302 6732
304 7255
306 4984
306 6360
307 8281
310 7317
311 6004
311 6473
314 1587
314 6673
318 2598
319 5876
319 7927
322 7438
326 4531
327 1504
328 3434
332 7995
336 1956
338 6343
343 3284
343 6352
347 1400
357 5792
358 7134
360 8740
363 8328
368 7246
368 7920
371 7225
372 3524
373 570
374 5680
375 5462
376 7320
377 4687
379 8712
383 5242
389 5144
392 8064
393 8664
395 6360
405 7513
411 3710
412 1522
414 546
414 2830
415 5756
417 3133
421 8245
425 1309
426 2057
426 2580
430 8344
432 8403
433 1388
433 2901
435 6330
436 5074
440 4570
441 3215
441 8765
443 584
443 5155
444 1285
446 8088
447 7700
447 8821
452 2852
452 8568
453 1122
453 3596
456 8715
458 3033
461 5142
463 5391
464 3608
466 6864
468 2433
470 1862
472 5940
472 8750
474 7026
480 7741
482 2537
486 2293
490 7585
491 989
499 7065
501 1069
504 5652
509 2370
512 3436
514 5117
516 1724
518 4061
520 7308
522 3047
522 4186
528 2123
532 2420
538 6579
541 2412
541 4200
541 6194
544 4412
546 1396
549 2972
554 6661
561 758
562 672
566 5169
569 1567
572 1487
572 7320
574 4075
576 4885
576 7302
580 1538
581 5119
582 4074
584 2939
586 2444
595 6509
596 7946
598 2473
599 4020
599 8454
602 2837
604 3673
609 6678
610 8743
611 2746
614 2062
614 7635
615 2663
615 7611
616 982
618 5564
620 6646
621 2681
624 4158
636 2687
638 3798
642 3333
643 2364
645 2823
651 7588
653 8438
655 5191
659 6328
661 4421
664 6056
664 7463
665 8022
671 6064
672 4020
682 4194
688 6621
689 3113
691 7193
698 4466
701 1163
711 4775
712 2285
712 8706
714 6521
714 7247
716 7482
719 6816
724 7146
724 7275
730 2448
731 8700
737 8718
739 914
740 4942
743 3421
748 8741
750 1683
750 4571
753 5740
754 2436
754 8367
757 5685
758 1504
758 3485
761 8310
762 7735
763 800
764 948
767 1839
769 2689
769 6334
771 3993
773 4448
775 5840
776 3394
780 8529
789 6375
791 4337
797 858
797 2878
799 1095
801 5923
803 5528
805 3727
805 5212
806 8364
810 3954
810 4489
811 1861
812 5380
812 8205
815 5671
816 1861
818 3675
819 7117
821 7481
822 4148
823 4295
823 8151
824 4778
826 1913
832 5456
834 6702
834 7113
834 7479
835 1721
837 6754
842 5431
842 5724
849 4908
850 5101
851 1049
853 8457
858 5135
860 2609
860 5812
860 8005
861 1792
873 4836
876 5558
881 8245
884 6520
886 2923
886 5474
887 7041
890 4862
900 6996
900 8598
904 1717
905 7902
910 5593
911 7534
912 1003
912 3386
912 5239
919 6042
920 4345
930 5112
933 1995
938 4501
941 4131
942 2194
943 1037
943 4598
943 7683
947 4773
947 7119
950 3297
951 2997
953 7475
960 3447
964 1133
964 6476
968 5745
969 6618
970 1796
970 6691
971 2278
971 7717
973 2332
973 7240
978 3031
982 5225
983 3357
987 2437
989 1893
993 2389
993 3452
994 8310
996 6176
998 5958
1004 7992
1006 6893
1006 7906
1013 8548
1014 3182
1020 6665
1022 2770
1024 7770
1025 1214
1025 7841
1029 1768
1030 1874
1030 5162
1034 3322
1034 7425
1040 7659
1043 4289
1043 5627
1043 5967
1043 8672
1045 5362
1045 5421
1047 5364
1050 1149
1050 2155
1051 1829
1051 2979
1057 4989
1058 3655
1060 6451
1063 3571
1067 6308
1068 4381
1069 8359
1074 3369
1078 6246
1078 7271
1078 8063
1079 2271
1081 2267
1082 6880
1083 3122
1087 4045
1096 1388
1099 1359
1105 6299
1108 2575
1111 1838
1111 7430
1115 5738
1119 5740
1121 8185
1123 4806
1123 5815
1130 4080
1130 5108
1131 5077
1133 2091
1133 2799
1133 6630
1133 8453
1134 5811
1135 3860
1135 8816
1136 7442
1138 1721
1142 1545
1154 4313
1158 6597
1161 2042
1163 4862
1168 5437
1171 4488
1180 2495
1189 4189
1190 1477
1194 8199
1195 4310
1195 4765
1206 6313
1211 6529
1216 2650
1217 4146
1222 8788
1223 8754
1227 2987
1227 3145
1232 2837
1239 7374
1242 5430
1243 2012
1243 4682
1250 1579
1252 6747
1253 4000
1255 5814
1255 7615
1256 6903
1257 3390
1260 1930
1262 6442
1264 3967
1265 7848
1266 4787
1268 5508
1269 4652
1269 6436
1273 4974
1274 8365
1275 8746
1276 7768
1278 1558
1278 1997
1278 8235
1279 5221
1281 2090
1283 7207
1286 2381
1286 5254
1294 3742
1295 4858
1295 7434
1300 5672
1307 5063
1310 5871
1312 6185
1312 6995
1320 4465
1321 7819
1322 1685
1326 2723
1326 4133
1336 7281
1341 7176
1342 5913
1342 6910
1342 7922
1346 3973
1347 6510
1348 1654
1349 4821
1349 5237
1350 2633
1354 7391
1354 7985
1356 2140
1364 7407
1367 5638
1368 1694
1368 3348
1368 3665
1373 6291
1377 1536
1387 8293
1391 3854
1396 7998
1398 4522
1400 1837
1400 7771
1402 4668
1403 3096
1404 1856
1404 5019
1405 1858
1408 5190
1411 2083
1415 7538
1416 4639
1428 1825
1429 5470
1435 3367
1439 4089
1439 5855
1439 6611
1440 3965
1441 5871
1443 6719
1445 5242
1446 1726
1448 2310
1450 5584
1455 8118
1457 4176
1461 7245
1463 5961
1469 6901
1470 8689
1472 2682
1472 5164
1477 4228
1479 3256
1485 5299
1485 7549
1487 2790
1488 7685
1489 3012
1493 3093
1494 1997
1494 2307
1499 4921
1500 1818
1508 2476
1508 6237
1509 5349
1511 7221
1512 4641
1516 6144
1517 2909
1518 7507
1526 5872
1529 7223
1532 8697
1535 7192
1540 3275
1544 2231
1547 5865
1548 7575
1549 3819
1554 2661
1554 6774
1555 6317
1557 3356
1558 6218
1559 2723
1559 5190
1559 5725
1565 7160
1567 5104
1567 5963
1570 2939
1571 4642
1572 2054
1573 4989
1573 6999
1576 3777
1576 5384
1578 6597
1580 7313
1583 1986
1587 4317
1589 6410
1590 5116
1595 7216
1597 3616
1597 6447
1599 3183
1600 3338
1600 7776
1601 7673
1601 8266
1604 1673
1605 8621
1612 8306
1613 3661
1613 4344
1613 4974
1614 2284
1616 5256
1617 1802
1618 5499
1618 7200
1618 7234
1621 4734
1623 2765
1623 4302
1626 4576
1628 4212
1632 2365
1632 7891
1634 7827
1634 8828
1635 6018
1638 8602
1639 2272
1640 3045
1641 1872
1643 2689
1646 8013
1648 4319
1650 4692
1650 5047
1651 3798
1664 6527
1666 7778
1667 4838
1669 2725
1673 5124
1673 7362
1676 3154
1679 7486
1680 2472
1681 7088
1684 4168
1685 1847
1687 2649
1688 3452
1689 5623
1694 2911
1694 4543
1695 6285
1710 3128
1710 5103
1711 3846
1711 4118
1718 4071
1718 6539
1721 8195
1727 5639
1727 8200
1729 4053
1734 4592
1734 8372
1738 5207
1739 3209
1740 6646
1741 6664
1746 6584
1747 4671
1748 3018
1750 8770
1752 3080
1752 5371
1753 3472
1754 8272
1755 3557
1756 3715
1758 2859
1758 4776
1762 7619
1765 8219
1766 5468
1767 5483
1770 1820
1772 2637
1773 2773
1773 7491
1776 3046
1776 7559
1778 4319
1785 6310
1785 7028
1786 4728
1787 7088
1788 1998
1791 7301
1792 4927
1796 3457
1801 3005
1801 3829
1803 6464
1803 7920
1805 2181
1817 1939
1817 6260
1824 2980
1825 8206
1829 7461
1832 5052
1836 7603
1842 2768
1845 2146
1851 5793
1854 6680
1855 7305
1856 5495
1863 1997
1865 6191
1865 7670
1867 7245
1870 2763
1871 7726
1871 8656
1872 6644
1872 7721
1879 6200
1884 6489
1886 8154
1888 3156
1889 3351
1890 2626
1892 6836
1893 5555
1894 2021
1898 1946
1901 5751
1906 3976
1908 3587
1908 4943
1911 2429
1915 3004
1918 2300
1922 2299
1924 8080
1927 2942
1930 7502
1932 6939
1933 2690
1935 3995
1947 8388
1949 6875
1951 2899
1957 4911
1969 2260
1970 7913
1970 8776
1972 2325
1973 4640
1973 6019
1973 6781
1975 3379
1981 3292
1982 5008
1985 3742
1989 2232
1989 2633
1990 4140
1991 3446
1999 2084
2003 8421
2004 4952
2007 8821
2008 5197
2008 7407
2010 2806
2014 2956
2015 6390
2020 3761
2021 6085
2021 7307
2026 8882
2032 3393
2032 5499
2034 8119
2037 2402
2037 7432
2038 2213
2040 2690
2041 3174
2043 2598
2044 4621
2044 8533
2046 4379
2046 4547
2052 8570
2053 8001
2054 7139
2056 4127
2057 7204
2066 5825
2067 3492
2068 2933
2072 4098
2072 4951
2075 4786
2075 7807
2078 3002
2080 4819
2080 5475
2081 8693
2082 8386
2083 6136
2084 7405
2087 5182
2088 3621
2094 7419
2098 8462
2102 8269
2102 8712
2105 2170
2110 4431
2111 3097
2112 5369
2113 5685
2114 7983
2114 8283
2116 7273
2118 2464
2119 4895
2124 3122
2124 4894
2124 6336
2126 6803
2128 2965
2137 7568
2142 6789
2143 5768
2143 8815
2146 4958
2146 5056
2153 8491
2162 3263
2164 5222
2164 5378
2172 4575
2180 7087
2182 2754
2185 5133
2187 6109
2187 6419
2191 6176
2193 8631
2194 4411
2194 5331
2198 4783
2199 2942
2199 6075
2205 6203
2208 2943
2212 6473
2213 7529
2221 6414
2226 6936
2227 6656
2232 5899
2239 2456
2239 4483
2244 2515
2251 3911
2252 3427
2253 6290
2253 8491
2256 7842
2257 7252
2261 5761
2264 3341
2264 3874
2266 4031
2269 7956
2273 4749
2273 6610
2275 7739
2275 8572
2276 3665
2278 3974
2279 5511
2281 2391
2284 3996
2293 6674
2295 4332
2303 6628
2306 7449
2308 5984
2308 6634
2309 2567
2318 8848
2319 5901
2319 8590
2320 7822
2321 8058
2323 2457
2323 4543
2333 6015
2334 8504
2335 8494
2338 8300
2340 6781
2343 6694
2345 3753
2350 3927
2352 8051
2354 3018
2357 6615
2361 7003
2364 3179
2368 3121
2370 5122
2370 8525
2371 6285
2371 6863
2373 3218
2373 3768
2373 4690
2375 8557
2377 2750
2386 5509
2390 7732
2392 3995
2393 2529
2399 6225
2400 7137
2407 7090
2408 4068
2408 8553
2413 7338
2416 4322
2426 8728
2429 2902
2431 3358
2433 2893
2433 8422
2438 2791
2442 2946
2444 8718
2447 3135
2447 3599
2448 4724
2456 2465
2457 7594
2466 7493
2472 3424
2477 7897
2479 8382
2482 3498
2487 6167
2489 4801
2490 2992
2493 7694
2495 5318
2496 5515
2499 8577
2501 4977
2503 3475
2503 8373
2505 3224
2506 6766
2509 4054
2510 3120
2510 5289
2515 7375
2516 4198
2517 4778
2520 2764
2521 3582
2521 7637
2534 6612
2538 5846
2538 6608
2540 6595
2543 3009
2554 5536
2557 5829
2558 3882
2563 3513
2571 3691
2571 4408
2578 6215
2590 8049
2593 5013
2594 3026
2600 7267
2609 7804
2611 5438
2614 7996
2616 3636
2616 7378
2625 3565
2626 4628
2629 3827
2631 4136
2631 7322
2632 5445
2633 8195
2634 2693
2637 7301
2644 4571
2657 7295
2659 4284
2661 8801
2662 6373
2665 6985
2667 6902
2670 3669
2675 2899
2675 8365
2676 8723
2678 8037
2678 8576
2680 6187
2681 7529
2682 2930
2689 5123
2689 8094
2695 6394
2696 8180
2699 3216
2704 5877
2706 4395
2708 4744
2715 5735
2717 4580
2720 7757
2727 5852
2727 7043
2730 8168
2732 6376
2733 4101
2734 7694
2734 8119
2736 7947
2737 2998
2741 5596
2742 4908
2745 3953
2747 3935
2751 3992
2754 6670
2758 3847
2760 8482
2765 6936
2769 7780
2774 3215
2774 5555
2774 6914
2778 3822
2783 5883
2784 7098
2785 2953
2788 2897
2790 2926
2790 5583
2795 5515
2795 6798
2804 3835
2804 6328
2805 7112
2807 3182
2809 7622
2815 5987
2818 2840
2820 6257
2823 8014
2826 5966
2832 8542
2836 7332
2836 7583
2837 5342
2840 3864
2840 4006
2841 3527
2842 8623
2844 8549
2847 6507
2853 3058
2857 8817
2859 6685
2861 3596
2862 6332
2865 3806
2866 5736
2870 5710
2874 6615
2876 4490
2877 5528
2879 7520
2883 7630
2884 4931
2884 4983
2892 8145
2896 7256
2900 8629
2905 8564
2906 3943
2906 8615
2908 3373
2915 8697
2916 3485
2923 4560
2925 6525
2926 3403
2927 8883
2928 5554
2928 6182
2928 7603
2930 4561
2932 3403
2933 8350
2939 5846
2943 8289
2945 4381
2948 6837
2953 8264
2955 6649
2967 5435
2972 4083
2973 3641
2973 4007
2976 3602
2979 2983
2983 8351
2985 6960
2987 8479
2989 5165
2989 5885
2989 7473
2992 7919
2993 8426
2997 6775
2997 7518
3008 4855
3009 5117
3009 5627
3009 7374
3009 8531
3017 6219
3018 3815
3023 8677
3028 6788
3029 4057
3029 6030
3032 6559
3041 8870
3050 8238
3053 4985
3055 4180
3058 8107
3063 4110
3070 6521
3076 4480
3076 8862
3077 7105
3086 7575
3087 8244
3089 5931
3097 3235
3100 7942
3100 8355
3101 6970
3101 7617
3106 4334
3115 6819
3116 7790
3118 3380
3119 4023
3119 6048
3122 5702
3127 8802
3130 7134
3132 8001
3140 7956
3141 7951
3144 8045
3144 8059
3145 8752
3146 6406
3151 6152
3153 7427
3159 6993
3163 3247
3164 8144
3167 6857
3178 5683
3179 6518
3180 5212
3182 5528
3182 7099
3183 5066
3197 5550
3201 5392
3205 3622
3208 8239
3210 4522
3211 7344
3219 3817
3219 4494
3224 7133
3226 5116
3226 6665
3229 4514
3230 5904
3235 7754
3238 7784
3238 8197
3240 4277
3242 7108
3244 7827
3247 3428
3250 7349
3255 7255
3258 6283
3259 4151
3260 4416
3263 4730
3269 5549
3270 4416
3270 8865
3271 4563
3273 7379
3274 7086
3275 5191
3277 3509
3280 6173
3289 5475
3291 5009
3292 7997
3295 5597
3300 6353
3301 5631
3302 5447
3304 5368
3305 6989
3308 4729
3314 6325
3322 5382
3323 7658
3324 5617
3325 7580
3328 4160
3331 6562
3333 8557
3336 4696
3337 6946
3339 3865
3339 7037
3339 8393
3345 5675
3358 3933
3358 4468
3360 4087
3364 3719
3365 8498
3367 8315
3367 8848
3369 7773
3370 3614
3373 4359
3376 5835
3377 7461
3379 7508
3381 6032
3385 6005
3390 6206
3393 5134
3397 3489
3408 6770
3409 6747
3415 5377
3416 6283
3422 5244
3423 7500
3425 8361
3427 7748
3432 8078
3433 6948
3436 8624
3441 3863
3443 6845
3445 4934
3445 5794
3448 7428
3454 4060
3455 6785
3462 5499
3462 6279
3463 4716
3463 7805
3468 8590
3472 4637
3478 8418
3486 8381
3489 6910
3490 4589
3492 5241
3494 6739
3497 5641
3504 4132
3506 8541
3513 3886
3518 8717
3522 4101
3524 4821
3526 3532
3531 6372
3534 4992
3535 6485
3538 5238
3538 8500
3540 5211
3540 5812
3540 6392
3542 5237
3548 4064
3548 8836
3556 6130
3558 5667
3558 7742
3570 7274
3577 3743
3580 4009
3588 4003
3588 4903
3588 6952
3592 7286
3594 3813
3599 6335
3604 4501
3611 6978
3616 5749
3620 5506
3626 7745
3626 8504
3630 4451
3632 8575
3635 7158
3644 6172
3646 5466
3652 4074
3654 4094
3668 8644
3673 8436
3677 7846
3680 7363
3686 5142
3689 6540
3694 6090
3698 7632
3701 8654
3703 4794
3704 8483
3706 5662
3706 8818
3709 7470
3712 4458
3712 5610
3712 6541
3716 6369
3716 8803
3720 4919
3721 7637
3721 7727
3727 3868
3731 3747
3734 5819
3735 4871
3741 5793
3744 4472
3744 5456
3746 7956
3747 3777
3756 3896
3756 8879
3761 7674
3766 7679
3773 4085
3775 5580
3779 4543
3784 6704
3792 3803
3795 6451
3802 8437
3805 8209
3807 7532
3813 4473
3820 6003
3821 7864
3828 4027
3828 6403
3830 5698
3831 4734
3832 4357
3832 5687
3838 5777
3841 7205
3848 7405
3856 7709
3860 8832
3863 4022
3871 5796
3881 8228
3883 7655
3885 5463
3885 8168
3888 6501
3889 8362
3894 8369
3895 4359
3895 7394
3897 4437
3902 5586
3903 7249
3907 5601
3910 4695
3912 5092
3913 4564
3913 6201
3913 7943
3915 8299
3922 7653
3923 7107
3924 8650
3932 7470
3934 6636
3936 4337
3937 4799
3940 6141
3950 4439
3959 7257
3962 7458
3964 4126
3965 5631
3965 8630
3969 4875
3970 6384
3972 7164
3973 4501
3977 8479
3980 8539
3981 8679
3988 6609
3995 4929
3996 8289
3997 7184
4004 4848
4021 6417
4031 5027
4031 5828
4033 7843
4034 7273
4036 4757
4045 8593
4046 4097
4046 7489
4048 5261
4055 5393
4059 4251
4059 5823
4061 6530
4061 7986
4067 4831
4067 4975
4072 7437
4074 5574
4076 5689
4080 7757
4089 5695
4090 4272
4090 5946
4100 6987
4101 8168
4102 6211
4104 4131
4104 8708
4109 5797
4111 5319
4112 6184
4114 6063
4115 8525
4119 4975
4126 5331
4127 8422
4129 4761
4133 4667
4133 6421
4136 5505
4140 4780
4141 6841
4142 4639
4150 6948
4158 6799
4162 8233
4172 8559
4173 6489
4176 6718
4186 4218
4186 7323
4192 5730
4192 7742
4199 5421
4219 5174
4224 6201
4229 4328
4236 8344
4240 6740
4243 8688
4245 7110
4250 6805
4257 5555
4266 6691
4281 4768
4286 6592
4286 8622
4290 4328
4294 4683
4294 7722
4295 8591
4296 5542
4299 7720
4308 4349
4318 5915
4325 6678
4326 7680
4332 5703
4336 7594
4340 8149
4341 5774
4349 6963
4368 5041
4375 7424
4381 6155
4389 5101
4391 7227
4397 8667
4399 5103
4401 4717
4408 5862
4408 6426
4408 7996
4413 7865
4414 6485
4416 8037
4421 7953
4427 5196
4433 5395
4436 7407
4437 7745
4437 8769
4441 4767
4441 8137
4441 8395
4447 7375
4457 7142
4457 8728
4465 5440
4470 5363
4475 8843
4477 7433
4479 8405
4482 8426
4485 7755
4494 7905
4495 8615
4495 8757
4497 8736
4500 8660
4506 5441
4514 5480
4517 5697
4525 5732
4527 4876
4532 8432
4537 7416
4544 8105
4546 7418
4547 7265
4547 7276
4547 8226
4550 8446
4558 6991
4561 6469
4564 7172
4565 5918
4569 5588
4571 6586
4575 7631
4579 8386
4587 5918
4590 6996
4591 8099
4591 8145
4601 5211
4604 8841
4622 6864
4623 5990
4625 5798
4627 7676
4630 5932
4651 8861
4652 7467
4656 5066
4660 8063
4661 6792
4665 7342
4667 5761
4667 7324
4672 5112
4684 6098
4687 5227
4689 7345
4690 6380
4693 5319
4695 5926
4696 7788
4698 4797
4702 6505
4720 5442
4720 6598
4731 7898
4732 8775
4739 6351
4750 7396
4759 8550
4760 6311
4764 6387
4766 4973
4769 5688
4769 7287
4773 7048
4776 7264
4777 8385
4780 7767
4782 6617
4783 5486
4784 7310
4788 6272
4799 8559
4800 6554
4805 7152
4807 7262
4812 7873
4813 5390
4816 7950
4820 7826
4821 5688
4825 6917
4828 5395
4830 6252
4831 8631
4836 7427
4839 5992
4839 6735
4840 8028
4841 5597
4842 8309
4845 8138
4846 6782
4859 7606
4861 5324
4885 5271
4890 7458
4899 7637
4901 5959
4903 8582
4908 6664
4908 8520
4916 5825
4917 5664
4920 5293
4923 7662
4924 5085
4924 8846
4930 8327
4932 7485
4940 6071
4941 7602
4949 8005
4953 6582
4953 8833
4955 5909
4958 7420
4959 5964
4969 5948
4974 5540
4974 5929
4976 5446
4978 6512
4983 8176
4984 5231
4988 8732
4989 7950
4992 5521
4995 5988
4999 5691
5003 8038
5006 8490
5007 7140
5007 7429
5019 7335
5025 7843
5028 5652
5037 5460
5038 6866
5039 5595
5039 6927
5042 8057
5043 7254
5050 7415
5051 8141
5052 7861
5053 7393
5056 7058
5056 7112
5058 6330
5059 7871
5064 5343
5065 8349
5066 7502
5074 5800
5076 8687
5077 6727
5077 7613
5080 6094
5086 6432
5091 7528
5093 6317
5103 8508
5108 8079
5114 6524
5119 8621
5124 5589
5127 6045
5127 8420
5131 6562
5131 8281
5141 6173
5141 6554
5142 5981
5144 8729
5145 8326
5147 5602
5148 8309
5163 8437
5164 8184
5165 6341
5166 7687
5167 7180
5178 5623
5181 7573
5183 5335
5185 7452
5186 7923
5198 6529
5200 6019
5201 8038
5205 6538
5210 8253
5211 7441
5216 6071
5222 7480
5225 6552
5231 6379
5232 6516
5241 6490
5241 8354
5242 7134
5244 5745
5249 6157
5251 5752
5258 5555
5258 8075
5266 8349
5272 6744
5273 7377
5290 6804
5293 6683
5304 7622
5306 5801
5312 8833
5314 7514
5315 7441
5322 6930
5327 5648
5335 5780
5343 6792
5346 6707
5360 6047
5362 8156
5368 5597
5370 8671
5372 6597
5390 7798
5398 6056
5399 6057
5407 8099
5410 6588
5412 5438
5426 8372
5427 6608
5434 7217
5436 8723
5437 7621
5444 6920
5450 7149
5456 5817
5456 8821
5459 8187
5460 7389
5461 5805
5468 8458
5470 7470
5472 6069
5485 8437
5497 6293
5498 8043
5503 6791
5511 6304
5524 8410
5529 6032
5529 6316
5530 6399
5532 5552
5550 6453
5551 7481
5555 6652
5556 6152
5566 7355
5575 7172
5576 7444
5582 5679
5588 6080
5589 6106
5597 6708
5600 6078
5604 6100
5606 6347
5618 6373
5620 8438
5624 7770
5627 8786
5629 7523
5630 6195
5649 5762
5649 8737
5651 6197
5655 6483
5655 7576
5664 6451
5664 7076
5669 8344
5670 7946
5674 7138
5675 8501
5681 7406
5685 6018
5686 6773
5689 7008
5694 6289
5700 8709
5702 5713
5710 7741
5714 5975
5714 8016
5719 8596
5722 6971
5731 8092
5731 8703
5732 6679
5743 8708
5744 7819
5745 8090
5748 8865
5769 8565
5781 7669
5781 7688
5801 6099
5815 8674
5816 6766
5823 8769
5827 7025
5852 8770
5872 7765
5874 7309
5875 8606
5876 8643
5880 6424
5882 6390
5883 6295
5891 8354
5904 8232
5911 8309
5913 7419
5915 6912
5915 8650
5920 7207
5921 8418
5927 6905
5931 6434
5948 8045
5950 5992
5963 8151
5968 7717
5970 8272
5973 8709
5975 6420
5977 6886
5985 7974
5987 7622
5991 6968
5991 7617
5993 7136
5996 6190
6007 7702
6008 6050
6011 6285
6015 8304
6021 6254
6022 6204
6046 6086
6053 6098
6054 7437
6058 6944
6064 7610
6066 8066
6078 8759
6086 8570
6089 8540
6112 7136
6133 7626
6145 6214
6148 7266
6152 6410
6155 8554
6166 7752
6180 7197
6182 6935
6187 8216
6192 7439
6194 8167
6195 6266
6199 6292
6199 8708
6216 8178
6223 7340
6226 6433
6230 7347
6236 7820
6248 8528
6254 7989
6257 8765
6264 8800
6271 7706
6272 7269
6285 6829
6294 7393
6332 7265
6333 7925
6346 6627
6358 6632
6368 7150
6375 7011
6375 8093
6380 8135
6389 6634
6396 6932
6404 7275
6404 7724
6414 8609
6414 8667
6423 8796
6424 8303
6431 7977
6437 8322
6437 8379
6446 7501
6452 7866
6458 6782
6470 7800
6480 7767
6486 6503
6490 7392
6499 7779
6499 8159
6509 8296
6515 8121
6524 6837
6532 7019
6533 6804
6535 8811
6549 7300
6556 7260
6557 6688
6558 7656
6578 8663
6582 7570
6591 8131
6601 7067
6609 7791
6613 7464
6619 6837
6632 7249
6658 8601
6660 6821
6681 7305
6692 8007
6693 7241
6693 7682
6715 7347
6743 7439
6752 8085
6757 7691
6765 7875
6770 7733
6775 8635
6814 8734
6815 7480
6838 7216
6847 7048
6915 7083
6926 8320
6940 7879
6942 7906
6944 7791
6953 8556
6957 8778
6984 7378
6985 8750
7002 7028
7003 7710
7004 7082
7006 8501
7014 7353
7057 8333
7068 7499
7069 8493
7077 8380
7085 7810
7092 7704
7093 7255
7100 7686
7103 8263
7106 8534
7107 8331
7109 8023
7115 8880
7125 8062
7128 8000
7129 7911
7129 8209
7135 8628
7142 7818
7163 7663
7169 8547
7178 7733
7191 7777
7197 8846
7208 7929
7228 7563
7235 7852
7240 8439
7241 8723
7251 8599
7300 7821
7303 7991
7304 7355
7304 7551
7307 8417
7312 7984
7329 8007
7342 7982
7344 8854
7347 8374
7352 7606
7374 7387
7388 8732
7390 8638
7406 8293
7407 8575
7412 8276
7428 8679
7444 8228
7459 8499
7464 8072
7483 7680
7489 8278
7541 8260
7544 8319
7549 7962
7550 8418
7568 8474
7571 8138
7573 8598
7590 8046
7615 8153
7620 8425
7645 8017
7669 8211
7684 8491
7703 8177
7777 7797
7779 8623
7790 8425
7802 7827
7835 8072
7929 8343
7960 8391
7962 8065
7966 8349
8030 8155
8033 8488
8037 8615
8062 8626
8065 8771
8084 8769
8109 8308
8111 8826
8137 8875
8156 8863
8214 8328
8307 8352
8377 8839
8382 8479
8409 8789
8489 8497
8526 8661
8558 8655
8805 8855
8889 12353
8889 14904
8891 17215
8892 13583
8896 10634
8898 13122
8902 11070
8904 17531
8907 12203
8908 12549
8909 12090
8909 13287
8910 11771
8910 14565
8911 17218
8918 13299
8922 11919
8928 10229
8928 14327
8929 15634
8935 14561
8938 9237
8943 9773
8946 16113
8946 16574
8949 9439
8951 11709
8954 15471
8955 16375
8959 9318
8959 16105
8959 16770
8963 12193
8972 13201
8972 16210
8973 14058
8974 11838
8974 15525
8974 16311
8975 10794
8980 11973
8981 13461
8985 16474
8985 17732
8987 9570
8989 10260
8989 13626
8994 16638
8995 11195
8998 12072
9001 12248
9001 13295
9002 10753
9002 12682
9007 11990
9009 15561
9010 9660
9010 13163
9012 13650
9015 12203
9017 15128
9019 9875
9020 14428
9022 13749
9023 11852
9026 13473
9026 15485
9032 9377
9034 13984
9038 15773
9039 15857
9041 11691
9041 12321
9044 11804
9045 16682
9055 9710
9055 14882
9056 12930
9056 14047
9060 12819
9061 10109
9061 15689
9063 11004
9063 13665
9064 11773
9065 10546
9069 13369
9071 11918
9082 17479
9085 14862
9086 13110
9088 13996
9089 16060
9093 16158
9093 17080
9095 15197
9098 15515
9099 10189
9099 17014
9102 14055
9103 9184
9103 12765
9103 15285
9104 11112
9106 12967
9111 13634
9112 12851
9113 16265
9115 11632
9120 14252
9120 16990
9122 12988
9122 17006
9123 11188
9123 13919
9125 16165
9126 17662
9128 17386
9130 10030
9131 14182
9133 15188
9134 15609
9137 11576
9137 12936
9137 14563
9138 11427
9138 14005
9139 16874
9140 9415
9140 13533
9150 12141
9150 15105
9150 15277
9151 14875
9155 12968
9155 13282
9156 9346
9156 14149
9157 16175
9159 12584
9160 12345
9162 12861
9163 10502
9165 13373
9165 17733
9166 14440
9166 15937
9166 17194
9171 13313
9172 13123
9174 14167
9174 16026
9175 9772
9179 17569
9180 12706
9181 12811
9181 15617
9181 17435
9183 9816
9184 12252
9185 12829
9186 10269
9186 17256
9186 17448
9192 9982
9194 10198
9194 16762
9197 15117
9200 14089
9202 17691
9203 12435
9205 9670
9205 12009
9213 9601
9213 15161
9213 17737
9215 15146
9215 15258
9216 12939
9216 16545
9222 11078
9223 16330
9229 11798
9234 11487
9236 10893
9237 16492
9238 17248
9239 14733
9241 17625
9243 16902
9244 11839
9245 16015
9246 12540
9248 10952
9248 11366
9250 13287
9252 17583
9254 9341
9255 14418
9258 11298
9259 14217
9259 16784
9261 17050
9266 11442
9268 17527
9271 15598
9273 15299
9277 12545
9279 12157
9279 16525
9280 13449
9282 14756
9285 14648
9289 15858
9293 14646
9296 13133
9299 13573
9303 11330
9303 13968
9304 12016
9310 17180
9311 17680
9316 11167
9320 12745
9325 11679
9330 11079
9330 14027
9333 13455
9335 17112
9338 14021
9341 13089
9341 16342
9341 16972
9345 9608
9345 10107
9347 16722
9349 10515
9350 15847
9354 17111
9355 13851
9356 12223
9359 12283
9364 15487
9366 15761
9370 14885
9371 16585
9372 10308
9372 15147
9372 15374
9374 16720
9375 10696
9375 14323
9379 9454
9383 13683
9384 13594
9391 16320
9392 13182
9394 16720
9396 14686
9403 9623
9403 15425
9404 16243
9409 16478
9414 12796
9414 13757
9415 10939
9416 17208
9417 10460
9419 10515
9423 10098
9425 9774
9427 11209
9428 15629
9429 13060
9432 13566
9433 13020
9434 16374
9436 13630
9439 16854
9440 13516
9441 14380
9445 9658
9445 12293
9445 13525
9447 16363
9454 17554
9455 13776
9455 14379
9456 10307
9456 14256
9459 14375
9461 11464
9462 11383
9471 13652
9471 15092
9475 10465
9475 10952
9475 14447
9475 15015
9477 14210
9478 12627
9478 15236
9479 13365
9481 11144
9484 10447
9484 11321
9489 11460
9493 10409
9495 12375
9496 17688
9498 10056
9499 10161
9500 12108
9504 17516
9507 17666
9518 11202
9520 11272
9520 15041
9520 16066
9522 13226
9528 12783
9532 12566
9537 11972
9537 15112
9538 15197
9540 11506
9541 12929
9541 13939
9541 16930
9543 16511
9544 11987
9544 17156
9551 16348
9552 11402
9552 16512
9557 12472
9560 11766
9561 9816
9561 14604
9562 9673
9563 9860
9563 17009
9567 14709
9568 10119
9574 11533
9574 14618
9576 11218
9578 11861
9583 14702
9586 13814
9586 17443
9587 12191
9587 14352
9588 13646
9592 15605
9595 12812
9601 12728
9602 10257
9603 11036
9605 10931
9613 16724
9619 11737
9620 17068
9622 14250
9624 12429
9626 13032
9631 11453
9635 13810
9636 13206
9636 14813
9636 17481
9642 12048
9642 14433
9644 10255
9648 9902
9650 12491
9651 12511
9655 10459
9656 16308
9657 14385
9657 16015
9664 12751
9667 12226
9674 14959
9675 14071
9677 13272
9681 17676
9685 9906
9686 16844
9688 13150
9691 11049
9691 13901
9694 9813
9699 11827
9699 16417
9700 13468
9708 13294
9709 17732
9711 11244
9711 15729
9716 13237
9716 16126
9717 14961
9720 11175
9721 11263
9723 11838
9723 16967
9728 14103
9729 11515
9732 12015
9741 10469
9742 12800
9746 13989
9750 14858
9755 10957
9756 14888
9758 11592
9758 16444
9762 11106
9763 13454
9764 13453
9764 14729
9764 15103
9767 10078
9767 13676
9777 12705
9784 13876
9784 14102
9784 14530
9785 11160
9786 11948
9790 12625
9794 9967
9794 10154
9794 11084
9794 13924
9797 17090
9798 13269
9800 14092
9801 16858
9803 13261
9803 15405
9807 15063
9809 12376
9811 17355
9814 12380
9815 10279
9815 13164
9815 14664
9816 13322
9818 12099
9820 10771
9821 17452
9822 14942
9823 11102
9827 16925
9829 11634
9829 14783
9831 11300
9832 15946
9834 11737
9837 11514
9840 10687
9840 10856
9841 9978
9842 13002
9842 13942
9843 10582
9846 14911
9847 10881
9847 16371
9848 15002
9849 10735
9849 13239
9851 17235
9852 13964
9856 16530
9858 13065
9865 10771
9866 13362
9867 16048
9869 16586
9872 17198
9873 10207
9879 13835
9886 14624
9888 15207
9889 11908
9889 12986
9893 12948
9893 13607
9894 17210
9895 15697
9896 12676
9899 16866
9901 11282
9902 10890
9902 11111
9904 14075
9905 14851
9907 10764
9907 13724
9908 13096
9909 12372
9909 13283
9909 15907
9909 16127
9910 16153
9911 15291
9917 13207
9917 16059
9918 15932
9918 17557
9920 10407
9921 15128
9922 11002
9924 16062
9931 17276
9934 9954
9934 11010
9936 11383
9938 10176
9939 11743
9939 16268
9944 14709
9944 15072
9947 16142
9948 10359
9952 16498
9953 13394
9959 16316
9961 12829
9964 17179
9967 10668
9967 17447
9968 12292
9971 16467
9973 14310
9975 12196
9976 10991
9976 13219
9978 12560
9982 17660
9983 15055
9986 11496
9989 10289
9991 11610
9991 12880
9994 15743
9997 12969
9997 14357
9997 15656
9999 12759
10000 11445
10000 16039
10001 15403
10003 11613
10004 14981
10005 14246
10006 15032
10009 10671
10009 13404
10014 10751
10018 12110
10023 13576
10026 13191
10027 10254
10029 13675
10029 13699
10031 16191
10032 11313
10033 14038
10034 14502
10035 14606
10037 15759
10039 14136
10042 15928
10043 15549
10046 12685
10046 13872
10048 12065
10049 17506
10054 13755
10057 10493
10059 14278
10059 15552
10060 10578
10062 10124
10063 13978
10071 14044
10073 14020
10077 15018
10077 16883
10078 10590
10079 15724
10081 14801
10089 14091
10093 11301
10094 13283
10094 14176
10095 12470
10098 17632
10099 16038
10107 14977
10107 15434
10109 13467
10109 13502
10111 11845
10115 10564
10118 12511
10126 10193
10127 16757
10131 17328
10132 12410
10137 17190
10143 10242
10145 14554
10147 17757
10150 16154
10154 15997
10156 13889
10156 17468
10165 15083
10172 16332
10179 12506
10188 11243
10189 10898
10190 15947
10196 15425
10198 12479
10198 15002
10201 14582
10205 11471
10206 12020
10207 16001
10209 17309
10213 11142
10213 17273
10216 15504
10218 10814
10218 12063
10221 16846
10225 10804
10225 11244
10232 10528
10232 14817
10233 11829
10238 12829
10241 10567
10242 10618
10242 16833
10244 10994
10244 16930
10245 10923
10247 10803
10250 14625
10255 13116
10259 10799
10262 15433
10264 10659
10268 12903
10272 13831
10274 12647
10276 15595
10282 17351
10284 11385
10284 13197
10289 13414
10294 17334
10296 16115
10298 10551
10305 10942
10306 14994
10307 12263
10307 13901
10307 14981
10311 11136
10311 12815
10312 17485
10316 16839
10317 10331
10318 12315
10322 17078
10330 14360
10331 17403
10335 10517
10337 12116
10340 12779
10345 10491
10350 17349
10355 15450
10356 12876
10356 13437
10357 11643
10360 10924
10360 13544
10360 15452
10364 12976
10366 11519
10366 17300
10370 10500
10370 16034
10371 11584
10374 14314
10374 15024
10378 17709
10381 17279
10384 12714
10387 17076
10390 10803
10390 16472
10399 13708
10404 10758
10411 13228
10411 15196
10427 15550
10433 15342
10437 14607
10439 15111
10440 11585
10443 10983
10446 16466
10447 17677
10448 15139
10452 12517
10453 11357
10453 17695
10454 17762
10455 10951
10462 13145
10465 14179
10465 14669
10466 16341
10468 10725
10469 14567
10472 14150
10478 12107
10481 17143
10483 16499
10485 14725
10486 14451
10491 10586
10492 15663
10500 12994
10500 13345
10504 16827
10516 13879
10530 12492
10533 11563
10535 14970
10540 15691
10552 14037
10553 12765
10557 13014
10559 13769
10562 15594
10567 12755
10574 14621
10576 11293
10576 12929
10580 16352
10584 11434
10594 16555
10596 15349
10597 12172
10598 17011
10601 13206
10603 12086
10603 12857
10605 17715
10609 12668
10611 10738
10613 15018
10616 17615
10619 16220
10620 16027
10621 16359
10621 17694
10622 11088
10624 17496
10625 16962
10635 11973
10637 15261
10639 11354
10645 11213
10646 12272
10648 14845
10649 14282
10652 11548
10655 12373
10656 17012
10659 16511
10661 16085
10662 16940
10668 11417
10669 16811
10675 12050
10675 12091
10680 12894
10681 12983
10681 16342
10686 14582
10688 12724
10689 16909
10695 16758
10695 17295
10695 17596
10697 12525
10697 16295
10700 16950
10702 17537
10704 17429
10707 11273
10707 17025
10709 14165
10709 14545
10710 14482
10716 15849
10721 12186
10724 14962
10724 16750
10725 15644
10726 12241
10728 12244
10730 15371
10734 13135
10734 15922
10735 16236
10735 16372
10738 11797
10738 16127
10741 16302
10744 12527
10747 17381
10749 15057
10752 13724
10755 16314
10759 17280
10760 15523
10761 17661
10770 15885
10771 14583
10773 11459
10773 14216
10775 11327
10781 10941
10781 15779
10785 15795
10786 11767
10786 15617
10787 16575
10790 14877
10793 15685
10794 16180
10796 11764
10796 13137
10797 12830
10799 10960
10800 12299
10800 15783
10801 15780
10801 17124
10802 17583
10803 11262
10804 12898
10804 14200
10804 16091
10805 11173
10807 11558
10807 15740
10819 15168
10820 13107
10821 14980
10823 12672
10825 13148
10828 13693
10828 15094
10830 13512
10831 14261
10832 17682
10834 12400
10839 15169
10843 12605
10844 14736
10845 14252
10845 16700
10851 15916
10852 15355
10852 16939
10860 15582
10863 15235
10868 13735
10870 14488
10871 17396
10873 16217
10877 16476
10878 11077
10881 12030
10881 14614
10882 12308
10889 15285
10889 16120
10891 16993
10894 16760
10898 13004
10898 15706
10898 16941
10899 12425
10902 11795
10908 12540
10908 14209
10908 17033
10913 15278
10914 16458
10914 16827
10914 17144
10916 14224
10917 11720
10921 12514
10926 13069
10926 17458
10930 11515
10930 16031
10939 12408
10939 15736
10940 15771
10942 12279
10943 14872
10947 14161
10951 15754
10953 15039
10958 12444
10959 13120
10959 15961
10960 15436
10962 14485
10965 17544
10967 15078
10973 13317
10974 13670
10981 17604
10982 14181
10984 13062
10987 13388
10988 16959
10990 11907
10992 14950
10992 15596
10992 17181
10993 15248
10994 14927
10995 11769
10997 16287
10998 13828
11000 17144
11001 13040
11004 15722
11005 14529
11006 12974
11007 14971
11011 15364
11014 13802
11017 12689
11023 12770
11023 12850
11023 13940
11024 15984
11026 15373
11030 16281
11034 15646
11040 12973
11040 16721
11046 16582
11047 12021
11048 11399
11050 16987
11051 11817
11052 17750
11058 13272
11059 11103
11059 14500
11060 16046
11061 13574
11063 12409
11063 13911
11068 16023
11072 12492
11075 15508
11079 15196
11083 16284
11084 14921
11087 15185
11088 14781
11092 16678
11097 11465
11099 11741
11100 16784
11101 15574
11104 17462
11107 12416
11111 13168
11112 12226
11117 17033
11123 15580
11124 15610
11125 13492
11130 14072
11130 15332
11133 15475
11137 12039
11140 17188
11141 11322
11143 15475
11145 15902
11146 14096
11153 12246
11157 16990
11160 14196
11160 15869
11161 13509
11163 16909
11166 13029
11173 13018
11177 16652
11181 16334
11184 15571
11189 14584
11197 14056
11197 17568
11200 15466
11201 15508
11203 16769
11208 13929
11210 11912
11211 14898
11212 16788
11217 16179
11220 12281
11223 15291
11223 16684
11224 14318
11226 15353
11227 17685
11228 15635
11231 16602
11236 11828
11236 12105
11240 11962
11240 16768
11249 11317
11256 14072
11257 17085
11263 14114
11263 14985
11263 17272
11270 15690
11270 16346
11274 15734
11279 16752
11288 11351
11288 14994
11295 11425
11304 16912
11305 14652
11308 15858
11311 15425
11313 17104
11317 13156
11321 16754
11323 16084
11324 16791
11326 11938
11327 12452
11331 13014
11332 16806
11337 17218
11338 15739
11344 12366
11345 12193
11345 15100
11346 16834
11346 17028
11347 11591
11348 16818
11351 15774
11352 11404
11353 15068
11354 16854
11356 17072
11358 17056
11360 13246
11361 11664
11361 12533
11369 14882
11369 17339
11369 17592
11370 14516
11371 12091
11371 15396
11372 15799
11375 12331
11377 16730
11378 16070
11384 15999
11388 15305
11393 14818
11394 16552
11399 13039
11399 15058
11407 16416
11410 13609
11418 12938
11418 14736
11420 12743
11421 13164
11421 16792
11430 17622
11431 12502
11443 11945
11444 13343
11447 16389
11451 14341
11456 16895
11458 13337
11460 15012
11464 17323
11464 17382
11464 17719
11468 16438
11470 12602
11470 15813
11472 14908
11473 15837
11474 13032
11476 12789
11477 13190
11478 14994
11479 15985
11486 15896
11495 13090
11499 13434
11502 13037
11502 16186
11502 16461
11506 15455
11511 17137
11515 12676
11517 12920
11518 17396
11523 12691
11525 11892
11526 12236
11526 13694
11526 13889
11526 15417
11527 14330
11531 12536
11533 12769
11534 12239
11536 13642
11545 12293
11546 12106
11553 11793
11558 14277
11560 16463
11564 11687
11565 16025
11569 17585
11570 14140
11574 17436
11578 12987
11578 13067
11579 15109
11582 14875
11589 14096
11590 15602
11592 17577
11593 13987
11594 17620
11595 15837
11602 12018
11602 13553
11602 15445
11606 12453
11606 16122
11608 11626
11613 11978
11627 14604
11628 15942
11629 16042
11637 14007
11639 14238
11648 13771
11648 15042
11650 12995
11653 15449
11655 11836
11661 16844
11663 16630
11664 14018
11664 14325
11665 13060
11676 15849
11678 15595
11678 17212
11686 17629
11689 11988
11690 14959
11691 16735
11691 17196
11700 11882
11701 14067
11705 14072
11712 16376
11715 17012
11720 16180
11738 15686
11739 12775
11741 12233
11745 13121
11746 12088
11746 16416
11748 12491
11752 12781
11757 14803
11764 14615
11766 13231
11766 16850
11772 14904
11773 12581
11774 14370
11778 12085
11778 14659
11780 16844
11788 14586
11789 13100
11793 16953
11797 13787
11797 15377
11797 15768
11800 16833
11810 13208
11813 15659
11818 15709
11820 16591
11822 13567
11822 17161
11826 15397
11832 12631
11833 12866
11837 15702
11840 13330
11849 13889
11850 12212
11852 16041
11853 17577
11857 13747
11858 12381
11860 13291
11861 14291
11864 14852
11869 15884
11870 15827
11879 15183
11882 15412
11885 12621
11887 13469
11891 13382
11894 16015
11896 14932
11901 12350
11902 14601
11909 16255
11911 13110
11912 11922
11914 15877
11920 14801
11923 16471
11925 14059
11926 17017
11930 13904
11931 12438
11934 15473
11935 13619
11945 15218
11947 13523
11950 13606
11951 13160
11955 16123
11975 15662
11977 15499
11979 14204
11982 13684
11988 13385
11988 14782
11989 14140
11994 12286
11997 12154
12002 13020
12002 13260
12002 14342
12005 13910
12016 15194
12018 12947
12020 14974
12020 15815
12020 16580
12026 15120
12036 13680
12039 17623
12051 14931
12053 16636
12053 16878
12053 17719
12058 12110
12061 13893
12063 17353
12070 13724
12071 16375
12073 13343
12081 16438
12081 17592
12083 17686
12085 15543
12088 15314
12097 17696
12099 16820
12101 14096
12101 15089
12105 15348
12111 15695
12119 15172
12121 14522
12125 15291
12132 12980
12135 14006
12135 15429
12136 14929
12137 17063
12140 14442
12140 15720
12140 17481
12148 15674
12148 16567
12149 16965
12152 15838
12153 12449
12156 14909
12157 16274
12163 16778
12173 12410
12174 12553
12174 15207
12177 13771
12179 13283
12180 16609
12184 14838
12204 14405
12205 13982
12208 13961
12212 14142
12212 14988
12215 14457
12215 14955
12217 12345
12217 16853
12218 17000
12220 16949
12224 14073
12227 13901
12227 15315
12228 15975
12230 15189
12233 15495
12237 15592
12240 12547
12241 12863
12241 15730
12249 12930
12249 16296
12252 12975
12255 16604
12256 16850
12259 13610
12264 14353
12267 14633
12276 15848
12279 15782
12282 12300
12284 14874
12285 17762
12291 15264
12296 13144
12298 15396
12300 16258
12304 15148
12304 15956
12308 12862
12309 15843
12309 16629
12311 12540
12316 14433
12316 16713
12321 12977
12325 17590
12328 13770
12329 13649
12333 14821
12338 12871
12342 14587
12342 16957
12344 17358
12345 13516
12347 13198
12350 17127
12352 13440
12357 17575
12365 12795
12367 15051
12368 12629
12376 15597
12381 14946
12382 17029
12382 17125
12384 12495
12394 16839
12397 16150
12405 12807
12413 14395
12419 17582
12420 17584
12422 14271
12422 14975
12425 15775
12427 17655
12432 15470
12434 13772
12436 16976
12440 12857
12440 15394
12440 17597
12445 14738
12446 17364
12447 14792
12458 13782
12464 12496
12465 12848
12467 16930
12471 15788
12473 15216
12474 16058
12477 13545
12479 13307
12482 15263
12488 16113
12489 17666
12496 13847
12499 14896
12501 16163
12509 13867
12510 13775
12510 15286
12515 12970
12515 17029
12519 13287
12520 16581
12524 17041
12528 13944
12529 12814
12532 13905
12535 17094
12536 14906
12537 12726
12540 13005
12540 16027
12545 16893
12552 14698
12552 16741
12557 16875
12557 17531
12564 12845
12568 13704
12568 16403
12569 17119
12580 15617
12580 17127
12582 14293
12587 13913
12591 12676
12601 16477
12608 16836
12619 14536
12622 13404
12629 17536
12629 17690
12630 16815
12637 17664
12639 15897
12649 14818
12651 15894
12653 16324
12663 13033
12665 13279
12666 13689
12667 16380
12669 17406
12679 14386
12679 15428
12681 13465
12681 14200
12681 14531
12684 12808
12686 17255
12689 13365
12689 16138
12699 13182
12704 13249
12705 15522
12705 16255
12712 14861
12713 13647
12719 16017
12720 13139
12720 14980
12722 13106
12722 13762
12728 16166
12732 17660
12735 16707
12738 15734
12744 16595
12746 12850
12746 16831
12746 17377
12751 17611
12756 16686
12756 17668
12759 15501
12764 13770
12765 17723
12766 14852
12771 12936
12772 13837
12777 17561
12782 16653
12785 17179
12787 16176
12788 13062
12788 17336
12790 13504
12792 14541
12794 14048
12800 14947
12802 14448
12806 17605
12811 17190
12811 17735
12812 17671
12815 17353
12818 15054
12820 14282
12824 15377
12830 15520
12833 13465
12834 17663
12836 17494
12841 13575
12845 15475
12846 16270
12850 17099
12852 16262
12855 16456
12856 13333
12856 15772
12861 17265
12862 17742
12867 17469
12868 15275
12873 14896
12873 17393
12874 14028
12875 13196
12879 12979
12881 14040
12885 14218
12886 17479
12888 16479
12888 17223
12893 15056
12894 17242
12895 14017
12895 17316
12896 15841
12898 15848
12898 16056
12905 12974
12908 15856
12913 13740
12913 16509
12917 15923
12919 14277
12923 15154
12925 14644
12945 17223
12947 16355
12950 13315
12972 16040
12974 13777
12976 15459
12976 17739
12979 14698
12979 16899
12985 13151
12991 17565
12994 15758
12995 14223
12997 16378
12998 16332
13005 13478
13007 15175
13007 15380
13011 15057
13015 17162
13016 16794
13030 15728
13033 15124
13038 16802
13043 16098
13050 15319
13050 16673
13053 13433
13053 16141
13054 16190
13055 15177
13056 13916
13058 16917
13063 13391
13065 16605
13074 15388
13075 13168
13078 13561
13078 16093
13079 15549
13090 15191
13092 13827
13097 16714
13099 16932
13099 17404
13104 16882
13105 13894
13108 16045
13119 13706
13121 15197
13124 13483
13128 14607
13129 13678
13130 17118
13132 14964
13132 16274
13149 13587
13153 14269
13154 14222
13155 16909
13156 14389
13165 13197
13165 16961
13170 15887
13170 17281
13175 15306
13176 14563
13180 15922
13197 17754
13199 17217
13213 13601
13217 17657
13218 16365
13221 13912
13222 14006
13225 15875
13225 16071
13230 17757
13231 14053
13234 17103
13240 13888
13240 16676
13255 17104
13256 15848
13256 16985
13258 15179
13261 16652
13263 14119
13266 16181
13278 14864
13278 15992
13285 16644
13291 17358
13293 13649
13295 16164
13302 15311
13308 13849
13313 14751
13324 14763
13328 16901
13331 13973
13338 15073
13348 14591
13354 14536
13354 16477
13356 17209
13359 15075
13369 15564
13372 16177
13373 13539
13376 15234
13382 14123
13382 16860
13385 16333
13394 16130
13419 14117
13421 13545
13428 15619
13429 15442
13437 14762
13438 13504
13440 17456
13443 13979
13443 16881
13456 17724
13461 15066
13462 15823
13465 13916
13468 17352
13470 14667
13473 16577
13482 15512
13486 17432
13489 14793
13498 14084
13498 14093
13498 15688
13499 13978
13512 14386
13528 15735
13544 15260
13557 15880
13560 14480
13568 15605
13572 13616
13585 15747
13598 14397
13598 15847
13607 14610
13610 15937
13610 16582
13612 15799
13613 14707
13618 14631
13619 16308
13627 14954
13628 15219
13641 17759
13642 14590
13646 13653
13655 17245
13665 14026
13667 14716
13669 17289
13672 17308
13673 14380
13675 16344
13681 15007
13688 15995
13695 16279
13700 17497
13707 17181
13718 15881
13719 15021
13726 14590
13730 17183
13733 17107
13739 13930
13760 16502
13762 17025
13766 16144
13771 14214
13778 15471
13786 14035
13796 16371
13804 13987
13805 14770
13808 15814
13811 15693
13812 15406
13817 15079
13821 15564
13827 16064
13829 17608
13836 14198
13851 15589
13863 14141
13865 14847
13871 14215
13872 17553
13876 15731
13881 16684
13886 14957
13899 17265
13914 16746
13914 16764
13915 14872
13926 14990
13929 14681
13932 14832
13932 17304
13933 15056
13934 17391
13948 15968
13953 14654
13964 17419
13965 17447
13972 15773
13976 15287
13979 14185
13984 17075
13987 16566
13989 15138
14008 14583
14009 16532
14010 15269
14013 14666
14013 17356
14031 14882
14031 17240
14035 15622
14037 17111
14038 15515
14043 17482
14045 14721
14045 16226
14048 16102
14059 17436
14067 14344
14069 15326
14071 14470
14073 15110
14075 15509
14075 15620
14075 16445
14081 15409
14091 15076
14097 17268
14102 16194
14105 16815
14115 16718
14132 15258
14137 14772
14147 15935
14150 16302
14150 17558
14162 15884
14164 15586
14164 16890
14179 15007
14183 14903
14196 14592
14210 17501
14212 16891
14213 15550
14218 15953
14218 16327
14218 16807
14223 17030
14226 16146
14246 15029
14250 17516
14255 15011
14259 15613
14261 16525
14271 16993
14303 16257
14306 15271
14306 17364
14311 17582
14315 15558
14322 16781
14322 16845
14323 17568
14326 14580
14327 14823
14327 15533
14334 14753
14335 15890
14367 15694
14368 15692
14374 16121
14384 16191
14394 14999
14402 15965
14403 14784
14403 15826
14404 16567
14407 16979
14411 14793
14411 16049
14412 15025
14430 15533
14444 16027
14444 16923
14453 17743
14456 17626
14457 14558
14459 16905
14461 15443
14461 16591
14471 16017
14481 16166
14482 15535
14484 17247
14490 17468
14498 17096
14500 17403
14504 15156
14504 16644
14515 17038
14516 16806
14527 15753
14530 17703
14531 15497
14532 17613
14534 17200
14551 16584
14561 17592
14567 17122
14571 15938
14572 17071
14579 15088
14593 14764
14596 16261
14605 16541
14609 16813
14614 16313
14622 17286
14628 15164
14628 15236
14630 15307
14635 16408
14642 14888
14648 15535
14654 15893
14660 14834
14661 16267
14671 17684
14683 16455
14688 16583
14689 16041
14691 16455
14704 16072
14704 17374
14706 16819
14708 16038
14708 17019
14733 15088
14740 17506
14755 15068
14757 16840
14758 15943
14766 17261
14777 15621
14777 16851
14788 15823
14804 15066
14806 16757
14815 15990
14816 17473
14832 17658
14839 15464
14839 16160
14844 15008
14848 15226
14883 16455
14884 17390
14887 15910
14887 17705
14900 15677
14918 15655
14933 15079
14933 16598
14940 16156
14942 15751
14947 17154
14949 15625
14958 15224
14962 15765
14980 16225
14983 17659
14990 16213
14995 15214
15002 15707
15010 15266
15021 16044
15024 15896
15026 16723
15029 16819
15039 15198
15041 16785
15043 16806
15047 15355
15055 17425
15062 17629
15065 16611
15077 15582
15083 16177
15086 16407
15095 15159
15095 16943
15099 16777
15103 16825
15142 15248
15142 15629
15143 15614
15144 17301
15152 15522
15153 15190
15158 16856
15183 15531
15183 15832
15191 16596
15195 17634
15207 15484
15209 17250
15214 15590
15219 16138
15220 15487
15221 16887
15224 16771
15249 16881
15250 15886
15255 17293
15256 17063
15260 17221
15261 15291
15264 17088
15271 17435
15273 16311
15273 17032
15275 16360
15275 17146
15279 17455
15285 17722
15295 16950
15311 17185
15312 17078
15314 15392
15322 15402
15325 16958
15327 15557
15333 16538
15353 15784
15355 16768
15356 15428
15357 16949
15372 15723
15379 15980
15407 15890
15407 15982
15407 16502
15409 15633
15428 16699
15441 15802
15447 17316
15449 17695
15453 16630
15455 15674
15455 16107
15457 17614
15483 16582
15490 17222
15494 17176
15497 16086
15500 16427
15507 17552
15512 16602
15514 16028
15531 16499
15532 17392
15539 15854
15539 16211
15544 16466
15553 16449
15557 16241
15582 16479
15585 16641
15592 17108
15598 17236
15600 16540
15603 15648
15605 17560
15606 15792
15610 15785
15612 17155
15633 17482
15635 16826
15639 16502
15641 15866
15641 15974
15646 15915
15655 15869
15658 17383
15662 17340
15682 17678
15695 16686
15714 16687
15740 15920
15750 16680
15758 17018
15759 17340
15760 16016
15766 17117
15766 17270
15788 17588
15790 16945
15796 16106
15815 15848
15834 16994
15836 17310
15837 16711
15839 16482
15848 17386
15852 16651
15856 16583
15860 16902
15874 16034
15889 17028
15891 17614
15893 16493
15900 16859
15914 16061
15933 16723
15934 17210
15936 17104
15941 16010
15950 17290
15958 16239
15968 16631
15992 17192
15996 16272
16023 17580
16024 17191
16027 16304
16029 16347
16029 16910
16041 16399
16045 16250
16056 16471
16061 16327
16063 17320
16079 17117
16079 17744
16083 16961
16108 16686
16111 17335
16113 17649
16115 16967
16122 16644
16133 16389
16139 17635
16147 16911
16148 17301
16154 17734
16159 16503
16160 16946
16173 17497
16177 16630
16179 16514
16186 17396
16190 16795
16200 16276
16210 16465
16225 16504
16242 17668
16247 16537
16256 16786
16259 16818
16267 16950
16271 16745
16277 16418
16280 16303
16283 17391
16293 17474
16308 17520
16329 16960
16350 16619
16352 17548
16367 16751
16369 17390
16373 16627
16379 16594
16414 17368
16424 17499
16440 16660
16442 16877
16452 16460
16491 16514
16507 17084
16507 17539
16517 17434
16570 17296
16597 17373
16639 17106
16642 17632
16648 17422
16661 17743
16663 17335
16677 17742
16691 17693
16748 17643
16778 17488
16792 17216
16801 17556
16806 17251
16827 17704
16859 17495
16875 17023
16927 17490
16953 17068
16965 17234
17019 17730
17021 17714
17036 17156
17172 17376
17174 17411
17204 17401
17223 17361
17226 17514
17248 17547
17287 17463
17323 17646
17344 17518
17426 17604
17462 17652
17517 17603
17768 22733
17789 24860
17832 18211
17832 20256
17837 18048
17844 20289
17850 19271
17867 20060
17868 19131
17869 20618
17899 19525
17900 20631
17901 18868
17907 19636
17912 18315
17919 19417
17919 20373
17923 17942
17926 18744
17928 19631
17939 20524
17939 20772
17940 20442
17965 19074
17965 19915
17969 20250
17974 19304
17978 20162
17992 18442
17995 19873
18001 19316
18001 20493
18009 20490
18028 18643
18029 19049
18029 19647
18030 19878
18047 20775
18048 20453
18069 19092
18081 20480
18083 19505
18084 18812
18084 18832
18098 18523
18099 19715
18102 20217
18102 20779
18107 20706
18120 18761
18123 18723
18143 20766
18144 18603
18144 19216
18153 19891
18161 20158
18165 19399
18167 18382
18180 18536
18192 18986
18203 20039
18212 20113
18231 19131
18232 19681
18232 20542
18244 19206
18249 19962
18258 20698
18270 20404
18270 20801
18282 19151
18287 19939
18297 18950
18330 19600
18342 19877
18343 19293
18348 19643
18352 18651
18361 18615
18368 20187
18374 18402
18377 20662
18393 18864
18398 18505
18407 18433
18408 18720
18413 20714
18414 18795
18416 18554
18416 19490
18419 19709
18425 19970
18426 20198
18430 19274
18446 20507
18460 18997
18465 19170
18469 18886
18477 19820
18479 19324
18481 20520
18488 20535
18497 19460
18556 18557
18562 19041
18580 18756
18580 19206
18583 19593
18591 18778
18602 19826
18603 20763
18608 18655
18617 19624
18621 20714
18641 20331
18644 18852
18647 19618
18651 20685
18656 20391
18670 20267
18685 19919
18692 18743
18699 19669
18700 20201
18706 19602
18706 20086
18711 19159
18713 18992
18741 20373
18754 20325
18773 20184
18777 19376
18789 19326
18792 20459
18795 20306
18831 19600
18834 18916
18851 19470
18870 19143
18890 20465
18892 18900
18895 18915
18895 19297
18926 19143
18929 19756
18935 20533
18944 20505
18946 20357
18957 20378
18962 19319
18979 19945
18980 19887
18985 20399
18985 20555
18989 19885
19016 20675
19034 19190
19040 19346
19052 20376
19060 20458
19088 19914
19088 20003
19092 20098
19108 20571
19120 20682
19142 20725
19156 20660
19157 19925
19171 19717
19206 19857
19219 20239
19225 20664
19234 19243
19240 19287
19241 20119
19262 20547
19272 19315
19282 19683
19306 19626
19307 19500
19316 19923
19326 19951
19339 19818
19355 20640
19359 20645
19370 19431
19384 19544
19387 19560
19395 20597
19396 20064
19424 19466
19481 20107
19484 19868
19490 19593
19492 20459
19493 19969
19532 19844
19560 19697
19567 19995
19577 20503
19580 20453
19600 20794
19610 20738
19614 20781
19617 19888
19632 20599
19644 20492
19647 20279
19676 20498
19677 19701
19690 19769
19692 20428
19715 20400
19736 20595
19740 20170
19758 20390
19787 19813
19889 20385
19913 20210
19914 20541
19949 20713
20029 20460
20073 20796
20097 20265
20113 20631
20113 20741
20135 20397
20135 20650
20149 20337
20159 20772
20190 20420
20220 20749
20279 20738
20299 20755
20308 20467
20313 20466
20319 20529
20353 20747
20471 20518
20516 20578
20676 20770
20728 20745
20820 23562
20838 21701
20839 23319
20843 22226
20852 22024
20855 22465
20856 22898
20875 21965
20875 22330
20877 21589
20883 21412
20887 21414
20890 24026
20893 21808
20893 23259
20893 24094
20895 21247
20902 21847
20908 22225
20908 23591
20917 22830
20917 24760
20919 24237
20920 24300
20930 22940
20933 22345
20940 24151
20958 24803
20959 21327
20959 22155
20972 21552
21005 22297
21010 23719
21025 24859
21032 22727
21034 24122
21061 22279
21074 22370
21080 22209
21081 23451
21092 21562
21098 21794
21103 24110
21132 21621
21134 21948
21142 21596
21143 21703
21163 21760
21169 22911
21174 22120
21174 22427
21184 24660
21188 22511
21190 24907
21212 22368
21212 22836
21226 23600
21235 22538
21237 21460
21270 23382
21276 23951
21283 24479
21302 22058
21309 22103
21327 23731
21343 21662
21355 24025
21362 21413
21362 22517
21368 23649
21381 22181
21387 24585
21404 23625
21407 21623
21415 21493
21419 22116
21421 21948
21427 23242
21455 24545
21457 22894
21467 21791
21483 23621
21490 23042
21491 23114
21493 22867
21507 23199
21510 21871
21510 24653
21519 24911
21540 24655
21561 21667
21562 23652
21584 21936
21596 24099
21605 22006
21621 21880
21621 23996
21623 22409
21623 24337
21625 24285
21626 21916
21631 22986
21640 24236
21647 24059
21651 22672
21672 23546
21691 23110
21694 24930
21696 24531
21701 24513
21712 23246
21713 21725
21714 23775
21716 23218
21718 24523
21718 24838
21730 22674
21731 21772
21732 22353
21736 21879
21736 23380
21774 21969
21774 23312
21779 22401
21788 22849
21814 23737
21831 24881
21838 23216
21851 22634
21873 23895
21914 22327
21961 21970
21966 23009
21968 23772
21979 24526
21986 23629
21996 22012
21997 23638
22002 24433
22014 22280
22019 22606
22021 24926
22042 23591
22058 22662
22073 23097
22077 22461
22092 24646
22095 24645
22097 22987
22103 24582
22107 24679
22117 24988
22119 24847
22125 24236
22129 24297
22137 23269
22168 24633
22189 24878
22202 24095
22230 23228
22260 23105
22261 23218
22268 24107
22276 23806
22279 24833
22284 22685
22286 24441
22295 24754
22304 24044
22319 22736
22336 25010
22341 24358
22371 24629
22378 22637
22378 23445
22397 23128
22401 24147
22409 25004
22420 23441
22430 24996
22431 22463
22432 23634
22437 24236
22439 23686
22458 22554
22544 23103
22558 24000
22558 24399
22563 24044
22609 24804
22611 24891
22618 23811
22671 24685
22703 24306
22704 23321
22706 24298
22750 24849
22755 22857
22762 22868
22763 23127
22790 24305
22793 24096
22802 24994
22815 23703
22849 24685
22859 23266
22865 24306
22897 24594
22898 24641
22902 24328
22902 24345
22903 24766
22907 24279
22907 24994
22938 23217
22974 24554
23001 23979
23011 23395
23039 24207
23041 23266
23049 24633
23082 23603
23117 23599
23119 23828
23157 24611
23171 24199
23209 24282
23211 23261
23211 23511
23229 24058
23247 24831
23272 23754
23299 23492
23317 24195
23320 24322
23379 24799
23383 24050
23404 24973
23405 24247
23405 24545
23409 24401
23414 23684
23414 24494
23416 24260
23418 24976
23460 24358
23475 24978
23475 24985
23476 24945
23515 23738
23536 23642
23601 23998
23624 24063
23654 24246
23686 24233
23689 23911
23713 24345
23717 24741
23727 24554
23737 24450
23761 24838
23766 24786
23770 24780
23802 24781
23864 24234
23866 24325
23867 24109
23920 24554
23923 24457
23959 24741
23961 24435
23979 24304
24024 24636
24068 24086
24193 24204
24254 24598
24318 24887
24338 24926
24388 24831
24406 24500
24406 24518
24486 24542
24500 24511
24509 24874
24511 24877
24545 24945
24636 24781
