5000
5 12572
7 4389
7 4489
7 10423
7 24840
8 1281
8 10186
11 19799
15 18799
15 23745
16 3440
22 3520
22 10203
27 25156
29 2695
33 17042
36 21167
38 10876
41 2621
41 24030
52 21816
54 21558
61 2111
61 17841
72 1279
77 10491
78 13229
83 480
83 22640
88 15746
94 18575
94 25600
95 8234
98 25540
103 12361
105 9060
110 5041
110 7578
111 13715
113 3221
114 3312
116 4043
123 14994
125 10154
126 23431
128 2723
128 12845
130 9812
131 18033
131 21524
133 595
139 12236
141 14068
142 980
142 21491
143 8272
144 9022
147 2996
148 24647
152 5933
154 17343
155 22605
156 26265
158 17685
166 11461
168 11712
168 22033
168 22580
170 22068
193 3751
197 10520
197 20545
200 2350
202 772
204 25634
211 1979
216 15934
217 8314
218 1569
221 10855
221 15564
223 21936
224 7690
234 22346
238 966
238 1267
239 3905
240 10387
245 17233
245 21479
247 1134
247 1915
247 6358
247 13895
251 26309
252 6326
257 7423
265 9465
265 26279
270 25771
272 5510
272 7286
274 22782
278 3644
278 7208
280 3719
280 10036
280 24165
281 1430
281 9814
289 20078
291 3659
296 14532
297 7677
299 24253
302 11643
305 5321
307 13404
316 23344
317 4184
318 20645
323 12753
323 25817
324 17676
325 8173
330 15564
332 14240
332 15829
334 23219
337 10004
340 2230
340 8141
341 2731
343 4781
348 2726
348 7598
350 17416
351 23687
352 10686
352 17034
352 19860
354 18244
355 18266
359 11713
360 2106
361 10947
362 9933
363 4358
363 11380
366 1338
366 16675
373 17386
374 6545
374 24165
376 15333
377 20526
377 24895
385 22450
390 1307
390 2377
390 4860
390 8772
393 8213
393 13867
395 26009
397 14019
397 25494
400 24989
412 3104
412 3182
413 2021
415 20144
420 5447
429 2189
433 15881
444 19459
448 16801
449 11864
450 21421
452 750
452 12400
453 13404
453 14319
455 12058
459 23928
460 18673
461 11295
468 9023
468 24205
469 15374
469 21339
470 4507
470 16521
471 22030
473 8909
473 12055
474 12201
474 21705
475 14230
481 3323
481 12022
481 22601
485 13615
486 1334
486 7872
491 8954
491 18815
496 22633
498 9266
504 5457
512 3086
513 7013
513 12952
515 26166
516 6219
517 14117
519 25008
521 18723
526 20816
530 19242
532 24909
534 10761
535 5465
538 1960
538 11851
538 22278
538 24647
542 22155
544 2715
544 25431
546 10887
546 24827
547 19744
548 20002
548 23905
549 6403
549 17751
554 7982
555 8007
556 742
556 14011
556 24053
557 18741
561 8951
563 13043
566 9467
569 3036
578 17845
579 4115
579 16956
581 15895
587 24773
590 4738
591 19734
596 3473
600 19394
605 6982
608 8490
608 9180
609 23579
610 3452
611 7878
616 4903
618 5310
618 7560
620 3323
622 1299
622 2017
622 22208
623 19216
623 25211
624 11592
625 2050
625 22243
631 19826
632 12432
633 19734
633 24397
634 2127
634 5153
636 12389
639 4766
647 14791
648 5196
665 9624
665 18128
666 12612
666 18672
672 4601
672 15826
676 6137
678 7963
679 16146
681 6137
686 2917
690 2046
692 2098
694 1338
694 4293
699 22301
702 21047
704 18086
706 6597
706 26270
707 14243
708 12410
714 2791
716 23368
721 25527
735 2809
736 5494
736 16412
737 3808
738 5257
738 9437
738 11486
739 19344
740 21793
742 15103
744 5309
751 6818
754 4543
765 13335
765 24740
767 7666
767 19173
769 13940
771 2863
771 9799
777 1617
777 12627
782 9725
785 19849
787 26330
792 3703
792 15996
794 12425
798 8306
798 15390
801 16474
802 10275
805 11356
810 3975
814 8019
816 6065
816 11085
821 16918
830 10850
832 10472
832 11678
832 21238
835 15725
837 17936
838 6669
838 7739
839 996
841 22628
852 8909
853 22302
854 25525
858 21066
862 15105
862 25841
869 10952
869 19543
870 13070
870 20308
872 6535
872 22502
873 17483
873 22798
876 26264
880 4347
884 3960
884 16449
888 13148
888 25340
893 1488
896 8400
896 17685
898 6325
899 4255
903 10743
905 20639
912 18139
914 12045
914 19387
914 24480
920 22044
920 23289
922 20500
923 15902
925 18248
930 13864
931 22456
937 7536
938 992
938 25688
940 2048
940 26351
946 10885
946 19064
949 4854
954 12209
954 23219
955 15792
963 1849
963 4288
965 22195
965 23704
966 13745
969 15567
969 18453
970 20228
971 8974
971 19471
976 3649
977 6074
979 5224
983 19457
985 21637
989 8282
992 1649
994 23436
997 18452
998 2621
999 21231
1011 6633
1013 7368
1016 23160
1019 3816
1020 11664
1021 14034
1023 24642
1024 8927
1026 11989
1028 8767
1029 7084
1033 7428
1042 21256
1043 2967
1043 21573
1045 10007
1045 25572
1049 13282
1053 12148
1054 21350
1055 13631
1066 2171
1066 16709
1071 13344
1073 11736
1074 14052
1076 13088
1077 8983
1092 15949
1092 26432
1096 17024
1098 21666
1098 22830
1098 23709
1106 24733
1108 5457
1129 23099
1130 11017
1132 7291
1132 18141
1133 4714
1138 16774
1139 18782
1141 17533
1143 23115
1150 26360
1152 13942
1154 13249
1157 11549
1159 25276
1160 18934
1164 13999
1168 10605
1170 21629
1171 2074
1171 21016
1179 9485
1179 16048
1180 7777
1183 2050
1189 7067
1191 8086
1191 10810
1192 10418
1196 8431
1196 22894
1197 17902
1199 8141
1203 22478
1205 5440
1207 1881
1207 4587
1207 22967
1208 11323
1215 12777
1215 14365
1218 13634
1220 2840
1221 25068
1222 10789
1223 25358
1225 2193
1228 3821
1228 4588
1228 4876
1229 4027
1229 5235
1242 10272
1243 2884
1243 11125
1248 5406
1248 11596
1251 24647
1255 1427
1255 4711
1255 21580
1256 6165
1258 16501
1259 15991
1259 22966
1265 19305
1265 19425
1266 14723
1267 17978
1268 4442
1269 2715
1269 9441
1271 10819
1271 21124
1273 7848
1276 17333
1283 14758
1291 22249
1301 7356
1302 5689
1302 16319
1303 16535
1309 21585
1310 6412
1310 23672
1310 26058
1316 8221
1317 21808
1320 7278
1324 10049
1325 8385
1327 1891
1331 16531
1334 1455
1334 11967
1336 14614
1337 5913
1337 7894
1337 12547
1341 18724
1342 2376
1342 26204
1344 17275
1345 5175
1347 6209
1349 4607
1355 8096
1375 21396
1376 24357
1377 3299
1385 8488
1385 21413
1387 22534
1395 13431
1396 3897
1396 12296
1396 19554
1396 23112
1404 13091
1405 22629
1406 21577
1407 9004
1407 17096
1408 10887
1408 12295
1412 18918
1412 21001
1414 24542
1416 4287
1417 15757
1420 9664
1423 4927
1425 26089
1430 24849
1431 16657
1435 20497
1435 21884
1439 8099
1440 2111
1440 14729
1445 12757
1450 8053
1451 17698
1451 20533
1455 4664
1455 6792
1455 10071
1455 26177
1456 13377
1456 26072
1464 15844
1465 3164
1465 14337
1469 5010
1469 7231
1473 14631
1476 19169
1487 16226
1488 12020
1496 10892
1496 19454
1499 23785
1504 23805
1508 4080
1509 11228
1511 8399
1511 15547
1512 11863
1516 7388
1520 7129
1520 14296
1521 3688
1523 8504
1525 17033
1528 23674
1533 4695
1533 8392
1537 20704
1553 16361
1554 9625
1556 15578
1556 20943
1558 10923
1561 7371
1564 6812
1568 13741
1569 6958
1571 16848
1571 20305
1574 13759
1576 25049
1577 7080
1577 9387
1577 17756
1578 17487
1579 9350
1579 18739
1579 24898
1581 12395
1584 11251
1588 11156
1588 12104
1590 2603
1591 8804
1593 16364
1596 3400
1599 19077
1600 8152
1600 17717
1600 26386
1603 5637
1605 13161
1605 22895
1607 16192
1608 16808
1610 20434
1610 25422
1615 2469
1616 20051
1617 2994
1617 16113
1618 15032
1618 17161
1621 18410
1623 11694
1623 17454
1624 12333
1624 24687
1629 5045
1634 16647
1636 4753
1638 12706
1645 4400
1646 16900
1649 2307
1652 17132
1654 16336
1656 2175
1657 4503
1660 12062
1664 26124
1665 10990
1665 18708
1665 21474
1665 23986
1671 6396
1672 9290
1672 20663
1684 21873
1687 4675
1690 22359
1691 9555
1694 10754
1701 16216
1705 8371
1719 4588
1719 24206
1724 3236
1728 20144
1730 19995
1731 6354
1731 9161
1734 19376
1742 7782
1754 2687
1754 4931
1756 21460
1766 9130
1769 2976
1772 25585
1774 5069
1774 8570
1783 12330
1787 9528
1794 12589
1797 21644
1798 5696
1798 16989
1804 14694
1806 7069
1809 25064
1809 26363
1811 22509
1812 1945
1813 2195
1813 13530
1814 6312
1814 11151
1816 4785
1816 22821
1820 8666
1824 18594
1825 2934
1825 14821
1827 13419
1829 9482
1836 4303
1840 17298
1843 6373
1843 6543
1843 8677
1850 19618
1851 1963
1852 24809
1852 25547
1855 19560
1859 14112
1863 3553
1863 24333
1869 22684
1871 13244
1871 21143
1876 12867
1880 10367
1881 25689
1882 23573
1884 22403
1885 2344
1887 9654
1887 9754
1887 19431
1894 8518
1894 11512
1894 13574
1896 10065
1896 21010
1898 19799
1901 15118
1903 24457
1904 7225
1911 15944
1916 21142
1918 8625
1919 25402
1922 2776
1922 14514
1924 3372
1926 9364
1929 5297
1933 2322
1933 15301
1945 5457
1952 2013
1958 3932
1958 5162
1959 8177
1961 12640
1962 17143
1963 15194
1964 16075
1964 26406
1966 15344
1968 6287
1968 6882
1974 16821
1977 14148
1977 25317
1979 23963
1981 24404
1987 22848
1988 17019
1994 25157
1995 22882
2001 5667
2001 19701
2004 9171
2006 7545
2011 4033
2014 10873
2014 23003
2015 2038
2022 17931
2026 18117
2032 18909
2034 15909
2038 18939
2038 24971
2040 5134
2041 12452
2041 25169
2042 21536
2044 5430
2046 7574
2049 9009
2055 4308
2057 5135
2057 5666
2057 7695
2058 7194
2058 14243
2059 10928
2060 11767
2064 10625
2064 23973
2064 25484
2066 7763
2068 17394
2072 15006
2072 24953
2073 4758
2074 2593
2074 26383
2076 13385
2077 23253
2081 5032
2083 18878
2086 4125
2086 17726
2087 26187
2098 7666
2098 20270
2100 5065
2101 16818
2103 17491
2106 14468
2106 21196
2109 11933
2110 5801
2114 16403
2114 16762
2119 18369
2120 9132
2121 9746
2123 12657
2124 5801
2127 15829
2128 2395
2133 19912
2136 2882
2136 18436
2142 10690
2143 6161
2148 16053
2152 5492
2152 8915
2155 2237
2155 16049
2168 23073
2169 22170
2170 17743
2171 4604
2175 4168
2176 12059
2180 26273
2183 4084
2186 16780
2187 20410
2188 16325
2190 13113
2192 4032
2193 17809
2196 3064
2197 2450
2197 2791
2199 18837
2202 19792
2202 21919
2209 3661
2210 11698
2214 21286
2217 7991
2217 12281
2217 23664
2218 7445
2219 12595
2221 4553
2221 13205
2222 21182
2229 9303
2229 9349
2230 8570
2232 15854
2232 19562
2233 4033
2240 10637
2242 17489
2242 23991
2261 21251
2267 3808
2267 25398
2268 13519
2277 3795
2277 17501
2281 7065
2281 25440
2281 25967
2282 14975
2283 23722
2286 5403
2286 12297
2287 11763
2288 16015
2289 14835
2294 3830
2294 20358
2295 25120
2300 6607
2302 19169
2303 12998
2304 4738
2308 6454
2309 20936
2315 21482
2315 21842
2317 18686
2321 4174
2321 17761
2321 20735
2321 22324
2323 8229
2323 12472
2325 13265
2326 13781
2332 5254
2333 4640
2335 19596
2337 8782
2340 16884
2343 20813
2344 21127
2345 4023
2345 17960
2349 2645
2349 17167
2350 2675
2355 19489
2361 5591
2361 26070
2364 2884
2364 15070
2374 7762
2374 13161
2377 10211
2382 9680
2384 11239
2386 11278
2389 17249
2390 5130
2393 9008
2397 18718
2406 22867
2408 12999
2412 13923
2412 19398
2413 9432
2414 24069
2419 9813
2419 18831
2420 4002
2420 9739
2427 9322
2429 19698
2430 7333
2430 22417
2431 13802
2431 17335
2432 4086
2436 2924
2436 3248
2445 20795
2453 15300
2454 15224
2455 15248
2459 16196
2462 15488
2462 16143
2463 9597
2463 21071
2472 10156
2474 17085
2477 16456
2486 22166
2487 25839
2493 9938
2494 21055
2498 19112
2500 16456
2500 22301
2505 2889
2507 20628
2510 10434
2514 19768
2515 23928
2516 10657
2525 12788
2528 6267
2528 13990
2532 6301
2534 9978
2534 10215
2542 2879
2542 9683
2543 5993
2547 19632
2547 21545
2547 26075
2548 21150
2554 4125
2556 3385
2556 25868
2558 4132
2567 19364
2577 6569
2579 22182
2579 22252
2580 16772
2584 5792
2590 3453
2594 15981
2595 19715
2598 14172
2598 17230
2598 24832
2600 6398
2600 17677
2604 8941
2607 19295
2608 5759
2610 3162
2610 14457
2610 19606
2611 15323
2612 11548
2613 5125
2613 10868
2613 12020
2621 9297
2625 13010
2626 10121
2630 26496
2638 11233
2647 21000
2648 13796
2648 24474
2649 18728
2657 14767
2657 21016
2660 25659
2677 4635
2677 12223
2678 7246
2680 3251
2685 10621
2687 5402
2687 18444
2688 8985
2688 19716
2691 26402
2694 4394
2700 11366
2707 6264
2708 12391
2708 16221
2715 2790
2715 10120
2716 13074
2719 22848
2725 6690
2725 13752
2728 13976
2735 3183
2735 8400
2735 13728
2736 14463
2742 17214
2748 9928
2749 19243
2753 24827
2754 7347
2754 15957
2757 9983
2757 20613
2757 25178
2758 22951
2760 23019
2770 16333
2773 17705
2775 6545
2777 12475
2777 13377
2777 22951
2780 19560
2786 25717
2787 3429
2788 18816
2788 19822
2788 25353
2789 5311
2791 3975
2792 4314
2793 13344
2801 6545
2801 7624
2802 21992
2813 24946
2815 3298
2816 11111
2819 11144
2819 23153
2821 9178
2822 3781
2828 15750
2829 13100
2840 24917
2843 25659
2844 18287
2850 3059
2850 20549
2852 7706
2863 10706
2864 3023
2865 3197
2865 12226
2867 25521
2874 20610
2875 4252
2879 10762
2880 23060
2888 11877
2889 7886
2893 4748
2894 23528
2901 7735
2901 24504
2903 7907
2903 12798
2904 14353
2909 13090
2913 4200
2915 4918
2915 12452
2917 19450
2918 5756
2918 16922
2920 9840
2921 3343
2921 17182
2926 15878
2927 22285
2929 16217
2930 13728
2933 9188
2933 16509
2937 6104
2937 10243
2939 12109
2941 5530
2941 7399
2944 14659
2947 19387
2948 5913
2950 8606
2950 11548
2955 12380
2957 11945
2958 24526
2958 26221
2960 23322
2964 5446
2964 10732
2964 24859
2967 15519
2972 10614
2975 6593
2975 15021
2979 16037
2985 22301
2986 5830
2986 24457
2987 20906
2988 7314
2993 15487
2994 6835
2994 6982
2995 17195
2996 10936
2999 4538
3002 6494
3006 13520
3010 3186
3015 24964
3016 6210
3020 9044
3020 20231
3027 25207
3028 4950
3028 11450
3032 12363
3034 17085
3039 16342
3042 4520
3044 8158
3044 20784
3045 11721
3047 12380
3048 13133
3048 14459
3048 23569
3054 7041
3056 24898
3058 7741
3059 12810
3066 17510
3066 23405
3067 10427
3067 25726
3069 3910
3069 19081
3077 17093
3077 18279
3080 24191
3086 8736
3086 23525
3092 19462
3095 9836
3099 22252
3099 23788
3102 20786
3104 5751
3105 26431
3111 3314
3123 7366
3123 24024
3125 4822
3127 8351
3129 22633
3129 23086
3132 8996
3144 17775
3145 17015
3148 6305
3148 8878
3150 7765
3151 16480
3152 4480
3153 10206
3157 22174
3162 26194
3164 15258
3166 13525
3169 25602
3172 9136
3177 11543
3179 10973
3183 20256
3186 21127
3187 7917
3187 9130
3199 20665
3201 21144
3201 25169
3202 16269
3210 19933
3210 21884
3215 7270
3219 19794
3221 9057
3223 13328
3225 6994
3226 3687
3226 18115
3227 14023
3229 26013
3231 4850
3232 11594
3233 4504
3238 4322
3238 10998
3242 18627
3242 23275
3245 16301
3245 16653
3250 6264
3250 21927
3255 7766
3256 16389
3256 25374
3261 3696
3262 19332
3263 9718
3263 12084
3269 10491
3275 10505
3277 26045
3278 11169
3278 14975
3283 12689
3283 12908
3284 10520
3285 3649
3285 7555
3285 8831
3292 10035
3295 20518
3297 16204
3298 7341
3298 11509
3304 8108
3304 21548
3308 6957
3313 22837
3318 13759
3319 26200
3323 21401
3327 26136
3335 24075
3340 17285
3340 22825
3341 9710
3341 15718
3341 17071
3342 13901
3347 15199
3349 23939
3350 5497
3359 8875
3359 9674
3362 13749
3365 14338
3365 17814
3366 24780
3373 16692
3394 15816
3396 15994
3400 18827
3401 21871
3403 4300
3409 9297
3410 23153
3417 5393
3422 18831
3424 12387
3427 5692
3430 22761
3436 15519
3438 17366
3441 13860
3442 17787
3447 14862
3448 5140
3448 8267
3451 3700
3452 19667
3468 15637
3471 9282
3471 15466
3477 9302
3477 16963
3478 7261
3479 20957
3485 11502
3486 7116
3489 7653
3489 15110
3492 13652
3492 23863
3495 4358
3496 3952
3496 4427
3501 25696
3503 20217
3504 17329
3504 23413
3511 15944
3516 16711
3519 23134
3520 16270
3521 5989
3522 20412
3523 21606
3526 13186
3526 15825
3529 25412
3531 23583
3539 9216
3542 21420
3543 10812
3545 6987
3546 15324
3546 20073
3548 10221
3548 11318
3548 20785
3549 11672
3553 19768
3554 25135
3559 9606
3560 6952
3562 6638
3565 6312
3568 10179
3570 18182
3575 6301
3581 7746
3586 23058
3591 4025
3596 4427
3598 9744
3601 7814
3602 6307
3602 26272
3604 18040
3607 13353
3607 23439
3612 7514
3614 7898
3614 12842
3617 15023
3617 17608
3619 4660
3626 22144
3629 21948
3630 11205
3633 21158
3633 26207
3636 12541
3639 16818
3640 14089
3642 4423
3644 4484
3645 6346
3647 21906
3650 22003
3652 18207
3661 13275
3662 12916
3662 18737
3666 10308
3666 12400
3669 7392
3671 17382
3674 20467
3677 4655
3677 19771
3680 9885
3682 18191
3690 4274
3697 22380
3702 13999
3705 20541
3712 21967
3719 15783
3720 19861
3722 6497
3722 19063
3732 11562
3733 21969
3736 4933
3737 6408
3737 9953
3737 22497
3740 11161
3742 7583
3745 10733
3750 10839
3750 21182
3763 20892
3766 20433
3767 25171
3768 7339
3771 15568
3773 11785
3783 13084
3783 19038
3783 26387
3789 20519
3789 25478
3791 6086
3794 5494
3794 13702
3795 16603
3811 20289
3814 12618
3816 18786
3823 8548
3831 6938
3847 7539
3852 15226
3853 11361
3853 14442
3854 6131
3854 11613
3855 7214
3856 18903
3856 22846
3857 12880
3857 13900
3857 20305
3858 7382
3860 13229
3868 10570
3877 5379
3881 24383
3882 9890
3885 6088
3885 9975
3886 7827
3893 10760
3893 17320
3900 4994
3900 15625
3903 26159
3904 6200
3906 11219
3906 22541
3907 14200
3910 8886
3911 12632
3911 17738
3912 7142
3913 13248
3914 21072
3917 9617
3918 7043
3918 16155
3919 6800
3921 13599
3928 19752
3931 13550
3934 13113
3935 14907
3939 14317
3950 4496
3954 14574
3956 8822
3964 13070
3964 13089
3971 16774
3973 14814
3978 17392
3986 8536
4003 24685
4010 21518
4010 24846
4014 6544
4017 24229
4018 17079
4020 12161
4020 13430
4023 10836
4030 16598
4032 8135
4032 20045
4033 8432
4035 14109
4038 9413
4044 24815
4045 7012
4046 12436
4048 9345
4048 19670
4050 19992
4050 26309
4053 14370
4056 6787
4056 24077
4060 15642
4062 24177
4063 13682
4064 9558
4068 21890
4069 11176
4069 23780
4076 25450
4076 26247
4077 10587
4078 9455
4081 19275
4084 12670
4085 9051
4086 12865
4088 8560
4096 21439
4097 16414
4102 13716
4103 8100
4103 8207
4104 7148
4107 15291
4113 4580
4113 5870
4113 15600
4117 12658
4117 17455
4117 22350
4118 12392
4120 14535
4126 4971
4136 7492
4139 20126
4141 20171
4142 13815
4143 25354
4147 16429
4147 19672
4148 16812
4158 21870
4159 10583
4166 19683
4169 11897
4169 14835
4170 4843
4173 17693
4174 15723
4175 7691
4175 9137
4180 16688
4181 20880
4185 15831
4186 23361
4191 9792
4193 23196
4202 17728
4206 14154
4208 12077
4211 18410
4211 18639
4215 4472
4215 22324
4216 10123
4216 22005
4216 25383
4218 22509
4220 21742
4223 21957
4226 8167
4226 14165
4228 9703
4228 15427
4229 8851
4232 8608
4238 19445
4239 5689
4239 9956
4240 24859
4244 6408
4248 16541
4249 18214
4253 21226
4254 21027
4257 11307
4260 20786
4261 13335
4261 26234
4267 15552
4268 15247
4268 19097
4269 22617
4271 5457
4274 16448
4281 21450
4285 13830
4287 7512
4292 22966
4299 18903
4299 26456
4302 5644
4302 5728
4303 19438
4304 16941
4311 13402
4312 14883
4312 21148
4313 22637
4314 7053
4323 23575
4324 17756
4327 12547
4327 18706
4330 18614
4331 26016
4333 5615
4334 6144
4335 22872
4338 10526
4341 16338
4343 13822
4346 25629
4353 10170
4357 9460
4358 22693
4361 4750
4361 5093
4362 22723
4365 8392
4373 18629
4381 18906
4381 20448
4381 22475
4385 8696
4387 5848
4388 9283
4389 23024
4391 23472
4393 14500
4393 15362
4398 15003
4402 14672
4405 11173
4407 13054
4409 7314
4409 21000
4423 24433
4425 8650
4428 15092
4431 20988
4434 8905
4435 5505
4435 20307
4437 9877
4439 9250
4439 17079
4440 10278
4446 7879
4452 12755
4462 20265
4466 11757
4468 19033
4472 4585
4472 5020
4472 22430
4473 5946
4473 16892
4473 24846
4478 8768
4479 13398
4480 13568
4485 4802
4487 11423
4487 24618
4488 16233
4489 6051
4489 13768
4490 21889
4494 15610
4495 9346
4496 11042
4499 12306
4503 5913
4504 14125
4507 5573
4514 15752
4517 14210
4519 22826
4520 15745
4525 6543
4525 23827
4525 24178
4526 7396
4529 16861
4532 10058
4532 18776
4535 25785
4540 16592
4543 12974
4544 13998
4544 20598
4547 9056
4549 4853
4549 9586
4550 6972
4550 15148
4552 9047
4553 8328
4553 8348
4559 18685
4563 15660
4568 12956
4573 15767
4574 13476
4574 22910
4574 23668
4580 13914
4589 4750
4591 6325
4592 13188
4597 20743
4598 22764
4599 9225
4606 24033
4607 15458
4608 5909
4608 14686
4615 8930
4617 7035
4617 23223
4621 6714
4621 11347
4621 13186
4626 14164
4626 16046
4635 8602
4635 8806
4635 19347
4638 8883
4639 4825
4641 7176
4641 10700
4643 25976
4652 17013
4655 7773
4656 5624
4656 10708
4656 17292
4663 11874
4663 20072
4666 11488
4666 21501
4670 19259
4670 22528
4671 12566
4675 11580
4676 15427
4679 8361
4683 23764
4684 25033
4691 16319
4692 21340
4696 13697
4704 7193
4706 13275
4706 14061
4708 17233
4710 6740
4710 9179
4711 19629
4728 26187
4731 7844
4731 22898
4739 19754
4741 10607
4748 5283
4748 5940
4750 17147
4757 16393
4757 23305
4760 5558
4760 23477
4767 19546
4768 9251
4772 21886
4782 20349
4785 7590
4785 19438
4786 26011
4787 21518
4796 14460
4797 8193
4797 13915
4800 15175
4800 18505
4808 25760
4810 10227
4813 26410
4814 18196
4821 20393
4830 17904
4834 21837
4837 17436
4840 6026
4840 19514
4841 8680
4847 15794
4847 19267
4848 13369
4848 17501
4850 10914
4850 12228
4855 16230
4857 18588
4859 25322
4860 24919
4868 8687
4869 19470
4872 18662
4873 19624
4876 25393
4877 7351
4877 8412
4877 19848
4878 14324
4879 19917
4881 15260
4883 19339
4888 8555
4888 20781
4895 5422
4898 23475
4908 10082
4908 12291
4911 19284
4912 9166
4912 11510
4917 6143
4917 8518
4923 5360
4927 24469
4928 6211
4930 5263
4932 17642
4937 16476
4947 11590
4949 5998
4961 13320
4971 7816
4974 14743
4977 12735
4979 12373
4985 15797
4987 22436
4988 19457
4990 16635
4994 11334
4998 12819
4999 11830
5000 24895
5004 26069
5008 6907
5010 5282
5021 8911
5023 15341
5024 20160
5024 25310
5026 13650
5027 6657
5027 12281
5031 24026
5040 10805
5041 24930
5046 11198
5046 16612
5049 13362
5053 9804
5053 26019
5056 11733
5060 11795
5063 21700
5064 23427
5064 24159
5072 8928
5073 23882
5077 12069
5086 15465
5086 25830
5087 6312
5096 17827
5097 9513
5097 15159
5101 22226
5103 12761
5105 5834
5106 8588
5108 14015
5108 15861
5113 13328
5120 25688
5122 6448
5131 20557
5133 11512
5136 22192
5139 22973
5140 17171
5143 19349
5145 12259
5145 20096
5146 26242
5151 5383
5152 13208
5167 9944
5171 20035
5173 9281
5175 8610
5175 12332
5176 13901
5181 14630
5191 5689
5191 25317
5194 14001
5194 14301
5194 20625
5198 6782
5198 7820
5203 5680
5211 25430
5224 12867
5224 15544
5237 18815
5240 10058
5243 10990
5244 17340
5244 18689
5247 13395
5249 17368
5251 25560
5254 6452
5254 20297
5257 7211
5263 9253
5265 19682
5265 25326
5267 10943
5272 6879
5275 23693
5276 8766
5276 9240
5288 8988
5293 23320
5295 13193
5298 11635
5299 22815
5301 13896
5302 8082
5305 14686
5307 5509
5307 8665
5313 15257
5321 14775
5325 25760
5329 17982
5347 16576
5350 10913
5350 17127
5357 25282
5367 7768
5369 15966
5369 23760
5370 16565
5377 25354
5379 12134
5381 16948
5382 18280
5383 20626
5387 7532
5387 14791
5387 16604
5390 14842
5395 8045
5395 12132
5395 12384
5395 24146
5398 25536
5399 6104
5403 24978
5405 16427
5406 18081
5411 10763
5411 15443
5415 11028
5434 21519
5438 17982
5442 6459
5442 8784
5447 18181
5451 13372
5451 15436
5457 8062
5458 21899
5465 19094
5476 25880
5484 22534
5492 17850
5500 19689
5507 11806
5507 21128
5509 23791
5510 12552
5513 12184
5513 15207
5525 13621
5527 22668
5530 9848
5536 11262
5541 19339
5542 14380
5543 23137
5547 9829
5547 9965
5559 25284
5560 7018
5564 20452
5573 7564
5575 8625
5578 6287
5578 17002
5581 15320
5584 14017
5586 12662
5588 13713
5590 19537
5591 15715
5591 23786
5595 18708
5600 18430
5603 20145
5607 6410
5610 10977
5610 22675
5611 25411
5618 16220
5624 10236
5626 14901
5632 12835
5634 11480
5636 20089
5640 18921
5640 19230
5646 7475
5646 14226
5650 6463
5653 19968
5657 15301
5660 20452
5666 16335
5666 21992
5670 8419
5674 10601
5677 19385
5677 23563
5683 6812
5683 12405
5685 13831
5687 16773
5688 6355
5694 6360
5698 11175
5698 13943
5700 14283
5701 9834
5702 21395
5703 16082
5704 9941
5709 8434
5716 7802
5721 11186
5721 22045
5726 14643
5726 17190
5727 16142
5735 21889
5739 14654
5744 18000
5751 9765
5752 24634
5754 14084
5756 6427
5759 18768
5769 23894
5781 13235
5782 10894
5786 9148
5787 9910
5787 10136
5787 24461
5788 22491
5789 6389
5792 25791
5803 8531
5803 23986
5817 13995
5825 13076
5827 19055
5835 12024
5835 26155
5844 6465
5844 16709
5844 19455
5846 15566
5855 12862
5855 25659
5857 7896
5860 14483
5865 20973
5868 12873
5889 16509
5898 25493
5903 18575
5903 26030
5904 23390
5904 23608
5910 12821
5911 24324
5921 14009
5923 17721
5925 25273
5933 6986
5936 11864
5936 23951
5939 9058
5939 15387
5939 22382
5940 24986
5941 6289
5943 8604
5946 6994
5946 19297
5950 7906
5954 17070
5958 8286
5964 12976
5979 11272
5979 24552
5990 15140
5993 8162
5995 21162
5997 24461
6000 17377
6001 6712
6001 9359
6004 8401
6004 20152
6006 19669
6008 13923
6010 23215
6015 13169
6021 14919
6032 8976
6037 24873
6043 25042
6045 8317
6045 19594
6048 15396
6056 8434
6058 18917
6059 23769
6062 10838
6062 14032
6062 16836
6067 13154
6068 22775
6085 9824
6085 11859
6085 20244
6086 6267
6086 17137
6086 24191
6089 9871
6096 14802
6096 25832
6102 16658
6102 25784
6104 20742
6105 8864
6108 16167
6114 22211
6117 6845
6117 10461
6117 12228
6117 19003
6117 21173
6125 6793
6129 9411
6129 18726
6134 26194
6136 19908
6137 17389
6143 6771
6144 14153
6148 13424
6165 22633
6178 13535
6180 13309
6186 13374
6186 22767
6189 16717
6190 22491
6191 21676
6193 17442
6193 25006
6196 10058
6200 8579
6203 12717
6203 20411
6209 25785
6216 10961
6218 9303
6220 6873
6220 26515
6222 8432
6224 12277
6225 7823
6229 15999
6229 24737
6238 7094
6238 9177
6238 14412
6239 6611
6239 22491
6240 19562
6246 12444
6253 7266
6262 12094
6263 13073
6264 25109
6267 15658
6269 21095
6276 11854
6277 9789
6287 19701
6293 7154
6296 9469
6298 18866
6301 19455
6305 7539
6306 21490
6318 7083
6326 26351
6356 22866
6356 26444
6362 23164
6367 9795
6369 6435
6369 25725
6373 23805
6374 9723
6375 24153
6383 14708
6390 6584
6390 15335
6394 13817
6396 11694
6397 6905
6397 18817
6398 10249
6398 18190
6407 23679
6407 24619
6410 22016
6414 22712
6421 22881
6423 8362
6438 20005
6444 12315
6448 15670
6448 17470
6452 12315
6458 13364
6460 23462
6476 17678
6480 11617
6482 14010
6483 10494
6495 14210
6499 25885
6503 14019
6503 26243
6505 16987
6510 23833
6513 17230
6514 9168
6517 11834
6517 20870
6525 12400
6529 21374
6531 23290
6537 8309
6537 16555
6540 9430
6540 19741
6541 23386
6542 22158
6543 16351
6547 17866
6549 8708
6551 17525
6552 21973
6553 14919
6553 21501
6561 16756
6567 6762
6567 10111
6568 9907
6569 20432
6571 8846
6577 6740
6577 20911
6591 14737
6593 19780
6596 17024
6596 18877
6605 21393
6611 12669
6611 22925
6614 14159
6614 16973
6623 15902
6629 24633
6657 15028
6660 10875
6660 19427
6666 10869
6668 12757
6670 7120
6673 12223
6678 19254
6683 7429
6686 11562
6686 15783
6697 12654
6700 17306
6704 9359
6704 17553
6705 21822
6706 15535
6710 16783
6714 8924
6718 22295
6722 17802
6731 11368
6740 16386
6740 23577
6740 25614
6746 16675
6751 10601
6756 18198
6757 19466
6759 20708
6760 11370
6769 6780
6769 9576
6784 14754
6784 19855
6785 18010
6793 8909
6799 13568
6801 16774
6803 16589
6804 16919
6812 11050
6817 13944
6818 17294
6827 8709
6830 10892
6839 19463
6841 14287
6844 20821
6844 25481
6845 7688
6845 16095
6847 16130
6849 17747
6851 23681
6858 26265
6862 20699
6868 18085
6869 21631
6874 15418
6875 11323
6880 11643
6894 11425
6896 14060
6900 11310
6904 15645
6905 8125
6906 21073
6907 22561
6917 16637
6921 21538
6938 26020
6941 18816
6941 19908
6944 12530
6950 12951
6952 8463
6959 7309
6959 10058
6959 11318
6963 17822
6964 11251
6969 25157
6972 12384
6978 16489
6979 22078
6980 8480
6987 20603
6987 24012
6988 16162
6996 14220
6996 24783
6996 25932
6997 26013
7001 12513
7003 18980
7011 12260
7016 8979
7016 16126
7019 14117
7021 16661
7022 10791
7022 17551
7024 20911
7024 23457
7030 22218
7030 22897
7040 21621
7041 15854
7042 17061
7042 22622
7043 17306
7046 13223
7047 14311
7048 13972
7048 18067
7049 7484
7053 14035
7053 16454
7053 23286
7054 8293
7057 7858
7059 17038
7066 12747
7076 17556
7077 9881
7080 8378
7080 13479
7083 20002
7083 21501
7089 8097
7096 11587
7097 13375
7098 8393
7098 9307
7098 25932
7101 12455
7109 21153
7112 25405
7116 23631
7122 17497
7122 23671
7126 20883
7127 17758
7129 22662
7131 19408
7140 11377
7140 12730
7144 12368
7150 14532
7153 25118
7155 8202
7159 17041
7159 21094
7159 26329
7163 18164
7164 26099
7169 18743
7174 19629
7176 13942
7180 15991
7180 17244
7181 25117
7191 10878
7193 8147
7194 20007
7199 7660
7204 14320
7214 21082
7216 9896
7216 21245
7218 20699
7219 9978
7219 26020
7224 9875
7225 12823
7227 8419
7227 26436
7240 13238
7240 25213
7241 15901
7259 12137
7259 14018
7265 12015
7278 23970
7284 11600
7292 11030
7292 22779
7298 13676
7302 15372
7308 15582
7308 20182
7312 11487
7312 24946
7312 25680
7314 10280
7315 11214
7315 23101
7324 19842
7325 16386
7330 25498
7332 10658
7333 10508
7333 23073
7339 23780
7341 16692
7348 22622
7351 20769
7351 24710
7357 10965
7363 7565
7369 12205
7370 21287
7371 7665
7371 15323
7373 10240
7373 18492
7373 21571
7380 11245
7381 13035
7382 13048
7384 16535
7385 8084
7385 12042
7386 17622
7390 8418
7392 23618
7398 8037
7398 13374
7399 11105
7401 16927
7403 25972
7408 26489
7409 10689
7427 23298
7431 12812
7432 25172
7446 8432
7448 13344
7451 15820
7454 13238
7454 20710
7458 20603
7465 7907
7465 24735
7468 10140
7468 18746
7470 9013
7471 14890
7476 17737
7483 12648
7483 16833
7488 8655
7503 20179
7505 20293
7505 25164
7506 16992
7508 23831
7512 16291
7514 14435
7518 11197
7521 11445
7521 13482
7540 23736
7543 9721
7552 7663
7553 22798
7557 11950
7560 25768
7564 15020
7564 24976
7569 13169
7577 22204
7578 18255
7583 16113
7583 17665
7585 10737
7594 12332
7594 13216
7601 23203
7602 13134
7611 9603
7617 8608
7617 24765
7617 25473
7622 15274
7631 11460
7631 16937
7638 15398
7638 21150
7641 15159
7641 25725
7651 18153
7657 9416
7663 7896
7664 21056
7676 25184
7678 15101
7688 9521
7688 18296
7696 20868
7697 14765
7697 19984
7699 21911
7704 24401
7710 9410
7714 24976
7718 24307
7723 19925
7724 18550
7728 10697
7734 13619
7735 17689
7740 24460
7754 11842
7754 14278
7757 17901
7758 24058
7763 20297
7767 16713
7768 9726
7773 26306
7774 21896
7778 17541
7787 19861
7789 10814
7793 13604
7794 17752
7800 11159
7800 21561
7801 13147
7802 10752
7802 15026
7809 8675
7809 15669
7811 13919
7811 15458
7814 16344
7816 9791
7816 25004
7819 7836
7825 24912
7832 18057
7834 8438
7834 14155
7834 24997
7838 19144
7852 7863
7852 13663
7852 23864
7853 10336
7858 19605
7858 22412
7863 12990
7863 22012
7863 25818
7867 9853
7869 26154
7879 8593
7879 13623
7883 20422
7886 9297
7886 19872
7886 20660
7892 19091
7892 21501
7893 12023
7893 14370
7894 20269
7896 11169
7898 9929
7898 12304
7934 11092
7936 9416
7937 22906
7943 13215
7946 16459
7948 20307
7953 13220
7973 8414
7973 10367
7974 16133
7975 16909
7991 24881
7995 21242
8006 14783
8006 24590
8008 24548
8009 25399
8019 8745
8019 23332
8024 21047
8026 16221
8027 24711
8028 10007
8028 11709
8030 17728
8030 24821
8035 21900
8037 22800
8043 22620
8049 14210
8060 12392
8067 11126
8068 13118
8083 22801
8085 17858
8086 12697
8088 14390
8095 13482
8096 14438
8096 26166
8097 15896
8098 20972
8103 17677
8106 8945
8106 13057
8107 19447
8113 21917
8116 17685
8118 11587
8124 24910
8125 13040
8131 15486
8132 15532
8132 15866
8133 18436
8133 19577
8136 17008
8141 19687
8143 20495
8148 21577
8149 25736
8152 19950
8154 14150
8155 12259
8159 17453
8160 13312
8161 18396
8164 26035
8167 23379
8179 21738
8181 22881
8186 13269
8186 18244
8192 11833
8192 15311
8193 23872
8195 18490
8204 15402
8213 14870
8218 16333
8219 12562
8221 10851
8221 20816
8227 8595
8239 12870
8244 9449
8247 22846
8250 10364
8250 14525
8250 14964
8255 8385
8256 18886
8262 14184
8262 17479
8266 10143
8266 14238
8266 20660
8271 16206
8272 25953
8277 17648
8278 13831
8278 15109
8280 15377
8282 11404
8283 9340
8284 19398
8286 22013
8293 13960
8318 23814
8321 10138
8321 16647
8323 12758
8326 12829
8326 17261
8328 24216
8331 10425
8331 22021
8331 22459
8332 9067
8333 11832
8344 18174
8345 14138
8356 21297
8368 8497
8368 10554
8369 16419
8370 8638
8370 17299
8371 17687
8373 8769
8374 14661
8384 18010
8385 16958
8393 15174
8394 11396
8399 11467
8401 25163
8402 15450
8407 9414
8415 25669
8420 10270
8420 12654
8426 14631
8427 10990
8429 18767
8434 11057
8435 19384
8438 11493
8441 9095
8445 21964
8449 17734
8450 20000
8461 23098
8464 8847
8467 19295
8470 9903
8470 12163
8471 15275
8476 23802
8490 14293
8491 16382
8502 15194
8504 17122
8507 16683
8508 14810
8511 19969
8512 15707
8518 18299
8518 21982
8520 19070
8522 9691
8522 24244
8523 12343
8536 14916
8536 24571
8538 12761
8539 20250
8542 10844
8550 23609
8551 11066
8551 20671
8551 24093
8553 15335
8554 18152
8555 21375
8569 10038
8573 13547
8577 22285
8577 22602
8581 21675
8586 25423
8592 20466
8593 17907
8597 19860
8601 12829
8602 23966
8603 12518
8603 23780
8609 12083
8610 14247
8617 20953
8625 12283
8627 23176
8650 14711
8651 8878
8653 25484
8653 26489
8655 16062
8658 10044
8659 18219
8659 18351
8665 9158
8669 20468
8676 8984
8677 16688
8677 26505
8684 8998
8695 13926
8696 17814
8701 24316
8705 17042
8715 25627
8719 9510
8727 24140
8729 21278
8731 19347
8741 20793
8741 23392
8748 12031
8754 12572
8768 13268
8771 11324
8780 24461
8782 10656
8788 14747
8791 21853
8792 10921
8799 10977
8817 12693
8820 23598
8830 12667
8844 12715
8844 25005
8849 13966
8849 16498
8851 24288
8853 15043
8858 18884
8874 14690
8875 12009
8878 13282
8881 20530
8883 12027
8885 17274
8885 22363
8893 13235
8898 16163
8903 17883
8917 13310
8925 17822
8927 10852
8927 21148
8934 18525
8941 16977
8952 9500
8958 11337
8960 15237
8962 23742
8965 17431
8967 9702
8971 14132
8977 14341
8977 24165
8984 10686
8986 14629
8986 19127
8986 20890
8987 15155
8992 14093
8992 23798
8995 16867
8996 14015
9006 24162
9019 9345
9023 10189
9029 14627
9032 21238
9040 21513
9042 24438
9044 15927
9044 16215
9047 23654
9058 15054
9063 24324
9067 13446
9074 10839
9080 11797
9089 20885
9090 11863
9091 22872
9094 12660
9098 10249
9099 22688
9102 22597
9112 20256
9122 20671
9131 21889
9132 22845
9136 26020
9137 14162
9137 18895
9139 21226
9152 24172
9158 16095
9162 11088
9167 11185
9168 15603
9169 23202
9177 11629
9181 13097
9181 13896
9199 22403
9203 16948
9205 10881
9207 25371
9218 10460
9220 21436
9225 22483
9236 23893
9237 14343
9245 17941
9246 14312
9246 16085
9246 24878
9255 20669
9257 21298
9259 14789
9260 14380
9266 18556
9266 20906
9267 20049
9273 16692
9279 19013
9286 18733
9287 24741
9288 11530
9290 12373
9292 11046
9304 20036
9312 25097
9333 16927
9339 18689
9348 19048
9355 18002
9356 16206
9357 17506
9357 19797
9362 13209
9362 19963
9364 15371
9368 17084
9374 9381
9387 21095
9388 20396
9392 14293
9400 19781
9402 18429
9405 19018
9406 25405
9410 17261
9412 15301
9413 12205
9418 19180
9422 19456
9425 13338
9428 21108
9431 15582
9433 23475
9434 16967
9434 23632
9447 17018
9448 13309
9448 20970
9451 25659
9457 20549
9459 17298
9471 13724
9479 23877
9482 18287
9484 9743
9494 11175
9497 18391
9499 21543
9500 12270
9509 12018
9512 14848
9521 14592
9521 21173
9521 26061
9528 19776
9558 12401
9561 19138
9576 16423
9581 12276
9581 14109
9595 10795
9598 23358
9603 10661
9606 18422
9608 21162
9621 24533
9623 20214
9625 11828
9629 20745
9633 19099
9640 20172
9641 19007
9652 20591
9653 21040
9656 15407
9671 12501
9673 16318
9675 11008
9676 11450
9680 10878
9683 15320
9697 19301
9699 25318
9702 20663
9703 14642
9705 14202
9707 22236
9712 21225
9715 13564
9725 22478
9727 14256
9736 20755
9736 25292
9738 12092
9746 13032
9754 22156
9755 10268
9764 14113
9765 24989
9769 24301
9777 22179
9778 10862
9782 25577
9783 21574
9784 21491
9788 22108
9792 14563
9795 15770
9795 19522
9806 14005
9806 23287
9806 26216
9811 21173
9812 13652
9813 15671
9819 11655
9824 18912
9824 23197
9836 11174
9841 15226
9844 24886
9848 11845
9875 10691
9875 26043
9885 15238
9888 17071
9894 24094
9895 20639
9898 10583
9898 25157
9903 21780
9910 15258
9919 21219
9919 23217
9927 16426
9928 15283
9929 22227
9930 12045
9930 14528
9931 14865
9938 25116
9940 18672
9942 15576
9944 20233
9946 10930
9960 11945
9975 11696
9978 18003
9979 11845
9988 19016
9988 24676
9989 15195
10001 20917
10006 12547
10007 24956
10011 20674
10013 21936
10014 16342
10021 10177
10030 14377
10030 24963
10031 16663
10032 18474
10032 21811
10039 17068
10044 11182
10045 17079
10060 16686
10063 20390
10076 10944
10076 19458
10076 21175
10079 17999
10086 13192
10092 14982
10097 14308
10104 20450
10107 23188
10108 25688
10135 10648
10135 13631
10138 13588
10142 15119
10159 15092
10165 19864
10167 10896
10171 15148
10172 10513
10172 11328
10179 17742
10181 11860
10186 16384
10192 10417
10192 26448
10194 15648
10194 20048
10195 17283
10199 11316
10199 24299
10202 12827
10214 14068
10214 18095
10215 15325
10218 16217
10228 13818
10229 18725
10230 18956
10230 23242
10234 13220
10242 16216
10244 22669
10245 12022
10250 10518
10250 17959
10258 16756
10258 18620
10260 11118
10260 17117
10261 21293
10263 13544
10263 24617
10268 13799
10268 19879
10270 13726
10272 10706
10280 14132
10282 12870
10284 19387
10287 15796
10291 16828
10305 13652
10307 22009
10308 18149
10308 20131
10333 26348
10337 19814
10338 20902
10346 24912
10352 26325
10359 26416
10364 23402
10367 21780
10371 19592
10411 25659
10413 24375
10414 15958
10419 25555
10429 20808
10438 10743
10440 15094
10445 16447
10449 14508
10458 20154
10459 13692
10460 21893
10462 20262
10469 14240
10473 15719
10474 11702
10474 22854
10477 22016
10479 19257
10480 13048
10481 16134
10485 17836
10491 20621
10492 20600
10494 18819
10494 24908
10495 15907
10495 17857
10499 12455
10509 24365
10510 26326
10513 16904
10515 23685
10526 20192
10527 17369
10532 17059
10532 22267
10544 15545
10544 25345
10556 20577
10562 13884
10563 12277
10572 18815
10577 18678
10578 21291
10583 24315
10598 19462
10612 11015
10613 22665
10619 10934
10621 15727
10630 12277
10635 12765
10637 11884
10646 20820
10648 14037
10648 15101
10649 13541
10665 18620
10683 10697
10686 13269
10694 16848
10709 12103
10711 13814
10712 24547
10720 16596
10732 25994
10737 14994
10740 21629
10741 15472
10744 18687
10752 15854
10758 18640
10761 15199
10762 24094
10762 25477
10763 16327
10767 19290
10769 16984
10769 20763
10770 15832
10783 10961
10788 10961
10790 12068
10790 20051
10794 12229
10795 18729
10796 20182
10804 12865
10805 15877
10812 12862
10812 22842
10812 25350
10813 20075
10818 12532
10833 23679
10842 11710
10842 21827
10846 12019
10851 17245
10860 20340
10861 25207
10868 20471
10869 24208
10871 16190
10891 11555
10891 12494
10894 15002
10897 22646
10897 25321
10907 16650
10908 17211
10914 18643
10914 21860
10921 24598
10923 15472
10925 20544
10925 24740
10927 13174
10937 12632
10940 14532
10942 24785
10944 15974
10944 26216
10947 14475
10947 20874
10952 19443
10953 18525
10961 24157
10962 21139
10962 23824
10963 12053
10969 15828
10974 15353
10990 15221
10990 25831
10994 21176
10995 21126
10996 21476
11005 12573
11005 14743
11021 16792
11035 20781
11038 14841
11038 16660
11044 19899
11046 16313
11055 25566
11066 18851
11067 11651
11078 17080
11084 14643
11089 20159
11090 16302
11092 13960
11099 15307
11106 24961
11109 20249
11114 17541
11116 16987
11117 21308
11125 21845
11132 19874
11132 22009
11137 12198
11147 16353
11147 25168
11161 21308
11174 21205
11181 17553
11200 21908
11202 13208
11202 24871
11203 18821
11227 16589
11227 20816
11232 23149
11233 25555
11238 14994
11238 21987
11239 23596
11245 18802
11249 19120
11256 15595
11258 13276
11258 15365
11260 22230
11264 21522
11272 11390
11274 17845
11274 21461
11280 18348
11280 26179
11297 15171
11310 12055
11314 22922
11316 19143
11322 12279
11322 26407
11323 21267
11324 12654
11324 13573
11334 19376
11334 25276
11342 23831
11348 23114
11356 20246
11366 26309
11369 16291
11381 23119
11396 11701
11401 15922
11401 20702
11406 22487
11412 18395
11412 20115
11412 20880
11419 24229
11424 16012
11425 18740
11428 12910
11429 14395
11429 20911
11432 14792
11432 17004
11445 12673
11445 15561
11445 16317
11447 15028
11454 12178
11457 23724
11458 19742
11473 23446
11477 13559
11480 16414
11494 13265
11498 12343
11498 19643
11499 24985
11508 11655
11508 22160
11514 19007
11519 14524
11519 20741
11520 23285
11528 11677
11528 24184
11544 13870
11549 13260
11563 15104
11563 17607
11565 20572
11567 16650
11567 16921
11572 22229
11575 14062
11576 14413
11583 24159
11583 25680
11588 25967
11591 16330
11594 12486
11596 15365
11603 17443
11603 22207
11605 16708
11608 14388
11608 21081
11616 23370
11618 20390
11620 15325
11620 25118
11626 14842
11627 14157
11627 23871
11638 22847
11645 23572
11648 17220
11655 16683
11657 12693
11658 25311
11671 22562
11672 17510
11672 20987
11672 24289
11674 23805
11678 22685
11682 17103
11683 18698
11687 12223
11689 19112
11694 15907
11698 20815
11702 16531
11724 16024
11732 14870
11732 17787
11733 26505
11734 21742
11736 22530
11740 20326
11741 25172
11742 25560
11743 17814
11747 21296
11754 16413
11759 19931
11767 15673
11768 26085
11775 17283
11780 14644
11782 15744
11783 17738
11785 21933
11786 21175
11789 22784
11811 20544
11816 23606
11821 18057
11824 16292
11829 15719
11830 15627
11833 19946
11836 21721
11839 15745
11839 22509
11839 23698
11840 13411
11840 19869
11840 23750
11840 24474
11846 18879
11854 14849
11866 25701
11868 18525
11868 22589
11868 25569
11880 14317
11881 11963
11884 26241
11885 15269
11885 23835
11896 12518
11909 14457
11927 14314
11927 23476
11940 25829
11955 20153
11961 13860
11967 12558
11967 15085
11967 20410
11968 17227
11970 21140
11997 12357
11999 21907
12000 14809
12008 25434
12019 22572
12019 26012
12026 19297
12026 25942
12031 21311
12057 22339
12085 18906
12088 22293
12089 17092
12090 18922
12092 12437
12094 12272
12107 14966
12117 19698
12133 19669
12134 19727
12137 24883
12137 26489
12147 20902
12150 13004
12165 12233
12189 20813
12196 14587
12216 17633
12216 24289
12218 16087
12223 13698
12223 23541
12231 12378
12234 23887
12259 19889
12267 22967
12270 21161
12276 15278
12296 15538
12300 24206
12303 17846
12303 18850
12304 20446
12306 23716
12315 22616
12317 20625
12320 13969
12324 23358
12324 23398
12325 12785
12325 17610
12325 21703
12325 22336
12333 16916
12337 15362
12353 13210
12357 16028
12357 21621
12366 18865
12367 12449
12368 14483
12368 21297
12368 24658
12378 12586
12379 15669
12380 22338
12381 24211
12391 25310
12398 17112
12398 22045
12399 16804
12405 13522
12409 17778
12410 21606
12410 22837
12417 26364
12430 19741
12431 13627
12436 23107
12437 18195
12443 17015
12445 13284
12445 25688
12451 23355
12453 20649
12472 14399
12476 13975
12479 14046
12481 25944
12484 14961
12488 14654
12500 20182
12500 24780
12501 15325
12507 20396
12513 20671
12518 19376
12530 14741
12533 12825
12541 12660
12546 14293
12556 15101
12557 15333
12568 24892
12574 19233
12582 14303
12582 22842
12587 12602
12589 25834
12589 25872
12596 18743
12598 21898
12608 20703
12608 23508
12609 22895
12609 25823
12621 21245
12624 14379
12624 23291
12628 17489
12635 16904
12648 21638
12658 24215
12660 26040
12661 16882
12661 21147
12665 23815
12673 17688
12674 13671
12691 22741
12695 15336
12695 18837
12703 17367
12704 24967
12705 14310
12709 15056
12715 19465
12718 22064
12723 25841
12728 19481
12729 22011
12730 18427
12730 21467
12738 16156
12746 20516
12748 24464
12749 21963
12750 13834
12777 24617
12781 13373
12795 21580
12795 22686
12795 23483
12796 14334
12806 17583
12813 22507
12821 18754
12840 14643
12856 16720
12858 21571
12866 15209
12870 18032
12889 21678
12904 14021
12962 25502
12970 18814
12973 16814
12976 22062
12976 23353
12980 26050
13008 26501
13011 17221
13017 17005
13025 20886
13025 22954
13027 14583
13027 18473
13032 25459
13035 16772
13043 13775
13052 16559
13052 23702
13057 23005
13074 22789
13091 13757
13095 19186
13097 17283
13097 25954
13116 19785
13118 15951
13124 15206
13125 20621
13132 23523
13133 20519
13145 16921
13154 13506
13164 15090
13174 14758
13176 23453
13180 17866
13187 14950
13187 15621
13188 17477
13188 23765
13190 15842
13208 16932
13211 14534
13215 17460
13221 20820
13239 14407
13255 13823
13264 20093
13275 13452
13285 25345
13287 17641
13299 23295
13313 13822
13314 21347
13316 15791
13328 14204
13340 15958
13350 16412
13353 16049
13368 23287
13368 24629
13370 19874
13374 25206
13385 19466
13385 22137
13392 18473
13395 15361
13402 21181
13404 22838
13410 15289
13414 22826
13434 15810
13440 15203
13441 25006
13446 14371
13452 22127
13460 20988
13460 23561
13470 21204
13472 18103
13475 25566
13494 20493
13495 17850
13503 23672
13506 18729
13531 13727
13532 14286
13535 21157
13553 17880
13567 18073
13568 16082
13568 16267
13578 16031
13582 21027
13596 26075
13597 20887
13599 20935
13600 14838
13627 15692
13630 21499
13647 21152
13654 17482
13657 23112
13662 16363
13671 23375
13678 15956
13678 24677
13692 14899
13708 20446
13710 20140
13722 16226
13736 23663
13742 13993
13742 19540
13751 17639
13759 17221
13778 15917
13778 17497
13795 24460
13796 19032
13798 22313
13806 23379
13815 15608
13817 17943
13818 20634
13825 17880
13863 22713
13878 22918
13879 20419
13880 17900
13882 22012
13893 14422
13901 20700
13902 21867
13909 15016
13927 15701
13944 23446
13955 14760
13955 15881
13955 16222
13962 20124
13974 15651
13974 20058
13978 21481
13987 18672
13993 15503
13993 16295
14015 26101
14016 18429
14018 25774
14025 22789
14026 20962
14026 22173
14027 15677
14027 21455
14034 23850
14035 20358
14038 21323
14040 14568
14044 14918
14047 21251
14058 17122
14070 17541
14077 19858
14077 22256
14086 15732
14108 21375
14110 15660
14111 25054
14117 22308
14122 24773
14125 16535
14149 20509
14150 19540
14157 25130
14159 21141
14164 16844
14165 21657
14171 21637
14173 16609
14183 22708
14202 15621
14215 19485
14224 21318
14228 16818
14232 22484
14235 23217
14235 23722
14240 24403
14242 16653
14242 20905
14247 20396
14257 15458
14268 21687
14280 22994
14291 17256
14292 20702
14293 14567
14299 19625
14303 14562
14314 20089
14317 16113
14320 22354
14323 18323
14324 14376
14326 16956
14327 25559
14334 21966
14344 19349
14352 19293
14353 20052
14379 19542
14380 25216
14382 16226
14382 24025
14388 22506
14390 26202
14395 26030
14399 17510
14403 20768
14434 16258
14438 17008
14449 19119
14460 15224
14469 15381
14476 15541
14499 21744
14500 20615
14503 21267
14506 21500
14508 26340
14510 19899
14521 24680
14524 17156
14524 24466
14532 22866
14534 25654
14536 16543
14559 18272
14560 23423
14565 15595
14568 17271
14577 17560
14577 19871
14614 16884
14624 17332
14633 25486
14648 19673
14648 20949
14654 23019
14663 21689
14712 17685
14712 20534
14712 22167
14721 22068
14730 21588
14736 19379
14736 25353
14739 17171
14740 18305
14741 15855
14745 21148
14767 23098
14777 19627
14778 25054
14794 24758
14835 18605
14841 24116
14854 18451
14856 18829
14856 21421
14862 20537
14865 25588
14870 18244
14872 24479
14883 16271
14898 22202
14901 22945
14904 24167
14907 16723
14910 20643
14915 26058
14932 17843
14932 20681
14932 24301
14933 15318
14936 21204
14947 19457
14949 18984
14957 15509
14957 17855
14961 18302
14982 19092
14999 16271
15002 15698
15002 18153
15004 19259
15006 21165
15008 23018
15023 15084
15034 17329
15036 19470
15043 16147
15056 20905
15058 15445
15067 21230
15095 22589
15106 17035
15110 18774
15116 20290
15119 15507
15119 18739
15124 22109
15128 17601
15128 19449
15129 22233
15140 15214
15166 18231
15174 15435
15181 24460
15193 19124
15195 15401
15196 16319
15199 22066
15207 15725
15207 22224
15221 21933
15224 22693
15238 21780
15255 16365
15265 21105
15267 25435
15270 19807
15270 26434
15275 19466
15275 19735
15278 16402
15280 23140
15294 24406
15311 17960
15311 21624
15314 15487
15330 18774
15333 25501
15336 25509
15337 20600
15345 18786
15369 20708
15375 18641
15386 16230
15401 22052
15419 17340
15419 19394
15442 17406
15451 16647
15459 18304
15459 23539
15461 21940
15464 21073
15472 19343
15508 15774
15509 19290
15509 26369
15520 18047
15522 23956
15527 23703
15538 18222
15543 18729
15545 20471
15547 22344
15561 21822
15561 24830
15562 16315
15566 15967
15573 18032
15576 17632
15595 17648
15610 22703
15617 16126
15621 18693
15621 25391
15626 16605
15632 26170
15636 22280
15660 21236
15662 19063
15675 16667
15681 19992
15685 16758
15689 18679
15696 19541
15696 19733
15705 24735
15707 19863
15715 24233
15727 25273
15752 17369
15761 20811
15777 18466
15785 22865
15796 17063
15803 22428
15809 20788
15820 16454
15820 22973
15822 25092
15832 21553
15862 24077
15864 17819
15868 19686
15870 22947
15877 24894
15894 19801
15894 23609
15895 17409
15899 23304
15917 22968
15922 25942
15930 20645
15932 19779
15934 18971
15939 25909
15943 17902
15944 17775
15944 24279
15949 16393
15957 18815
15965 24499
15980 21811
15999 16423
16018 22709
16022 25889
16030 17671
16033 17128
16036 21592
16040 17142
16040 22797
16045 25364
16047 25602
16072 17239
16082 24215
16096 21968
16096 23028
16104 22673
16111 20793
16113 20741
16122 17417
16127 18758
16127 26419
16131 20600
16146 20172
16146 23967
16157 16714
16190 24447
16191 17087
16196 18451
16204 22158
16215 20917
16226 18265
16230 20927
16232 16670
16232 17156
16233 20529
16234 20123
16234 25368
16253 16543
16258 24858
16269 25886
16290 18086
16316 26325
16319 26410
16327 24696
16330 20004
16330 22045
16342 23026
16342 26409
16344 16884
16344 17812
16357 23494
16364 23422
16365 19908
16366 23378
16386 21433
16387 23474
16391 19230
16417 23011
16418 20377
16418 22507
16420 21900
16425 20747
16425 21481
16431 22350
16441 20700
16445 24864
16448 25224
16449 16991
16469 20776
16486 23250
16491 19838
16493 19039
16522 22587
16535 20186
16539 17299
16539 18746
16541 23024
16544 22615
16552 21825
16560 16708
16563 16581
16571 17709
16572 24233
16589 25892
16596 23373
16599 20811
16622 19020
16632 16711
16646 18522
16656 22902
16657 17819
16671 21201
16686 23727
16688 19463
16700 24579
16708 17478
16708 24822
16716 25155
16756 19536
16767 16777
16769 23900
16769 25593
16772 19937
16778 20699
16779 21880
16792 26265
16793 17778
16797 18717
16818 19504
16823 25318
16829 17955
16833 21900
16847 17818
16847 17993
16851 23726
16857 20893
16864 23693
16865 19404
16870 19092
16882 18528
16884 17198
16893 19914
16893 23058
16902 24322
16912 19293
16917 16999
16919 23323
16929 18899
16938 20932
16949 20250
16949 21726
16954 25322
16957 20828
16967 23724
16969 21891
16972 26499
16984 21682
16987 19929
16989 17354
16991 25156
16994 20618
16994 20955
17001 21993
17002 25457
17003 20946
17005 23136
17005 26382
17006 25133
17015 23993
17016 18890
17018 26187
17033 25669
17035 18044
17038 26084
17052 20458
17052 22117
17052 23549
17060 19393
17060 20330
17061 22637
17062 23458
17063 24366
17070 17960
17080 17933
17090 21288
17122 17448
17131 21127
17150 19887
17166 18127
17169 20855
17170 21689
17172 22707
17176 18766
17184 20499
17194 22159
17203 21783
17203 23790
17234 23593
17256 26416
17258 20496
17274 26266
17285 19462
17303 22269
17305 21996
17308 22080
17308 22274
17313 19092
17320 18933
17364 18445
17369 20675
17370 21624
17370 24141
17380 24401
17386 19765
17397 24401
17417 24707
17427 19675
17448 23483
17455 21816
17470 19793
17472 23370
17479 22277
17490 23734
17508 24830
17520 18904
17523 20290
17523 26099
17541 23026
17551 18126
17660 18371
17661 22269
17673 25717
17674 22489
17675 19084
17676 18969
17683 19259
17683 23403
17685 21758
17688 20826
17698 18580
17702 26436
17705 24462
17710 23800
17713 18796
17720 25954
17741 24912
17742 26257
17774 24220
17778 22876
17787 26063
17791 22368
17794 20155
17811 20957
17818 20566
17819 25326
17825 20361
17843 19670
17846 20397
17847 21078
17858 19919
17863 21076
17891 19465
17910 24259
17919 20056
17925 23717
17930 23371
17939 23322
17948 24740
17951 20124
17965 24740
17984 21968
17999 21068
18004 24183
18010 25566
18013 21297
18032 24912
18057 21758
18073 21174
18085 25340
18110 20609
18122 18810
18122 19159
18137 19005
18141 20070
18147 19038
18166 19158
18198 21603
18211 21840
18211 26421
18226 20769
18229 18761
18235 23242
18242 19669
18253 26503
18255 20422
18264 24572
18289 18863
18289 20533
18305 25318
18337 23925
18360 20433
18370 22854
18371 25734
18391 23562
18436 22879
18442 19165
18451 24724
18452 21949
18452 25841
18453 21230
18460 24289
18470 18926
18488 24910
18505 22859
18537 24043
18549 20969
18554 26021
18561 20359
18572 20975
18590 18930
18590 24738
18599 22011
18605 21886
18609 21895
18641 25938
18682 24864
18693 19310
18717 20703
18719 23211
18723 26095
18739 26447
18750 21733
18765 25418
18778 20302
18780 19038
18831 25005
18855 23044
18862 23346
18862 24077
18866 19504
18875 22501
18881 21126
18884 23622
18895 25374
18903 24735
18905 24669
18909 23835
18911 22851
18922 25103
18924 22269
18933 22119
18934 21592
18937 19539
18943 23422
18944 19332
18971 20142
18971 23894
18979 21238
18984 26221
19032 19734
19034 19206
19041 22612
19043 19090
19043 24991
19055 20215
19063 20799
19073 21536
19075 24873
19078 20417
19084 24167
19108 20832
19121 21825
19127 25347
19129 19311
19153 24191
19184 20033
19186 24669
19192 20671
19201 19427
19208 26364
19220 26447
19230 19790
19230 25559
19232 20868
19243 19863
19243 20030
19243 24398
19285 20144
19314 23893
19323 22906
19323 24677
19344 22535
19347 21945
19347 23505
19348 25930
19355 22561
19364 22260
19365 20241
19376 20564
19386 26351
19426 23374
19427 25093
19430 25154
19432 21756
19446 25439
19452 23694
19472 20677
19485 19755
19507 25924
19514 22453
19518 23094
19519 23519
19519 26027
19539 22889
19541 20590
19546 22775
19546 26009
19555 21891
19560 20172
19594 21108
19605 22546
19611 20490
19617 21715
19622 24153
19655 19912
19669 21001
19672 21371
19675 21421
19687 20503
19704 21211
19721 20577
19742 23519
19772 20885
19780 25891
19787 25776
19797 22033
19802 25323
19814 23287
19829 22182
19832 22319
19853 24756
19858 24598
19889 22609
19899 23287
19916 21555
19938 21786
19961 25408
20001 20621
20005 20767
20018 20715
20018 21064
20028 20703
20030 21845
20041 21688
20051 21241
20052 24643
20073 22241
20075 20781
20075 22066
20086 20836
20086 22522
20122 20663
20156 24215
20163 22180
20179 22375
20186 21154
20186 21919
20190 21955
20221 24985
20238 21550
20244 25115
20249 21493
20263 26061
20270 23035
20293 20423
20294 24772
20325 21296
20335 22052
20349 26035
20374 22598
20386 21893
20387 25960
20390 23188
20392 23565
20394 21685
20394 23454
20411 21421
20420 26005
20432 22203
20443 22994
20445 25685
20452 25956
20481 24822
20493 21548
20541 21297
20558 22295
20560 23658
20587 24234
20610 20890
20613 22497
20640 21295
20703 24683
20705 22271
20730 24758
20742 25942
20769 23960
20811 21027
20816 24165
20816 25605
20851 22491
20861 26231
20883 21280
20902 21553
20936 23104
20951 21691
20958 25689
20962 20975
20970 22782
21019 26089
21023 25358
21027 22693
21043 21717
21046 22384
21070 24879
21076 24210
21084 22506
21084 26413
21091 23581
21097 22428
21122 25540
21129 24145
21162 25329
21187 23638
21196 22662
21205 23863
21216 24758
21241 23037
21256 26499
21266 26386
21293 24421
21323 25273
21376 23606
21392 21982
21400 22684
21426 24930
21438 24876
21491 24735
21496 21748
21500 23431
21511 25804
21521 26075
21531 25181
21545 23073
21631 21864
21675 23385
21677 22082
21681 23886
21695 25347
21709 22208
21721 23193
21728 24406
21733 23887
21756 25784
21781 22680
21782 26064
21807 22275
21809 25004
21827 21898
21834 24719
21835 24775
21842 21933
21872 22111
21892 24385
21908 23761
21934 24191
21957 22799
21996 22379
22034 22821
22072 23625
22134 22534
22141 23944
22151 23565
22160 24157
22173 26018
22174 24750
22219 24283
22229 25767
22260 25776
22263 25103
22265 24092
22313 23533
22359 24140
22384 23815
22413 25481
22417 24724
22528 25888
22537 25211
22537 25688
22609 25175
22620 22967
22633 23484
22640 25371
22684 23748
22688 25093
22697 22979
22780 26021
22833 25288
22841 26221
22856 23732
22882 25680
22882 26042
22893 24401
22924 23942
22938 26244
22945 24074
23011 24012
23034 24323
23088 26204
23139 25393
23164 24831
23164 25004
23275 23855
23379 24902
23423 26123
23423 26151
23426 24830
23451 26145
23533 25818
23577 25309
23624 25562
23658 23872
23680 26237
23775 25375
23796 24530
23869 25393
23923 24919
23952 24408
23957 25708
23973 24406
23978 26310
23986 24442
24094 26058
24107 26042
24125 25851
24128 24304
24190 25004
24263 25295
24320 24739
24482 26274
24620 26264
24737 25062
24889 24936
24932 25925
24953 26287
24984 24999
25135 26439
25154 26155
25203 26310
25212 25344
25242 25474
25251 25695
25354 25412
25409 25493
25439 26297
25588 25881
25614 26351
