5000
2 5671
3 8645
3 11337
5 14647
7 16251
10 8164
18 2609
25 23943
27 5988
44 21917
52 16968
55 3961
55 35128
57 10655
64 24620
64 31677
65 6112
78 11466
78 36078
85 922
87 7331
87 36538
96 1815
98 5980
100 14297
103 3661
104 3713
104 6566
108 3463
116 24521
117 10952
117 24956
118 17104
125 8003
132 27510
133 21852
140 5363
140 15116
142 35570
158 33282
161 13658
162 31590
165 5060
175 1163
175 19037
177 5936
181 821
190 5101
192 19120
196 4751
199 6478
199 11458
199 19459
203 6434
210 8840
223 32499
232 20804
233 12691
233 19837
239 25229
243 23623
246 23340
251 21509
262 16841
265 28976
269 9586
279 27493
280 17286
280 18892
284 9559
286 7050
289 8255
289 14825
291 1268
291 30456
298 20657
298 26880
301 19925
302 17212
302 32963
304 3751
304 6120
309 26871
311 7452
312 9232
313 724
313 19970
313 28498
321 27022
330 18972
331 15600
348 21508
351 14700
352 17317
355 27310
360 16268
360 16337
365 5034
374 20581
398 9438
406 8640
407 32173
408 1642
408 13999
409 7085
409 33492
415 24840
420 15362
421 13645
421 19237
421 29302
425 6851
426 4018
427 8910
427 12086
428 4507
428 12942
428 34123
434 5851
434 25627
438 21205
438 29809
447 5730
449 29208
460 3763
466 2124
466 8540
467 8777
470 2689
471 14388
474 26776
475 16333
476 13185
483 9559
483 20606
483 31688
490 30785
491 17883
493 1774
493 22940
494 27840
495 4929
495 20740
496 12468
496 31365
497 10660
497 19749
504 7038
508 6983
523 29524
526 11143
529 3174
530 27383
537 10269
542 11081
552 3974
552 24982
554 5955
554 6705
554 28093
557 21713
558 1532
561 3200
566 4547
567 3361
567 10417
567 13847
569 23198
581 22617
581 32344
588 23356
597 4880
598 24628
599 24792
600 5961
607 11455
610 29001
610 33380
613 35728
618 15606
622 21269
629 8542
650 20968
651 15687
653 4130
653 6079
655 5448
655 35371
658 17454
672 3987
672 23572
674 13232
675 18514
692 5488
694 7460
695 20404
697 12088
699 24992
703 36471
708 21992
711 3598
724 27810
724 29328
728 7688
729 15410
729 16556
730 1322
740 29889
743 36004
745 28726
748 25294
751 29299
753 24639
757 20201
759 23438
763 28305
766 28611
768 7272
769 21309
770 26048
773 17851
773 33744
774 21365
776 11784
778 5137
782 5921
782 12593
782 16931
784 24341
784 25507
786 6221
789 12851
794 17567
802 12357
809 16396
816 18460
816 29890
817 13629
820 2730
822 4071
824 33745
825 1524
825 28783
826 18882
828 11416
829 6151
862 25609
864 30675
866 4876
877 2407
879 27639
880 35672
883 29670
884 5729
885 26301
888 5928
888 30376
893 12836
899 2619
899 8775
900 36315
901 14334
904 11268
917 12951
922 29418
927 26438
937 1047
947 23424
956 15758
959 9199
976 28630
977 36342
981 6380
983 21989
986 1172
991 35235
992 4817
992 24448
998 3448
1001 31253
1007 28417
1011 20939
1012 1859
1012 22151
1016 26740
1019 15626
1029 10593
1030 2016
1035 7062
1039 12003
1044 1191
1044 25094
1044 26728
1055 33513
1057 24575
1060 1819
1060 8106
1061 11586
1062 31324
1063 17206
1064 30660
1065 20619
1075 15104
1075 15222
1077 3007
1077 32205
1080 5813
1082 24011
1086 31365
1090 28306
1103 9250
1108 3249
1108 26630
1113 25509
1114 18302
1114 20387
1117 3885
1120 10693
1136 11351
1137 11705
1137 23885
1140 2910
1140 7485
1145 11073
1147 19911
1147 34350
1150 6645
1155 2318
1167 29866
1171 1637
1171 13509
1172 6335
1175 21326
1175 32910
1190 8809
1191 2775
1191 4155
1196 18035
1196 20094
1198 14584
1206 25737
1209 15028
1213 22355
1215 6642
1217 27183
1217 28569
1218 32195
1221 30279
1222 18734
1223 5669
1225 9286
1228 29358
1230 13376
1230 27682
1239 14702
1240 8644
1247 19269
1255 21521
1265 16028
1267 30371
1273 4348
1276 7121
1279 22279
1280 2694
1280 34454
1282 24482
1284 13028
1307 29999
1308 13571
1310 7821
1311 14272
1321 24900
1323 10440
1323 13467
1327 16793
1327 27800
1329 10046
1329 19156
1332 30646
1333 19715
1336 28203
1344 24409
1344 33184
1349 28250
1350 21995
1353 4981
1356 5899
1357 22647
1358 3781
1358 27700
1360 13092
1360 33075
1377 17357
1378 21369
1381 12829
1387 28454
1404 4713
1404 15005
1404 22815
1404 28096
1406 17495
1409 12354
1409 23723
1424 14085
1436 14276
1440 17462
1446 30501
1450 22417
1452 18078
1464 4357
1469 35269
1475 26485
1481 21308
1486 33612
1498 33991
1500 11832
1501 7164
1505 3753
1505 26686
1507 13200
1511 35245
1527 7425
1532 16612
1532 22955
1535 4535
1535 5107
1537 7048
1539 9279
1542 17004
1554 21703
1554 30106
1562 24985
1563 31467
1564 19858
1567 5708
1567 14755
1573 31536
1577 11521
1577 22214
1583 15059
1584 22995
1596 36265
1598 4638
1599 11483
1600 5071
1600 17285
1609 21248
1617 1896
1617 15185
1627 27013
1631 20842
1640 23790
1643 21347
1643 22064
1652 19781
1654 11510
1662 8689
1662 28410
1665 9039
1670 3120
1671 34163
1677 15047
1677 27299
1683 3683
1685 18922
1692 36263
1695 2794
1698 2084
1701 18851
1705 30090
1708 12584
1708 13130
1709 6490
1709 13639
1713 34486
1714 12193
1717 13206
1723 3119
1723 7114
1723 29590
1727 23429
1728 23921
1743 6643
1752 20680
1753 24600
1756 20201
1757 35406
1761 3356
1761 3674
1763 27159
1767 4563
1767 20915
1773 13528
1781 15078
1782 19534
1782 23680
1783 7239
1783 22054
1791 17519
1793 8369
1793 29256
1796 20915
1799 10152
1801 6312
1802 21127
1803 35831
1805 6312
1809 26923
1813 26724
1815 9619
1820 31396
1829 13236
1829 21669
1831 18266
1831 36160
1834 10369
1836 9165
1843 19326
1844 9915
1849 3760
1849 11257
1860 12386
1868 20191
1873 31910
1875 16714
1876 16232
1877 15592
1881 4526
1881 11588
1882 2858
1883 20553
1890 4045
1891 25276
1893 20127
1895 5830
1895 20511
1898 5255
1904 17440
1905 31560
1913 31044
1915 34702
1916 4929
1917 20559
1920 12230
1922 9642
1922 34760
1925 6816
1926 11177
1927 10608
1932 20636
1933 12044
1933 18389
1934 33843
1938 14512
1943 33666
1953 4835
1953 10258
1955 13362
1958 10516
1962 27876
1963 18280
1966 6956
1967 13486
1970 30637
1975 12774
1979 30436
1983 32324
1986 13081
1998 16499
2002 12984
2012 11097
2017 18151
2018 9541
2018 35486
2023 7956
2025 22161
2032 20387
2033 18324
2035 24370
2046 9133
2056 32403
2057 4233
2060 8491
2062 4984
2067 6152
2067 16845
2073 24747
2073 34530
2075 31776
2087 11843
2087 13533
2089 4864
2090 26088
2098 12024
2101 29774
2103 27286
2103 27361
2106 12770
2112 2400
2115 21193
2119 19395
2119 26779
2121 23253
2124 2747
2133 5020
2133 16737
2133 21830
2135 12808
2135 19121
2137 23711
2140 35462
2141 21408
2144 18622
2161 7492
2161 16862
2166 19835
2169 11886
2189 23100
2190 8789
2191 18629
2194 18107
2199 19752
2215 13317
2221 26085
2230 5631
2241 11203
2255 20917
2259 33251
2260 14663
2261 36110
2262 5577
2262 27445
2264 9203
2264 27058
2267 35731
2268 12916
2270 3082
2270 11391
2270 33499
2274 10473
2274 11680
2275 18816
2277 34914
2288 3431
2291 25913
2293 17914
2296 23942
2298 4247
2298 21059
2300 25295
2303 31596
2304 14898
2306 28614
2307 13571
2308 15264
2313 20779
2314 3719
2314 27380
2316 4936
2321 23643
2321 31208
2325 36222
2330 4627
2334 5004
2336 2743
2342 12791
2346 18384
2349 14082
2353 3662
2353 12412
2353 24382
2356 32819
2357 14857
2359 10578
2363 14359
2363 21914
2365 16168
2365 20958
2368 5290
2369 11988
2372 12709
2376 33137
2378 3464
2378 6297
2389 31317
2392 9929
2396 3747
2397 22354
2406 23703
2413 17190
2414 10314
2415 8033
2419 21575
2421 22316
2427 30432
2431 3623
2437 14482
2441 10845
2445 21763
2448 5080
2455 28676
2459 20585
2463 6885
2464 25739
2472 20037
2473 17489
2484 19765
2484 25514
2485 4207
2485 17808
2488 26905
2493 11518
2498 13166
2498 28222
2500 6139
2503 4855
2503 6093
2504 16990
2505 15926
2506 27642
2506 27972
2513 26600
2514 21004
2515 15785
2517 11750
2525 32918
2529 16915
2531 28092
2543 12520
2547 27440
2558 14499
2560 5307
2563 9880
2565 15326
2565 27356
2573 15592
2575 35907
2579 16332
2591 22398
2596 4096
2603 4320
2604 25605
2606 17607
2607 11062
2609 24862
2611 6344
2613 3357
2613 7158
2620 15078
2621 14868
2623 15143
2633 5551
2634 10616
2634 23710
2645 11560
2645 15907
2661 11157
2662 20912
2663 7356
2665 21382
2674 17821
2678 7399
2681 8033
2683 16206
2688 35240
2692 22601
2692 28163
2694 6096
2694 11799
2694 13064
2698 20505
2700 14757
2702 24367
2704 10144
2705 28367
2708 25057
2725 16240
2726 7653
2730 8408
2730 13044
2741 5370
2751 28583
2752 12457
2753 18669
2756 17315
2759 24840
2760 16928
2765 27379
2765 31475
2772 14063
2782 8187
2786 3773
2786 23831
2796 14116
2796 33870
2801 12905
2807 15834
2807 25880
2811 10264
2811 34111
2811 34894
2817 26921
2819 3839
2819 23496
2826 22043
2830 9621
2831 6181
2835 32919
2835 36529
2840 13472
2844 17209
2845 34316
2848 10018
2849 13850
2851 18787
2853 10200
2858 7386
2858 27382
2862 8231
2863 21047
2872 20164
2877 16608
2880 27309
2889 25885
2892 12917
2896 23500
2910 17535
2911 32957
2913 33853
2920 12586
2922 16370
2922 29698
2925 14849
2931 24439
2934 31563
2936 28170
2938 33149
2944 12904
2945 3931
2945 9071
2952 5070
2952 24114
2957 15500
2960 22462
2961 19290
2970 31943
2989 32861
3000 28037
3002 25938
3004 20077
3012 20432
3012 26033
3013 17800
3013 21989
3013 36563
3025 11891
3025 21996
3030 7123
3030 29774
3032 23906
3035 18651
3037 6104
3045 8230
3051 24470
3053 31995
3054 35129
3066 7055
3067 18302
3071 25218
3089 12763
3089 32616
3090 3393
3090 16006
3091 8304
3095 10745
3095 14082
3095 28891
3102 9031
3109 13185
3115 11360
3120 28570
3121 3467
3123 15638
3123 27642
3128 11373
3130 30838
3131 9186
3131 23701
3134 21507
3135 16002
3136 30742
3144 8082
3149 5887
3156 31306
3159 35157
3173 25413
3174 9882
3181 31759
3186 28902
3189 7818
3193 4606
3196 20575
3211 18064
3218 24798
3221 16310
3221 17589
3222 28450
3227 11862
3227 22479
3234 8229
3238 21279
3240 27799
3245 18738
3248 26776
3249 32068
3250 16197
3252 11867
3254 22815
3255 9171
3259 13817
3265 3474
3265 10449
3265 32541
3269 12649
3269 29208
3272 9922
3277 14736
3277 33808
3293 28700
3301 21179
3301 32834
3308 32821
3325 22919
3330 36025
3332 29664
3348 8346
3348 11098
3353 16636
3354 5851
3354 20693
3356 32711
3357 26218
3361 14473
3383 15814
3392 26647
3393 12904
3393 23206
3394 6369
3396 15866
3404 5038
3407 12251
3407 17897
3419 13456
3419 18126
3423 23091
3424 17005
3427 31887
3428 22969
3431 29278
3432 18663
3437 12239
3438 36137
3439 17050
3439 29814
3442 12691
3444 3534
3446 27201
3451 9906
3452 5314
3453 33440
3456 6409
3461 14568
3465 26530
3467 14980
3467 15072
3468 19669
3469 8158
3473 35095
3474 8035
3474 32095
3482 8004
3482 13580
3483 26230
3484 22867
3492 13556
3496 10367
3498 23818
3503 24106
3509 29980
3513 13469
3513 13856
3516 22224
3517 20265
3525 30127
3525 31734
3525 34072
3528 11943
3528 31534
3534 24171
3545 16115
3547 15105
3552 7959
3565 22719
3569 6446
3570 6564
3570 24293
3572 8228
3573 31981
3575 7762
3575 22359
3581 8440
3591 30853
3592 12035
3593 9677
3594 29408
3595 14957
3595 20035
3595 32963
3596 7793
3597 26151
3598 21020
3604 16247
3608 5112
3608 16809
3609 10780
3613 7504
3613 31763
3615 12757
3620 8366
3623 7714
3623 19678
3630 24459
3634 12912
3634 28655
3638 20608
3639 7149
3639 11983
3650 6924
3658 9339
3661 18405
3665 15560
3665 34071
3666 6910
3666 36110
3669 29880
3669 29900
3672 10701
3675 10137
3676 19185
3681 12339
3681 33077
3682 9501
3684 3826
3693 11338
3694 9329
3700 18324
3702 10770
3711 19942
3711 32623
3717 27916
3719 12258
3720 14587
3729 16019
3729 16225
3729 27495
3733 4862
3742 27865
3749 35054
3751 26134
3753 13533
3761 14382
3769 3876
3770 7869
3772 4838
3783 32834
3784 27035
3793 8784
3795 27344
3795 28193
3798 21641
3798 24725
3802 25446
3814 7819
3814 34324
3816 16256
3822 8609
3828 17967
3830 5608
3834 14931
3841 32218
3846 19969
3850 14412
3855 16273
3855 22547
3856 16978
3864 6226
3864 35943
3868 19484
3879 11403
3879 29309
3881 18116
3887 17215
3887 18695
3895 29133
3898 14494
3901 23019
3903 23994
3904 14872
3908 21716
3908 25704
3908 27053
3909 7410
3909 23205
3914 19635
3917 18165
3923 27392
3925 16268
3925 28079
3925 31002
3928 15733
3928 18401
3938 8108
3939 21092
3963 11209
3969 8411
3985 22221
3994 10833
4001 10233
4001 30169
4005 21682
4006 16276
4007 21406
4009 4615
4009 10360
4014 12785
4020 13945
4021 17350
4024 11399
4028 9678
4031 31118
4040 36222
4041 4366
4045 27639
4055 32384
4061 30235
4062 4841
4064 34900
4067 14207
4068 20808
4071 8850
4085 8161
4097 12320
4100 10341
4102 17043
4103 29473
4115 6829
4117 7081
4120 16778
4120 20952
4121 12668
4126 16559
4128 27308
4128 27675
4131 10313
4131 11437
4134 20804
4145 10760
4150 21875
4156 19534
4157 21748
4159 35671
4160 31050
4163 6699
4169 21077
4173 5342
4177 23317
4192 17592
4192 22866
4192 30956
4199 13229
4199 19898
4209 16177
4213 28006
4216 9396
4216 23839
4219 11654
4219 15077
4232 13941
4233 17636
4244 9012
4244 23898
4244 30953
4254 20967
4254 28857
4255 11663
4259 8879
4264 17294
4265 22631
4270 6585
4270 11048
4270 21986
4271 35892
4272 5179
4274 24120
4275 29084
4279 6272
4289 4609
4292 11406
4295 22783
4298 10750
4325 7532
4336 35667
4343 12046
4347 27946
4358 35154
4361 5185
4364 18654
4367 5125
4370 9657
4370 12031
4372 26479
4374 23607
4376 22380
4376 35696
4379 33837
4384 32630
4387 16650
4387 35700
4388 10799
4391 6684
4393 6773
4394 18205
4409 14581
4410 31089
4413 11016
4413 35700
4419 26155
4421 4920
4422 12685
4422 32884
4427 9217
4427 9473
4432 17623
4432 25323
4433 27446
4435 20646
4444 6694
4444 32906
4445 23065
4448 9832
4450 34110
4455 11122
4455 14717
4460 8716
4465 18119
4470 18334
4476 16853
4478 36170
4489 10672
4492 14186
4492 25077
4495 17621
4504 28672
4508 23167
4511 27700
4512 28099
4513 30231
4520 6607
4524 13878
4526 22161
4527 12832
4528 18833
4530 17498
4532 16051
4545 21302
4553 4673
4553 16909
4561 18147
4561 20899
4570 4671
4570 15728
4574 5944
4593 8351
4593 34133
4593 34386
4600 22702
4606 12501
4607 6322
4608 22559
4615 19156
4615 31801
4620 15791
4620 22468
4620 29838
4639 28837
4648 18369
4649 21052
4652 6705
4654 30643
4655 8554
4657 33150
4659 21102
4660 25726
4662 13607
4671 24633
4680 33688
4682 26047
4683 7241
4688 4870
4689 24888
4692 6180
4692 9337
4694 28129
4695 26809
4703 33356
4703 36425
4706 29918
4707 32568
4712 15578
4716 16287
4720 8134
4727 20279
4729 14388
4729 18301
4729 27489
4737 13644
4745 5970
4749 32373
4751 15415
4751 34730
4763 7469
4785 12149
4792 21698
4794 9959
4794 29580
4798 6700
4801 36172
4811 17640
4811 25492
4813 9566
4817 36349
4820 17407
4820 20125
4826 15883
4826 24180
4831 5422
4832 27579
4840 21121
4847 23782
4850 14241
4853 15027
4855 15713
4857 31342
4876 11983
4876 33603
4880 8842
4881 12275
4884 25906
4904 13969
4904 16749
4911 24232
4934 28865
4936 28202
4943 25293
4945 12468
4946 19998
4958 8557
4962 8010
4963 16767
4964 11811
4971 9529
4975 29905
4981 20661
4981 22535
4990 5918
4991 24154
5004 16090
5018 5095
5019 34971
5027 23065
5030 13646
5040 31601
5042 11512
5044 14435
5044 23159
5046 15522
5053 8775
5055 11060
5060 10958
5060 20783
5064 13032
5064 26111
5064 33481
5067 15493
5069 35242
5070 26905
5071 26849
5076 14763
5091 7721
5105 21917
5108 31749
5133 33651
5136 16613
5139 11432
5142 16485
5143 10838
5143 14848
5151 21473
5152 22090
5152 31427
5155 7726
5158 7726
5159 30111
5160 14533
5165 29316
5166 6074
5169 6347
5175 12158
5177 12515
5177 22535
5181 16469
5194 15965
5205 18489
5207 16584
5212 10007
5215 10825
5217 11087
5224 23846
5225 8459
5226 27365
5226 29324
5227 8132
5230 7658
5237 30407
5244 7816
5244 30622
5247 11183
5247 26234
5250 24247
5267 11580
5267 33104
5270 33875
5277 23502
5278 7826
5281 26055
5282 10428
5285 14823
5285 17773
5285 19166
5293 25596
5298 23427
5299 23395
5304 11784
5304 26867
5307 31344
5309 10768
5309 31431
5311 26605
5316 11302
5324 10582
5333 31677
5336 26633
5338 7736
5338 20216
5342 19467
5342 21846
5348 36314
5349 17808
5350 13595
5351 33096
5352 22237
5353 11324
5360 30816
5361 10914
5366 8091
5389 5539
5389 15823
5394 22340
5394 28371
5396 23505
5396 25046
5403 17800
5404 22557
5404 23733
5406 24478
5408 11391
5419 30213
5420 6073
5422 30676
5427 14986
5434 23206
5444 10406
5446 28482
5447 19356
5450 11104
5451 23315
5453 25821
5457 27745
5469 24577
5471 10830
5472 11953
5485 9730
5485 28903
5488 16825
5488 25315
5489 11046
5490 22092
5491 14433
5491 28937
5494 16048
5513 6659
5513 17161
5513 27951
5527 19731
5531 24804
5539 27381
5558 8040
5558 20355
5560 15023
5560 27012
5570 11720
5570 15934
5574 17125
5577 35223
5589 35824
5597 29710
5601 24030
5608 24920
5615 21343
5615 26458
5615 36376
5616 17947
5616 26837
5616 30085
5621 14661
5622 26068
5623 6561
5623 10658
5629 35319
5632 9975
5634 10176
5635 25980
5639 15459
5650 10555
5654 16039
5662 8630
5663 21116
5664 12711
5664 29216
5668 13827
5670 15908
5673 21342
5677 16420
5678 27313
5679 30171
5679 35284
5683 10898
5702 13010
5702 24094
5704 19268
5704 31691
5706 17810
5707 22047
5724 7281
5729 31858
5734 14681
5744 21386
5748 30402
5755 34743
5764 32868
5765 18039
5765 18698
5767 24132
5776 23793
5776 29937
5781 32222
5782 7900
5785 9277
5787 26740
5796 11722
5804 28614
5805 26220
5809 21331
5812 27454
5825 7144
5825 23653
5828 11826
5831 29809
5832 22024
5840 18297
5840 20910
5842 26438
5849 18216
5854 26626
5862 33745
5867 7021
5867 16620
5867 27167
5871 17320
5882 20967
5883 8590
5888 11633
5893 32094
5895 29507
5897 6386
5900 6987
5912 7744
5912 13565
5912 23292
5914 26533
5915 27076
5916 9776
5923 33993
5925 16720
5926 12696
5926 23341
5932 17968
5932 20481
5935 11703
5935 14108
5964 7724
5964 23496
5966 25809
5971 12045
5987 17268
5988 7504
6000 25798
6006 17672
6009 25250
6009 36327
6014 28011
6017 13022
6018 17364
6018 31761
6021 34434
6026 36264
6040 25470
6042 31431
6052 22226
6059 29365
6062 31673
6065 14397
6065 35828
6071 17350
6072 19492
6074 11958
6077 9211
6079 24369
6081 15516
6081 27592
6084 31364
6087 10677
6087 28678
6087 29085
6088 19681
6090 13679
6095 11603
6095 30686
6098 18357
6099 19783
6100 20640
6103 8314
6103 21432
6108 34034
6113 28345
6114 17404
6117 30432
6123 9119
6127 29339
6130 28556
6130 34968
6135 16662
6135 31678
6136 34049
6138 13878
6139 13298
6141 12818
6146 6981
6149 7422
6152 26108
6155 31549
6176 7898
6176 14089
6176 28265
6179 9914
6180 22201
6181 14968
6181 27237
6181 32052
6185 22802
6194 12711
6194 26531
6210 10259
6210 18067
6211 13177
6216 23543
6223 18438
6228 17215
6230 23354
6241 8724
6241 11136
6243 8028
6249 21991
6250 29072
6251 33200
6255 14869
6260 24525
6264 17839
6264 20395
6266 26503
6273 30357
6274 20158
6277 19415
6284 34443
6285 19585
6286 13309
6286 26837
6289 12238
6289 15503
6292 18637
6293 12193
6303 21240
6303 31200
6304 25252
6305 20752
6306 17145
6311 18414
6311 34706
6312 8042
6312 16444
6313 8347
6313 28699
6329 18030
6331 33863
6335 28682
6340 28193
6343 33767
6344 32617
6350 26193
6354 6441
6356 9233
6357 8292
6367 36020
6368 16278
6373 6599
6373 32585
6373 32739
6378 22003
6380 10693
6387 27395
6393 20410
6395 12852
6397 24536
6404 19052
6413 11715
6415 14560
6416 18119
6424 8150
6427 10461
6432 10531
6442 8661
6442 11991
6446 27445
6455 16835
6458 34981
6467 34049
6480 14524
6484 13147
6487 10040
6502 15488
6502 35657
6509 14581
6513 25349
6513 30680
6519 28788
6522 18205
6539 30868
6543 25208
6546 22312
6556 7458
6558 19182
6560 28964
6563 12666
6565 19486
6569 19626
6571 34914
6573 7061
6581 17914
6581 33331
6588 35406
6602 10722
6603 20073
6611 23331
6621 18968
6626 9766
6634 23092
6641 20621
6644 35539
6645 36312
6646 22425
6650 18296
6651 23878
6655 12259
6656 19655
6656 25682
6656 30830
6666 11791
6667 28448
6672 18749
6690 12273
6693 15184
6694 35761
6700 10622
6706 8571
6716 8105
6720 21707
6720 23543
6725 18244
6727 23790
6728 21695
6731 18550
6731 20853
6733 10119
6743 24131
6743 28264
6745 16749
6752 32069
6768 32084
6775 21449
6778 35464
6779 8130
6789 16678
6789 29342
6791 32620
6814 16951
6816 20263
6826 9401
6826 31995
6827 28617
6828 31479
6829 15584
6834 12504
6845 10326
6846 21832
6846 33301
6852 21534
6865 14289
6867 15548
6880 35606
6885 19528
6887 10406
6892 19869
6893 36484
6899 10133
6903 29374
6905 19680
6911 21800
6912 34089
6928 18162
6929 26495
6937 10464
6937 29469
6950 29069
6954 25543
6956 34556
6957 19929
6966 21825
6967 10641
6973 10806
6976 17310
6983 17380
6993 18832
6999 12520
7001 19412
7004 33356
7023 14886
7023 18813
7023 22388
7027 7749
7030 23974
7030 28538
7034 28382
7038 17202
7041 11443
7041 15904
7042 35905
7043 36387
7046 14672
7049 8394
7055 14147
7055 22991
7055 25608
7058 21422
7059 11583
7063 30644
7068 25324
7070 20955
7072 25365
7084 36427
7093 26231
7096 11009
7106 8612
7114 34677
7116 11388
7116 30516
7123 16385
7129 15742
7134 8840
7141 19992
7141 33220
7148 32527
7149 32029
7163 30997
7164 12360
7165 10187
7174 16356
7175 10651
7184 31706
7199 11116
7199 20944
7201 21388
7225 23256
7226 13558
7226 32184
7245 8789
7260 34434
7269 10801
7269 21160
7269 22064
7276 11018
7281 8547
7290 19150
7293 27349
7294 11955
7309 23690
7315 31717
7316 23409
7318 21111
7323 15142
7323 20263
7330 25149
7332 9019
7332 32995
7336 25509
7338 32920
7339 10370
7339 19360
7344 19206
7350 36093
7352 15814
7354 33016
7361 13430
7363 9492
7363 20779
7363 22705
7376 15907
7376 33614
7382 14290
7386 21334
7387 9536
7388 23566
7403 25136
7403 33617
7405 32830
7410 9137
7412 19650
7415 12010
7417 18937
7419 36617
7421 30756
7422 32344
7426 14733
7428 33577
7431 9492
7437 20140
7441 23318
7443 23554
7458 17041
7459 11680
7459 34457
7469 10859
7471 25732
7471 31275
7475 19713
7482 14015
7485 11928
7491 25119
7504 33617
7507 26397
7508 35398
7514 25892
7515 29359
7516 31288
7524 7538
7524 15479
7568 18351
7569 29148
7579 30302
7588 11922
7589 20581
7589 30404
7606 22252
7608 21207
7609 18162
7609 25026
7610 30827
7611 15318
7611 18838
7613 26820
7615 16219
7623 32159
7625 19971
7631 19885
7632 10728
7635 14411
7635 26396
7636 9295
7638 20842
7643 11323
7651 21122
7651 31968
7653 26315
7655 20923
7659 17885
7660 10200
7663 10420
7663 28757
7670 23026
7686 20926
7686 21953
7695 11342
7698 8482
7701 18743
7702 9130
7702 14900
7703 7715
7703 11211
7711 9409
7711 31044
7712 12393
7715 25349
7719 23135
7721 10527
7721 13585
7726 9240
7741 17318
7742 15410
7745 25927
7745 28281
7765 8033
7774 14508
7781 9235
7782 27049
7787 8684
7789 33090
7791 15514
7792 15094
7796 20127
7801 20156
7810 17659
7814 16977
7814 32011
7816 22497
7819 12253
7821 31305
7831 19501
7831 28147
7846 27819
7855 29846
7869 22412
7869 34977
7880 27519
7882 31857
7892 8694
7897 9994
7898 11290
7900 19122
7902 20128
7908 13411
7909 21431
7909 25079
7912 25290
7912 33283
7919 30501
7930 12771
7935 9685
7935 25355
7942 23480
7947 31333
7950 18310
7967 9202
7976 10656
7976 14924
7979 19183
7982 33710
7982 35981
7983 8225
7989 28077
7993 22583
7996 23762
7997 11403
8000 13088
8000 30199
8003 29857
8005 14581
8005 25229
8031 18149
8034 19664
8034 27311
8038 34311
8043 22192
8044 11811
8046 16664
8052 11080
8065 10819
8067 14386
8067 24862
8067 25107
8070 24399
8071 11839
8074 10425
8080 19800
8082 16909
8082 35788
8085 25319
8088 24225
8101 22601
8103 20808
8104 12273
8114 15890
8122 19377
8128 16590
8131 12699
8140 15274
8147 12249
8150 16463
8150 27745
8152 19783
8153 31296
8167 22183
8168 19696
8170 30568
8171 21062
8173 34469
8175 15972
8181 32303
8188 21266
8189 34654
8192 10440
8192 28202
8193 29895
8201 17354
8204 8407
8207 17010
8217 34359
8218 12710
8218 13716
8218 27836
8221 10750
8229 36112
8232 25549
8235 10129
8236 27682
8237 9104
8238 12072
8243 15885
8254 30620
8260 27466
8265 21725
8265 24406
8265 30157
8266 13358
8283 11694
8283 36387
8284 14344
8286 25139
8292 23912
8292 27101
8303 21695
8303 28085
8314 27840
8331 26671
8332 30473
8333 11757
8333 27141
8333 35582
8335 20274
8338 23669
8342 15293
8346 15767
8347 35933
8352 17420
8365 12640
8375 21857
8376 25395
8380 23985
8389 17818
8390 35933
8391 18983
8394 26892
8407 13185
8409 16097
8410 35612
8412 33855
8413 17228
8414 24163
8417 22590
8417 27812
8417 32184
8417 32916
8421 11580
8427 9034
8431 11264
8431 16240
8433 34868
8434 21992
8437 19621
8438 29507
8440 17046
8450 22290
8450 27327
8451 9044
8455 17788
8459 25392
8459 26599
8469 15633
8474 17534
8475 25453
8489 11629
8491 11350
8493 21673
8493 24780
8495 10810
8500 33382
8501 10218
8503 13936
8504 27053
8509 11364
8519 28049
8527 14524
8540 9290
8540 16788
8543 32289
8543 32315
8546 13324
8557 9422
8558 14651
8558 23150
8560 16299
8565 27737
8571 29759
8577 30954
8579 8749
8579 12506
8585 13446
8590 18165
8590 27546
8599 19959
8600 25211
8600 28957
8604 21671
8618 21030
8620 10214
8620 19153
8620 22086
8630 27689
8635 31041
8636 9291
8656 14009
8662 10685
8702 14407
8703 29313
8707 29529
8716 17024
8738 27613
8744 26941
8744 28168
8747 16198
8760 13447
8765 14899
8765 23268
8767 14508
8774 13522
8776 26256
8776 34054
8779 30126
8789 34848
8793 28539
8801 28350
8805 26077
8809 25828
8811 9470
8820 17967
8823 31303
8826 25888
8830 33200
8831 20708
8831 26950
8840 11155
8842 19074
8843 34166
8846 34122
8870 11605
8872 14173
8875 27454
8879 34664
8880 24648
8888 24482
8905 28501
8908 11311
8911 13423
8911 34814
8913 22319
8921 32228
8922 14289
8928 16086
8928 30477
8946 26033
8947 20944
8948 34632
8953 35348
8956 19812
8968 19676
8974 32289
8976 14879
8978 28675
8983 21543
9004 16382
9004 29634
9018 17846
9022 35456
9022 35732
9027 27687
9032 15910
9032 23403
9034 27598
9041 24731
9046 9534
9051 28249
9052 31924
9059 27744
9091 12367
9093 9942
9096 10779
9104 19573
9105 25375
9112 20150
9126 15793
9132 13950
9132 20552
9134 32227
9137 34246
9139 21127
9156 27677
9158 11080
9158 19939
9162 20280
9165 34047
9171 10607
9177 20711
9186 33347
9194 19238
9194 23717
9198 11515
9200 14173
9208 15763
9209 24341
9215 13202
9215 22959
9215 24145
9215 29946
9218 28528
9226 14234
9227 17309
9238 18590
9238 20884
9241 32616
9250 22252
9256 35722
9260 14234
9262 25654
9274 21500
9280 14999
9280 31759
9287 19380
9295 19626
9303 13392
9318 10652
9319 18842
9319 36098
9320 12704
9321 20035
9326 19543
9334 18228
9338 11090
9345 28667
9348 12660
9348 31906
9350 12798
9350 26645
9352 28159
9357 15222
9358 11963
9365 17139
9366 17849
9367 16264
9368 12921
9368 27732
9377 19846
9378 17052
9384 36488
9395 33104
9401 11930
9401 23459
9405 36165
9406 31298
9410 18097
9432 28667
9448 20191
9459 17887
9459 19155
9476 27872
9480 10745
9483 9619
9485 30363
9499 25569
9501 25212
9502 15219
9512 13879
9527 35421
9534 31586
9541 34448
9546 9651
9553 31899
9555 36341
9566 25933
9566 28813
9566 32664
9566 35502
9568 30169
9569 14276
9570 28258
9570 30983
9572 11830
9575 32436
9579 14674
9579 27375
9588 27439
9592 12294
9593 10196
9594 23367
9598 31381
9602 23069
9611 25046
9615 32693
9617 14052
9619 22742
9621 31362
9623 23656
9635 20577
9642 19897
9645 20857
9646 12819
9651 26473
9657 17655
9658 24321
9664 25626
9667 16478
9673 33101
9674 12676
9675 34067
9677 10181
9682 18708
9685 23912
9685 27623
9686 16451
9691 32190
9693 33784
9699 28089
9699 35099
9703 17103
9711 15081
9714 23747
9731 35700
9745 23499
9749 10147
9751 22618
9760 12335
9760 25861
9760 32974
9762 30086
9763 19655
9768 24069
9769 29929
9770 26009
9776 12519
9782 18892
9782 21007
9786 17012
9787 11750
9792 25990
9798 24841
9800 13252
9817 24743
9825 28877
9827 17566
9829 24148
9833 14303
9836 28087
9837 17702
9845 11281
9851 10086
9858 21751
9865 16893
9867 25489
9874 22091
9877 36617
9880 23322
9884 25195
9901 11288
9901 14898
9903 20529
9907 34598
9909 31025
9910 35606
9915 30429
9918 20616
9921 23701
9922 26100
9924 16505
9925 29186
9926 25178
9938 34558
9946 27649
9952 17482
9952 30073
9953 23678
9964 12327
9973 14810
9975 29709
9979 13844
9980 18153
9980 25268
9997 20247
9997 23877
10007 14581
10008 28725
10009 25720
10018 22936
10022 19833
10022 24796
10030 17279
10031 31290
10044 10660
10046 34403
10047 22297
10047 24365
10054 24176
10054 27240
10055 11996
10055 12892
10063 29239
10064 10181
10074 12730
10074 23680
10083 30043
10085 13324
10085 31759
10086 23998
10094 20517
10098 17145
10103 14391
10103 34198
10112 20507
10113 19666
10113 28450
10120 22397
10126 35384
10129 30235
10134 34225
10137 23431
10138 16324
10140 21808
10142 12254
10153 34126
10157 16601
10171 16329
10171 20565
10176 13639
10181 17286
10187 20889
10192 15534
10198 10573
10200 11198
10201 12033
10204 19451
10210 21529
10211 15245
10218 22072
10221 14943
10224 11603
10226 34764
10227 23450
10230 11621
10232 17047
10234 19287
10236 11119
10237 26589
10240 30757
10249 12105
10251 11288
10258 19524
10260 12836
10260 14144
10263 15544
10273 28901
10277 28454
10281 11452
10281 22784
10281 27680
10285 24573
10285 33101
10291 19639
10303 19686
10305 28523
10305 29541
10307 14976
10307 24323
10307 34988
10313 13068
10340 32350
10341 36602
10342 18967
10348 12310
10348 35165
10354 28238
10360 13707
10373 18360
10383 21986
10383 25319
10396 17309
10401 12623
10401 20362
10402 12565
10403 17743
10403 26188
10416 11594
10416 22642
10418 31717
10425 31139
10429 21911
10446 25998
10454 16721
10472 12876
10503 17041
10504 27642
10504 33572
10505 12775
10505 20364
10509 11449
10509 15038
10509 29895
10510 19633
10514 21938
10516 26159
10518 17854
10526 21019
10526 30660
10539 14967
10542 29431
10552 20279
10555 16632
10555 25736
10573 35242
10577 26284
10588 16317
10591 26137
10593 29968
10599 21192
10628 15188
10635 18766
10636 17743
10637 22274
10641 29580
10653 18338
10655 21589
10655 25757
10658 12247
10660 21254
10661 23056
10666 11204
10674 25430
10690 18652
10691 25818
10693 11378
10697 34177
10711 13477
10715 11658
10715 14820
10717 17706
10727 25630
10729 25099
10734 14236
10737 18801
10742 20400
10746 19298
10746 24877
10750 15995
10751 12910
10751 27160
10770 20321
10779 20014
10785 12579
10787 22260
10792 24320
10794 12717
10818 28619
10819 20686
10819 31021
10823 14461
10824 36400
10826 12629
10827 20200
10831 25262
10833 20856
10834 21059
10839 32916
10842 15484
10852 21350
10853 34986
10854 19230
10854 24892
10856 33101
10860 24052
10867 13221
10878 32030
10887 16917
10887 28084
10889 13619
10893 23166
10894 12696
10894 17554
10894 26671
10897 20610
10897 24985
10908 11275
10916 16390
10923 35472
10924 17989
10928 12372
10928 16443
10936 25879
10936 34801
10937 15662
10939 30949
10944 12021
10951 24723
10953 12886
10957 31147
10958 16467
10959 13113
10959 15747
10959 31354
10960 11423
10973 33207
10977 21661
10995 21939
11000 11048
11009 35586
11021 27340
11033 11558
11036 33801
11046 12717
11068 12057
11073 18664
11078 21437
11080 20412
11082 24889
11087 13450
11087 21926
11091 21252
11091 31964
11093 30431
11104 27700
11106 34719
11108 12989
11116 14328
11119 26710
11119 35978
11121 17617
11122 18463
11129 21354
11135 22686
11138 13600
11141 25627
11143 35654
11146 28976
11148 17968
11151 18075
11155 27383
11156 19733
11156 27806
11170 24011
11176 16843
11179 13391
11182 17304
11201 19847
11202 35010
11221 33775
11223 26767
11229 32125
11241 28375
11246 26562
11247 29253
11255 22506
11255 26991
11257 23367
11261 24994
11264 22985
11265 32874
11267 29653
11268 33123
11274 30630
11281 31454
11288 29324
11292 21317
11293 20057
11300 11572
11305 32613
11306 28990
11307 32798
11311 33961
11320 29637
11323 35897
11328 13991
11344 15700
11347 33334
11348 15713
11348 25821
11351 25184
11352 32478
11355 14001
11355 32213
11357 15493
11360 16563
11363 21515
11363 33075
11367 21018
11367 25262
11368 18869
11370 32332
11379 29660
11382 13514
11391 25186
11396 22487
11407 18290
11408 13135
11416 14768
11420 31888
11421 31200
11425 27935
11431 20922
11437 28570
11442 18415
11455 28258
11456 24450
11463 26485
11464 27418
11465 31016
11466 21398
11469 25348
11492 17920
11492 18216
11493 14881
11505 29559
11508 26296
11514 22817
11535 31135
11545 11680
11547 21578
11559 12725
11562 28381
11564 31982
11568 17890
11569 34890
11583 17995
11587 21549
11589 27025
11591 33925
11603 12436
11603 23809
11613 29976
11616 32287
11630 26683
11637 13670
11644 22808
11652 19456
11654 19870
11654 26108
11656 22978
11659 13009
11662 11939
11662 21364
11672 21149
11674 19376
11681 14225
11681 32095
11682 18617
11687 13713
11687 15043
11688 26558
11698 26892
11701 11794
11713 14836
11722 29102
11729 32576
11730 14559
11732 18269
11738 18686
11746 26458
11752 12630
11754 35821
11755 33992
11758 32206
11759 19548
11769 18749
11777 16444
11784 20950
11791 18035
11800 27555
11801 19885
11811 13004
11815 27072
11820 13432
11821 16642
11821 20333
11822 25533
11825 25810
11828 20772
11828 29889
11830 19667
11833 14947
11847 30911
11851 19523
11860 18748
11862 25643
11865 20073
11866 20539
11866 36419
11868 22494
11875 24763
11893 25724
11893 34309
11901 15695
11906 27329
11907 30875
11908 15419
11911 30970
11940 25509
11947 13866
11947 24265
11948 15185
11985 20647
11987 27919
11994 23296
11994 33056
12003 12100
12005 21947
12005 27675
12010 13674
12010 34249
12011 25817
12015 29156
12020 23878
12020 28332
12043 27605
12050 25273
12055 12567
12067 27779
12096 22389
12102 12511
12102 21608
12136 20128
12136 22271
12142 34130
12145 26598
12154 22140
12154 34884
12157 28661
12160 17746
12163 14834
12164 17690
12166 14401
12166 24005
12167 36650
12168 13525
12181 22975
12183 15798
12198 28361
12216 19464
12221 26396
12222 24013
12225 21339
12225 27987
12227 22106
12239 25925
12253 25397
12253 30467
12254 16880
12257 31028
12258 26724
12258 35131
12268 30741
12273 21513
12288 19503
12289 25082
12292 23991
12302 24141
12303 35157
12307 16971
12309 35530
12312 35405
12313 18776
12317 29921
12324 21865
12327 23207
12346 18542
12353 24694
12372 13302
12385 12693
12385 19489
12385 19536
12393 34632
12395 26588
12397 22999
12401 22068
12423 16443
12424 13391
12430 33878
12434 17058
12434 26573
12436 34693
12437 16742
12437 28457
12440 24908
12445 23700
12457 28472
12461 13025
12461 19743
12463 13695
12469 21656
12469 36565
12471 19121
12475 31385
12476 18100
12479 22090
12480 31759
12501 16481
12506 29983
12509 21469
12511 18033
12533 16847
12537 18602
12539 18421
12544 18501
12559 14016
12561 16373
12566 27005
12567 20085
12579 35045
12581 23899
12585 24059
12596 31852
12596 36495
12598 33081
12599 24943
12630 18650
12636 12987
12647 17454
12650 16020
12650 31475
12653 28879
12656 17158
12660 25145
12674 13838
12676 16317
12680 31034
12681 14329
12684 36500
12686 29285
12697 23686
12698 16507
12700 13169
12708 17189
12711 20446
12717 13370
12728 21826
12739 31982
12739 33292
12741 24792
12741 27881
12743 24305
12749 16609
12762 16012
12762 33387
12770 27275
12771 13405
12772 22891
12776 24966
12785 33661
12790 13249
12790 18590
12791 16412
12793 18055
12795 15329
12796 14082
12798 13457
12798 29063
12799 22702
12803 29950
12811 30657
12814 18661
12818 25853
12819 22798
12821 22149
12833 34808
12836 31878
12843 34984
12844 34210
12852 27971
12852 30123
12854 25186
12877 24334
12882 28297
12885 14158
12889 27013
12892 22401
12892 32755
12907 22790
12907 22950
12909 36585
12914 14102
12914 14264
12917 13732
12919 35353
12933 21718
12933 32980
12941 35935
12943 26512
12943 30603
12945 20607
12949 26009
12963 17617
12965 24959
12976 36029
12982 28682
12984 28243
12987 36264
12989 34693
12992 26908
12994 25673
12995 15628
13000 16786
13003 25884
13009 25787
13012 13613
13024 15374
13027 13064
13032 32451
13036 24373
13039 21297
13039 31823
13040 20515
13042 13835
13044 15028
13060 13436
13060 32114
13062 18109
13072 19716
13073 13580
13089 20661
13091 15020
13111 28857
13117 20156
13122 21055
13133 13871
13135 29068
13147 35364
13166 30419
13169 15972
13169 29296
13179 15674
13202 26018
13203 35391
13206 33566
13219 14300
13219 18216
13221 23430
13237 32275
13237 34386
13262 21987
13264 28206
13269 20117
13285 34834
13286 21903
13291 33856
13292 31771
13296 36276
13297 14225
13297 27193
13301 15507
13303 27422
13303 36359
13333 22125
13344 18983
13344 19828
13345 17732
13347 29185
13350 20687
13359 36004
13361 29222
13362 16646
13364 23140
13366 22913
13367 19548
13370 18074
13370 22427
13370 22528
13385 18974
13393 30547
13411 15826
13411 23456
13429 27979
13436 16321
13436 26832
13436 30939
13439 16624
13444 29696
13444 30405
13445 16931
13445 27442
13457 13497
13457 23016
13457 28611
13467 25232
13472 17091
13473 32499
13487 16895
13496 20799
13498 17156
13499 26561
13507 29361
13509 31867
13509 34054
13516 32723
13517 29785
13529 17511
13544 22376
13545 17691
13546 14945
13554 22211
13555 14360
13555 19812
13556 21703
13558 17811
13571 26838
13574 13729
13579 34769
13584 33429
13585 25931
13587 28138
13588 27307
13588 30749
13594 21297
13605 18366
13605 28650
13605 28762
13607 18684
13626 14394
13626 20646
13635 36072
13639 33808
13642 20278
13647 13834
13647 31836
13647 31851
13650 23491
13666 35228
13669 18729
13669 31190
13686 34830
13699 24226
13703 28117
13712 32440
13713 26399
13713 29164
13718 23067
13723 19486
13736 26218
13743 18463
13746 31045
13751 16666
13752 30650
13780 34633
13782 17833
13789 19865
13793 16430
13801 35610
13805 13846
13806 14711
13826 27022
13831 32657
13834 31429
13835 24529
13851 28865
13852 15408
13857 18289
13884 35318
13917 22867
13924 32114
13928 15520
13931 35716
13936 25869
13938 14980
13947 33817
13949 26021
13950 30335
13953 27919
13965 21755
13966 14759
13969 20673
13972 16519
13973 21993
13978 33294
13982 26549
13989 25884
13991 26508
13997 34726
13999 16839
14001 31700
14005 16408
14013 32974
14018 32437
14044 31691
14046 15978
14050 15293
14055 19681
14061 34049
14066 32647
14086 17196
14088 19473
14091 16317
14093 28921
14097 26740
14102 18953
14135 25049
14149 33930
14150 17331
14150 27780
14156 19432
14158 14852
14170 21645
14176 24669
14184 25503
14185 25408
14186 34413
14196 28528
14204 26763
14227 22427
14230 18727
14238 34494
14247 15659
14247 31762
14276 28844
14276 33729
14293 16123
14294 31049
14322 32096
14329 21350
14350 35363
14365 23169
14367 23790
14370 23372
14371 16740
14372 23762
14372 36165
14381 15550
14381 25686
14388 17977
14395 34645
14413 20087
14413 27788
14418 22963
14424 35509
14434 35983
14435 16259
14437 17925
14444 25913
14444 30715
14445 24526
14459 16041
14459 18709
14464 26098
14465 16839
14474 18365
14482 20703
14483 22908
14495 14967
14499 19623
14500 26451
14504 24967
14508 29748
14518 28074
14518 31256
14525 21363
14525 25810
14534 29960
14544 17084
14552 20789
14560 16425
14560 17460
14561 26856
14563 24409
14570 16537
14570 18212
14572 31566
14582 31864
14591 25670
14607 15613
14609 31294
14612 31321
14615 24756
14620 35654
14623 16594
14638 19538
14660 25557
14663 22915
14672 27008
14676 16546
14680 26424
14681 14951
14687 16031
14688 35792
14700 27098
14710 22945
14711 19650
14729 23754
14732 21804
14743 32163
14760 31493
14761 33098
14773 15684
14776 22024
14778 33761
14782 34762
14790 29811
14791 24599
14804 27625
14806 15968
14812 33925
14821 32476
14840 15546
14847 33090
14848 23403
14853 21659
14861 30826
14862 36522
14869 20588
14870 15698
14872 22164
14879 23150
14884 17804
14884 23895
14886 15694
14890 25007
14891 19413
14899 18274
14902 20189
14904 22976
14907 16601
14907 22483
14908 31604
14924 32410
14929 31457
14942 19913
14943 24439
14948 22068
14951 20397
14954 28896
14962 23929
14963 16417
14967 15338
14979 26969
15002 17487
15007 21803
15010 26203
15014 18100
15021 17178
15023 24321
15026 20389
15043 17937
15043 20238
15069 18171
15071 32359
15072 33579
15074 24655
15081 30071
15081 33279
15090 24640
15091 24193
15095 20808
15105 29480
15107 32292
15117 25900
15143 31290
15150 24950
15151 23996
15151 34690
15167 28157
15185 34317
15187 17295
15187 22395
15192 28249
15197 26275
15217 19459
15217 24763
15219 35157
15225 30698
15226 32336
15230 25885
15230 28737
15230 29561
15247 35252
15257 17871
15262 34658
15269 29768
15280 20674
15280 31429
15301 32376
15303 28269
15314 18126
15325 31358
15329 22671
15333 32020
15335 18687
15337 22942
15337 27387
15337 28861
15338 20858
15339 31034
15359 18695
15359 28274
15364 32373
15385 23322
15393 33508
15399 24126
15404 16945
15410 30032
15412 22732
15412 33054
15433 18262
15459 26800
15460 28657
15462 21660
15467 21128
15468 29694
15473 23992
15479 21067
15487 16783
15495 33461
15507 16251
15507 25376
15507 29376
15512 19511
15512 22806
15517 24888
15521 32587
15529 25398
15531 17880
15532 19174
15533 24876
15534 20545
15538 20579
15538 24790
15539 17222
15546 32020
15550 17730
15550 22009
15553 20621
15557 28195
15564 21130
15582 28112
15584 27105
15584 36170
15593 26075
15597 34006
15600 35242
15602 18935
15613 30329
15631 24967
15640 25403
15641 20868
15643 25869
15647 30978
15665 26137
15672 20161
15677 34342
15677 35061
15695 25596
15698 17380
15701 25882
15711 34885
15714 34730
15720 20029
15741 21704
15745 18129
15747 34079
15754 27680
15754 27901
15757 26307
15758 24628
15758 31101
15767 20243
15769 35406
15772 20884
15773 18024
15785 25052
15790 25064
15790 35539
15791 19660
15791 36185
15792 20889
15796 20804
15798 16993
15804 30736
15814 23243
15822 27768
15826 17097
15829 31897
15847 33397
15848 20623
15855 25916
15856 28107
15864 16531
15888 25588
15892 35648
15893 17280
15902 22601
15908 29470
15937 25009
15951 35582
15952 20492
15952 28788
15961 23710
15961 28561
15965 22237
15970 19138
15972 30481
16002 17034
16013 19498
16023 32052
16025 24411
16025 31466
16031 26608
16034 17207
16038 29188
16041 19023
16042 32395
16051 25295
16051 29400
16053 33356
16058 36412
16065 34595
16097 21828
16115 19362
16118 23815
16118 32441
16118 35105
16143 31163
16149 21516
16155 20615
16155 25823
16160 29328
16166 16900
16177 16437
16179 33490
16184 33594
16187 16440
16196 28274
16204 28533
16204 31668
16208 28988
16212 22978
16216 19896
16242 17387
16255 27362
16256 17666
16259 26207
16269 20926
16272 20810
16273 18897
16275 20865
16280 24274
16280 32205
16293 24508
16302 32994
16319 18416
16319 27411
16321 31648
16332 20075
16345 16580
16346 32811
16352 27265
16363 22915
16363 27094
16373 17902
16373 31616
16374 17221
16375 16538
16375 31972
16379 18674
16390 18801
16395 23553
16405 26406
16407 31340
16409 35654
16416 32770
16419 18421
16419 22985
16421 23514
16440 19812
16440 26567
16457 24309
16460 35012
16462 20857
16479 24825
16483 33942
16486 19033
16499 27350
16499 33497
16506 17576
16506 30698
16509 27297
16512 32695
16514 17521
16514 21264
16522 17810
16537 23274
16543 17701
16552 20133
16570 27266
16577 23173
16583 26373
16594 26280
16609 30204
16613 19033
16615 33713
16622 29754
16636 34225
16642 24424
16645 22376
16648 34217
16665 18550
16666 31788
16668 30410
16668 33511
16670 24238
16677 26389
16686 35479
16714 21127
16714 28988
16718 27099
16721 22590
16725 28036
16726 24377
16727 17817
16739 33979
16741 25056
16743 19158
16745 35229
16769 29350
16773 33527
16777 22670
16779 32207
16788 33840
16809 29732
16828 31289
16831 29386
16835 17041
16835 28931
16836 24627
16840 25411
16840 32138
16866 24400
16872 23717
16880 36140
16881 29646
16888 23455
16892 24000
16899 27008
16900 17420
16906 22569
16910 34651
16916 21618
16917 35958
16919 20610
16938 31548
16962 25067
16968 21386
16974 18009
16980 21773
16989 30182
16990 27170
16994 20218
17009 30499
17018 36061
17030 22723
17035 35958
17038 28251
17052 33878
17057 24145
17062 26200
17082 30475
17082 31352
17090 17685
17093 31418
17094 29479
17098 20529
17130 17788
17134 34433
17145 20358
17145 24470
17154 31762
17162 22860
17164 26085
17168 31637
17180 30222
17186 19459
17193 20816
17193 27723
17195 28023
17212 30736
17227 31756
17231 35817
17252 33953
17266 28282
17280 27632
17286 28803
17292 19642
17304 33267
17306 34513
17336 33077
17350 22398
17357 33916
17366 21935
17372 21067
17391 28203
17396 31635
17411 22999
17422 26966
17433 27923
17440 33161
17440 34217
17441 20896
17450 28989
17453 20158
17459 18882
17462 21641
17465 20117
17465 23437
17465 24325
17477 19247
17495 20247
17497 34510
17511 27984
17526 26719
17526 31306
17534 35819
17536 21809
17536 35769
17546 31875
17552 31834
17557 33710
17565 33038
17567 23833
17567 24521
17567 30184
17581 29405
17582 31323
17597 31555
17610 18908
17632 27977
17633 18749
17633 27610
17648 33473
17658 20937
17658 22254
17662 20840
17669 22389
17702 24327
17709 35513
17713 24082
17714 21890
17734 28621
17742 35154
17743 28908
17759 35543
17791 27530
17802 20932
17810 32191
17813 23076
17825 32494
17828 30679
17833 27996
17836 26651
17837 26818
17850 21511
17870 33733
17878 18869
17879 31640
17882 20444
17883 30224
17884 28651
17885 26970
17886 24728
17890 24887
17899 32303
17902 18016
17910 29734
17910 33795
17918 26969
17927 35635
17938 27033
17939 31450
17971 20903
17983 18617
17983 23850
17991 18459
17992 30467
17998 19438
18000 32898
18007 34585
18009 18353
18016 31308
18019 26852
18033 19703
18055 18973
18073 19268
18076 21645
18082 20619
18086 19265
18086 28722
18086 32039
18098 28133
18104 30527
18105 32868
18114 36133
18139 30897
18153 32490
18160 22752
18162 23330
18163 34833
18166 35110
18172 29917
18175 28094
18194 18705
18210 26391
18226 22850
18232 18566
18233 22101
18233 30664
18253 28989
18255 23096
18280 31749
18291 18749
18296 25460
18297 27998
18298 22005
18310 33844
18312 23290
18318 26233
18321 31061
18329 35437
18341 21574
18357 24834
18370 19348
18379 30667
18381 30183
18381 30709
18389 31716
18410 23396
18427 32645
18441 28411
18442 29490
18460 21760
18470 31898
18473 21090
18474 25966
18481 27735
18483 29261
18485 18536
18490 27187
18499 25064
18501 33587
18508 33807
18525 26016
18528 25855
18534 32441
18539 26722
18550 30771
18564 20057
18585 22387
18586 20856
18586 22392
18597 24938
18624 23337
18628 19894
18633 22583
18634 33953
18637 25662
18639 27877
18640 18992
18644 27860
18647 31522
18653 28437
18659 19292
18664 19511
18664 32871
18666 25630
18673 30066
18699 21348
18699 25117
18700 36587
18704 32031
18705 27341
18724 34818
18725 31858
18738 22994
18741 27827
18744 19682
18749 31984
18777 21996
18785 28525
18785 29520
18797 35952
18868 28719
18870 24397
18886 31005
18892 35283
18920 27130
18940 27870
18964 28862
18972 27000
18977 27813
18983 24995
18983 26046
18986 28450
18995 25376
18995 31194
19037 25688
19046 33475
19064 25549
19069 21118
19076 25548
19082 35177
19091 32230
19092 34718
19094 21891
19103 20166
19118 24026
19120 27122
19123 23567
19131 20394
19131 22321
19132 27324
19134 35890
19135 21151
19137 21042
19216 33789
19221 23220
19231 26237
19263 21085
19263 27224
19270 22402
19274 31354
19285 25375
19309 23424
19325 35261
19326 24109
19352 21461
19360 33387
19365 26199
19374 35486
19375 20480
19376 23539
19380 32599
19400 32845
19401 22626
19401 29604
19402 24131
19413 20387
19427 25068
19431 32980
19467 35967
19470 19880
19470 27460
19472 32846
19482 24949
19492 26979
19501 24000
19503 29557
19504 26483
19510 27865
19521 36112
19533 36400
19538 32048
19573 24270
19577 23488
19579 34742
19597 25815
19632 29379
19658 34768
19664 22483
19666 20080
19666 21422
19669 24774
19680 27207
19682 30049
19689 34880
19713 20362
19715 20472
19720 36019
19729 25056
19746 27804
19764 27809
19766 24323
19766 26908
19766 31877
19792 23545
19804 22027
19810 21710
19810 30677
19814 21504
19828 19890
19851 26750
19852 19892
19852 31903
19863 21933
19863 34129
19869 23231
19874 29962
19875 26073
19876 21299
19880 23782
19890 23537
19892 31155
19915 34042
19917 22377
19917 30920
19927 20420
19929 26289
19938 22277
19939 26458
19941 29811
19947 20102
19990 26474
19995 32150
19999 28205
20048 21246
20058 20955
20080 20842
20081 24830
20090 31269
20094 26933
20096 31086
20102 28700
20113 35235
20115 22156
20119 25932
20123 36172
20128 33429
20129 35101
20146 29271
20171 36135
20186 22473
20197 35870
20214 31989
20238 23978
20242 32397
20246 31211
20262 21158
20263 27996
20264 20517
20278 31089
20285 21289
20286 21798
20290 22367
20293 31233
20309 34618
20321 26448
20322 21284
20337 25774
20337 26858
20358 29460
20363 25498
20377 27167
20380 25453
20391 30878
20403 21207
20403 26924
20412 26981
20420 27846
20422 23342
20449 27481
20450 30657
20465 27350
20468 22513
20474 26258
20483 27192
20485 20748
20485 35586
20499 24613
20503 34892
20512 31885
20516 24265
20523 21488
20549 31548
20571 29228
20577 28531
20590 24193
20618 26443
20621 22587
20639 20816
20656 31309
20657 34555
20663 31280
20668 21789
20676 30568
20677 30554
20696 22913
20712 22506
20716 28158
20719 25229
20719 27309
20734 33956
20737 32425
20738 25364
20761 31717
20769 32191
20772 25601
20777 25362
20806 23683
20806 29267
20808 28121
20817 33985
20819 28278
20820 30157
20839 30587
20865 31586
20870 24082
20870 24817
20870 26014
20884 24855
20888 34901
20900 26836
20902 35728
20910 26495
20915 25950
20917 21121
20922 24893
20923 27144
20923 28140
20924 23990
20940 24067
20941 36332
20946 23295
20955 21881
20971 33632
20974 34512
20974 35060
20980 32742
20993 33472
21004 35295
21006 23970
21007 28107
21026 30443
21043 25205
21060 34238
21090 22850
21095 29072
21106 22124
21110 36020
21111 28746
21119 22073
21142 24373
21157 30838
21158 27194
21167 25129
21189 21618
21195 36132
21264 28621
21264 30760
21266 35245
21269 33099
21277 22543
21281 24940
21281 31381
21289 25532
21295 31422
21296 21891
21303 28018
21338 25252
21339 25295
21342 23231
21346 26003
21346 29596
21348 32816
21372 32635
21378 29557
21379 23569
21395 27621
21397 26453
21408 25329
21414 30444
21426 28226
21434 24358
21435 22567
21458 32159
21470 21711
21473 34313
21482 22513
21500 26056
21501 25566
21506 28725
21506 30273
21515 36539
21548 24388
21549 26371
21554 24911
21556 27640
21558 27159
21578 34898
21580 33614
21590 32033
21605 24450
21606 31728
21610 31049
21613 26727
21613 27211
21630 28148
21636 23916
21640 33596
21640 35700
21648 23408
21650 22404
21650 30379
21656 36204
21657 26009
21660 34556
21671 31657
21672 23292
21704 26535
21713 27164
21714 25118
21717 27810
21750 35387
21766 23634
21766 26406
21783 29063
21789 31604
21789 32340
21793 30073
21793 34715
21796 22402
21797 31528
21806 34886
21808 35476
21827 31888
21828 29363
21831 36070
21855 29748
21857 30672
21864 23815
21880 22986
21880 24779
21899 29850
21900 26124
21912 24732
21940 23669
21966 31100
21979 28667
21992 28500
22007 31093
22010 30979
22012 31535
22032 27366
22044 28912
22046 27161
22054 34040
22072 35371
22076 27827
22103 34752
22121 25008
22122 36166
22136 26195
22138 33195
22140 34733
22153 26419
22153 28007
22153 28373
22153 33600
22184 26974
22184 36466
22195 30579
22253 26256
22255 28038
22259 24068
22272 33767
22273 26319
22273 27053
22291 23103
22291 28007
22293 32668
22312 25413
22316 26072
22320 23218
22320 25095
22344 24994
22357 27299
22375 35320
22379 29931
22385 22513
22395 31125
22396 31330
22409 30443
22428 26047
22435 25270
22435 26801
22440 26530
22462 22702
22485 25694
22490 25369
22535 24864
22544 36423
22550 28455
22558 25591
22558 29170
22565 23258
22590 24867
22592 22975
22592 27371
22605 35333
22625 35958
22635 26822
22676 34814
22704 28473
22711 34678
22712 29379
22713 33921
22717 31256
22737 29590
22786 33555
22808 23306
22812 27522
22833 24724
22842 24670
22850 32374
22874 32918
22887 30327
22890 29547
22891 36315
22899 25325
22915 35552
22924 23395
22933 27619
22937 24623
22959 27395
22959 27497
22978 28879
22981 26765
22986 25205
22988 28666
22992 23537
22992 23640
23015 27365
23019 33921
23022 29399
23025 23422
23026 27291
23028 35403
23033 29959
23066 27977
23073 29714
23077 35622
23094 30237
23105 30919
23111 29171
23145 33688
23146 33056
23154 26547
23159 32868
23161 31801
23177 32766
23178 32090
23196 25888
23202 25408
23228 26837
23243 30978
23244 34836
23263 28877
23290 35481
23292 26165
23295 24541
23295 26554
23316 25055
23329 35131
23337 35957
23342 35950
23393 27461
23410 30550
23411 26739
23430 25573
23440 34448
23442 30619
23456 29086
23461 33345
23479 28648
23500 34326
23514 29443
23545 25879
23566 29561
23574 26930
23617 25977
23646 27707
23676 32507
23676 34230
23680 24902
23687 35553
23696 34448
23706 33963
23716 35890
23717 30042
23733 29020
23735 34375
23740 23919
23744 24473
23753 32993
23790 26399
23793 23874
23793 31432
23804 26072
23805 25400
23846 31019
23876 29443
23916 26662
23920 24422
23922 25427
23963 30998
23978 29859
23979 25318
23979 33894
23985 34249
23990 26410
23992 24591
23994 26723
24004 27394
24006 33499
24020 25473
24030 29234
24067 24088
24088 35902
24092 25449
24095 26676
24102 31152
24118 34158
24123 24918
24123 33096
24131 24547
24147 30135
24157 32327
24165 28126
24168 25229
24270 31100
24337 32359
24365 34313
24378 30163
24378 30566
24393 30273
24397 31283
24399 34216
24409 30859
24411 29684
24414 25349
24423 25469
24463 26872
24470 28105
24522 29261
24547 25387
24607 29480
24608 27877
24635 34658
24647 32222
24648 29200
24745 26524
24791 35639
24798 36376
24799 27297
24822 28682
24831 34870
24834 25810
24839 34882
24839 36496
24850 30997
24855 26172
24862 30138
24875 25432
24888 30284
24896 30230
24920 27622
24938 26544
24943 26872
24944 29119
24947 34761
24961 32971
24971 26645
24973 27725
25000 28206
25007 36067
25022 30865
25022 32304
25031 25143
25046 35811
25047 32801
25061 27711
25064 27454
25122 33990
25127 33555
25169 29608
25178 32743
25203 35529
25227 35513
25228 34309
25256 27033
25262 34633
25267 29197
25272 26787
25273 28050
25273 30270
25273 36311
25292 33486
25314 32784
25325 27737
25325 28157
25343 32567
25361 28773
25366 34553
25380 29727
25401 33283
25409 28531
25409 29752
25427 30153
25463 32811
25506 31354
25507 34271
25548 29168
25597 25694
25601 28141
25605 30527
25626 27997
25626 36341
25657 30328
25662 30531
25690 33738
25691 27906
25691 28650
25697 27479
25704 33668
25709 29361
25765 28477
25777 29877
25800 27987
25815 34742
25843 35258
25858 32085
25883 32271
25883 36048
25885 33356
25912 36432
25922 30342
25930 26518
25936 26372
25950 34347
25952 27718
25954 31910
25979 30871
25980 28036
25986 35737
26003 34806
26020 32097
26047 28001
26062 31452
26078 33488
26078 33651
26085 31795
26114 27073
26183 27934
26198 28760
26207 33963
26242 27256
26245 34092
26278 29417
26296 26568
26301 26952
26303 33616
26319 30255
26331 32344
26343 34410
26354 28916
26364 27490
26366 27211
26371 33161
26371 33473
26373 35361
26391 27747
26397 32819
26451 34319
26476 34023
26507 32083
26544 27670
26557 28838
26586 28260
26606 34034
26611 31163
26611 34375
26644 32939
26651 30682
26651 32323
26663 34941
26686 31425
26691 27446
26696 30712
26697 36142
26714 28192
26726 32880
26745 27951
26745 31093
26773 28312
26787 28667
26787 32310
26836 28206
26860 34018
26866 32566
26899 31267
26908 27298
26911 31555
26913 36088
26941 33149
27012 33347
27033 29854
27060 29637
27100 32693
27101 35425
27115 35668
27136 34394
27171 34493
27177 31645
27194 31151
27205 31597
27249 28636
27263 27655
27263 29857
27268 30596
27282 34730
27287 36141
27301 27804
27313 29714
27345 29900
27356 35486
27392 32499
27411 31410
27433 35710
27435 27888
27435 27975
27490 30285
27494 35261
27500 34879
27501 27821
27504 27602
27533 28416
27605 35317
27619 31845
27623 33744
27623 36167
27632 30939
27677 33517
27702 28454
27734 34658
27735 30455
27739 29434
27741 35958
27780 28404
27801 36344
27809 34645
27826 31868
27913 32188
27926 28240
27950 33534
27980 33340
27998 35610
28010 36108
28023 35796
28055 30616
28077 34198
28112 33054
28191 33924
28192 32663
28201 36592
28239 30456
28240 30715
28260 32846
28308 34288
28320 32306
28341 31011
28350 28702
28350 30278
28360 36228
28366 32425
28371 36050
28378 34337
28381 33733
28450 34771
28479 31991
28484 34425
28484 35191
28510 29186
28525 33272
28528 29154
28533 30534
28541 35586
28562 33789
28577 30650
28627 34340
28635 35320
28666 36368
28667 35320
28685 28707
28738 32520
28757 33380
28774 36409
28842 35295
28867 29548
28876 31454
28876 34043
28896 33694
28901 32873
28908 32977
29021 34394
29133 33380
29154 31838
29168 32671
29173 34512
29180 34987
29201 33801
29203 33864
29218 33994
29228 30699
29229 35165
29246 36599
29248 33422
29251 31607
29253 29895
29301 31876
29309 34664
29350 31318
29359 31359
29365 30041
29378 32645
29395 31649
29451 36495
29468 30853
29469 30199
29475 32744
29504 33497
29507 31783
29547 34906
29610 30617
29617 30628
29664 35933
29664 36004
29721 32783
29783 34751
29792 30512
29830 35120
29841 30649
29866 34802
29894 36387
29933 33990
29962 32995
29964 30859
29982 36602
30001 30377
30006 34573
30020 36293
30031 35587
30038 36639
30134 35012
30168 31985
30187 35367
30190 30455
30230 36610
30232 30646
30256 34351
30270 35371
30297 35168
30302 36142
30308 32995
30308 36656
30328 34320
30329 30756
30333 32916
30477 31762
30495 34239
30495 34752
30543 33930
30602 34423
30649 32910
30760 33344
30953 33596
31023 35719
31034 32227
31044 34314
31059 33877
31071 31505
31082 32585
31082 35198
31089 32083
31138 32084
31148 36160
31167 36024
31188 33034
31195 35122
31294 32191
31323 32486
31539 36418
31591 35058
31604 35986
31645 35446
31738 34583
31749 32302
31776 35554
31792 35018
31822 33925
31910 35290
31943 36242
31984 36021
32037 34375
32052 32275
32128 33075
32170 33652
32182 34968
32216 33684
32270 36037
32344 34650
32371 33499
32381 33125
32403 33323
32473 34453
32556 33394
32566 35485
32606 33533
32664 33870
32671 34425
32803 35890
32939 34469
32980 34492
33090 33292
33394 35242
33573 36368
33668 34986
33755 35673
33807 34307
33932 34986
33941 36579
33994 34446
34045 35054
34049 36502
34110 35657
34123 36650
34475 36343
34498 34982
34499 35191
34522 36048
34570 36376
34603 35092
34759 35110
35241 36608
35424 35700
35463 36105
35672 35958
36024 36423
