5000
2 16756
3 1793
3 11483
3 11583
3 18248
4 8837
4 11501
4 22667
9 15515
10 18464
11 893
11 6348
13 13578
13 21811
15 18686
17 5140
17 16470
20 1428
20 5110
24 5014
26 15873
27 9796
32 3080
32 8103
33 6899
35 6527
39 20056
44 4582
48 19715
51 6678
51 10247
52 1254
55 470
61 5860
66 15725
67 18736
68 14087
68 20330
70 14528
71 21875
72 6047
72 10652
73 10770
76 20749
77 15625
80 12692
82 3604
82 9152
82 19443
87 2056
90 1346
94 4862
94 5989
95 4224
95 6730
95 9021
97 16756
98 11450
99 12748
102 16639
103 21886
106 17615
108 20645
111 1073
111 13702
114 1197
114 11431
115 12004
119 1996
119 4755
120 12686
122 14224
122 16756
124 8456
125 3822
125 14266
129 1770
129 12867
132 11453
133 3014
134 7106
135 985
135 5275
135 7134
136 7701
139 10252
141 16140
146 7187
148 8487
149 850
150 8416
152 15015
154 15187
160 18912
161 5574
163 12994
164 1009
164 1409
165 12078
167 7717
170 7305
171 9333
197 990
197 4767
198 11274
198 21570
199 6182
201 11509
202 277
204 11649
205 3795
205 21427
205 22351
207 22173
208 6740
210 12860
215 13157
220 20847
221 16398
222 6248
222 12325
222 20790
224 4529
224 8797
227 558
227 11917
229 6444
236 655
238 7583
244 1255
244 1595
245 7714
246 18715
250 9005
250 10336
250 14123
254 1465
254 2295
254 6865
254 14628
260 13296
260 14373
261 263
263 17187
267 19586
276 15689
277 22641
279 14621
279 16214
281 3918
281 18088
283 7209
284 3700
284 8554
284 9876
284 11776
287 19601
289 11891
297 4512
297 8246
298 8059
298 14969
299 6102
299 9049
299 18702
300 11160
303 14604
306 3083
306 11770
310 13048
311 744
311 16192
314 12822
318 13788
319 1570
321 13401
326 17941
327 3223
327 4952
329 11577
336 13323
336 20971
338 18714
341 16759
344 7782
344 16910
344 19664
345 16164
346 10381
350 6972
351 9409
351 10824
354 3346
357 2327
363 4573
363 10886
364 8556
365 14639
374 8869
374 14319
382 9610
384 19093
387 10444
387 16770
387 19601
388 22602
390 3705
393 8284
396 2042
397 14902
400 17765
402 15245
404 1488
408 1587
408 17206
416 10698
419 3972
419 21054
420 10900
422 7669
422 20557
425 6608
425 10169
429 19974
433 8624
439 2648
439 3800
439 6392
439 10520
442 17588
443 1912
444 15702
446 8929
446 11595
446 19375
446 19517
450 4513
452 16962
453 3795
456 10028
456 14027
457 16854
459 8922
459 8997
460 11327
466 15600
469 17237
470 12190
472 978
478 14885
481 3777
482 9035
484 8662
488 8149
488 16702
496 22646
498 6232
501 14103
501 21543
502 18870
504 17837
509 8439
509 12840
510 4216
510 8981
511 8572
511 9443
512 10921
517 11131
517 14366
518 10283
520 7143
526 14572
536 2275
536 15940
541 11683
541 17320
542 4539
542 16666
552 3878
554 20947
555 2367
555 18106
558 5836
558 14359
560 11309
568 1139
568 9886
568 20052
570 3251
570 15213
570 16975
571 5803
571 13048
571 18400
574 19790
576 4107
576 13233
580 18949
581 6188
583 1669
585 1254
589 6139
592 16593
596 20999
601 6890
601 13046
604 10383
604 17333
606 7483
610 5821
613 3287
615 5159
618 18274
619 21110
622 7376
625 2162
625 2493
625 11831
628 782
632 7295
632 18286
633 6144
633 7982
640 6868
640 21676
645 8919
646 9369
647 1045
648 4089
648 16480
649 12168
649 15918
651 20360
652 2130
652 10151
653 686
653 15761
654 19975
655 15008
657 7773
657 16816
658 15954
661 17805
667 7759
667 10409
670 15371
672 15732
674 11848
676 12719
684 14093
685 4196
685 17134
689 2532
692 22044
693 17523
697 9386
698 17053
699 6616
703 5289
710 10938
720 13827
724 6196
724 15752
727 5478
727 6184
731 2239
731 7233
735 16046
744 9910
745 14143
745 16745
746 15676
748 21636
749 867
749 21114
751 778
751 5335
751 18379
752 11424
753 10214
763 9197
764 6294
767 16818
767 21498
771 2975
771 6172
772 17665
774 9338
774 17081
777 13326
778 6039
778 7306
785 13173
785 22488
786 11849
786 20671
787 4499
794 12690
795 3223
795 9424
798 3159
799 4636
801 13945
802 11825
803 4734
803 19991
808 9503
809 12247
810 15135
813 18171
813 20562
817 5391
817 8639
819 8413
820 12468
821 7606
821 10185
822 19366
823 17466
829 3002
829 16927
830 20719
831 17129
834 10339
836 12323
838 20999
843 21648
845 1035
852 6163
858 14187
865 5501
872 2586
875 13529
875 20001
876 21127
877 1920
877 10127
878 1567
879 6483
879 10884
879 12979
883 3220
885 8729
885 10327
885 10912
887 10216
887 19887
890 7887
892 17174
896 1422
904 14325
911 15270
912 4363
912 13195
913 3509
916 6034
919 2189
919 9307
923 18434
926 11436
930 2233
930 13669
930 18500
937 8480
939 1277
940 9759
940 13239
944 4967
945 5352
949 8481
949 15592
955 3336
956 1394
959 5790
961 5478
961 12018
965 17607
967 16397
970 2181
970 7006
971 3796
976 6623
980 1810
980 16002
985 2464
985 3597
985 12000
988 18749
990 3574
990 17112
990 18368
991 14265
995 1924
997 13304
999 4681
1001 7703
1003 19360
1008 14225
1009 21464
1014 11024
1017 12310
1019 17241
1021 5450
1021 17031
1022 4196
1022 10435
1024 2255
1024 8330
1027 2916
1027 18019
1028 9519
1028 17467
1029 1379
1030 2334
1032 14972
1033 12640
1035 5811
1040 21168
1044 12193
1046 16924
1047 6510
1048 11668
1053 9874
1053 19389
1055 11409
1057 12987
1058 17069
1061 6582
1064 4364
1066 2775
1069 7759
1070 5986
1070 12616
1070 17153
1074 2706
1077 5542
1077 6494
1079 11596
1082 1700
1082 11271
1086 22152
1088 1845
1090 3936
1090 7504
1092 19425
1104 20760
1107 16617
1110 20253
1118 4598
1120 6831
1121 12811
1124 8327
1124 16169
1126 9477
1129 4271
1129 13896
1129 17351
1130 11093
1136 11669
1136 14580
1138 2609
1139 19052
1139 20665
1141 14989
1142 22175
1145 7175
1145 9788
1146 8380
1146 15204
1148 8301
1148 10306
1148 18599
1156 13829
1157 21014
1157 21138
1160 2390
1160 2812
1164 21016
1166 10736
1168 21083
1168 22572
1177 2532
1184 6211
1187 16156
1189 14544
1193 1392
1193 9284
1195 10879
1205 6586
1206 11105
1209 12879
1209 18991
1212 10065
1214 16381
1217 8524
1217 19128
1220 8694
1222 13075
1223 15151
1228 2797
1231 3721
1234 12285
1240 1386
1240 7189
1242 5055
1247 2246
1247 15916
1251 2687
1251 12718
1252 15518
1252 21439
1255 6926
1257 4062
1274 10553
1275 5097
1280 9911
1281 21880
1286 6378
1288 12329
1292 19598
1293 19196
1304 3659
1304 12172
1305 8161
1309 20610
1309 21813
1312 1521
1317 13827
1321 6809
1321 8974
1328 4389
1329 14252
1341 16880
1342 9483
1345 13273
1346 3599
1346 14290
1352 11863
1353 22354
1356 6308
1363 12858
1366 1444
1370 14951
1371 10149
1372 11914
1372 22616
1375 15219
1375 17213
1377 22217
1382 17919
1382 21182
1384 19371
1387 2024
1391 4148
1391 9675
1395 7046
1395 11905
1397 10307
1401 7065
1404 2650
1404 8546
1404 18862
1405 4500
1406 18937
1408 3145
1408 5634
1419 9828
1420 14852
1420 17847
1421 22161
1425 10024
1428 3361
1428 6688
1428 18166
1428 20999
1429 2933
1430 7071
1430 22460
1432 12191
1436 5339
1436 13211
1438 12999
1438 16266
1439 13316
1440 6621
1442 7370
1451 6873
1451 8326
1452 11409
1457 4148
1461 8638
1461 20938
1464 15734
1465 16815
1465 18918
1466 8952
1469 7625
1469 8495
1469 8822
1470 11648
1470 13107
1481 21586
1482 8341
1483 4371
1483 9973
1483 13045
1484 18122
1485 14793
1485 22425
1487 16471
1488 14042
1491 5241
1491 8871
1494 5020
1494 14290
1496 8059
1497 11374
1497 17810
1508 13280
1508 13376
1512 12957
1514 20505
1515 10054
1516 11933
1516 19979
1517 10692
1521 8086
1521 17876
1523 8863
1539 9251
1546 16579
1558 2397
1559 3422
1568 3739
1569 15391
1574 16198
1579 7849
1581 9869
1581 21475
1583 4508
1591 2903
1594 7767
1594 17644
1595 13340
1595 15265
1600 4506
1600 12944
1600 14511
1604 10736
1607 5633
1608 4919
1612 19867
1614 1621
1614 18361
1621 4033
1621 10947
1623 8096
1623 22334
1624 21304
1625 11501
1626 18181
1627 12929
1627 15179
1627 20586
1631 10132
1633 2351
1639 21636
1640 8011
1648 10431
1651 10710
1652 2890
1655 11291
1656 13490
1660 4562
1662 16585
1663 4785
1670 1931
1683 2719
1684 8644
1684 12419
1696 11943
1696 13443
1697 5539
1698 10189
1698 13404
1699 12616
1702 17925
1703 11440
1703 21283
1704 6898
1704 9904
1705 9496
1712 4382
1713 16755
1713 17699
1714 20241
1717 11674
1717 20182
1718 17798
1718 19430
1722 16735
1722 18705
1724 5145
1724 9725
1727 5277
1728 13458
1730 10896
1731 9727
1731 20558
1732 3743
1734 17435
1738 7743
1740 4777
1742 15960
1742 17216
1745 11740
1745 19363
1747 8982
1749 2538
1751 4459
1752 3597
1753 16747
1753 19522
1754 12527
1757 15711
1757 19598
1757 22685
1758 4913
1758 19588
1759 11884
1760 3113
1768 4724
1768 22605
1769 12142
1770 4085
1770 18539
1770 21525
1771 14760
1776 15896
1780 7546
1787 11826
1787 13457
1792 21355
1793 2690
1793 21272
1796 3308
1799 7412
1800 2518
1800 15267
1801 13205
1802 2843
1802 10416
1804 8593
1807 5986
1812 12382
1812 17878
1819 14205
1821 5779
1823 10509
1823 17854
1824 18349
1826 6678
1826 14797
1829 5152
1832 16675
1833 4015
1833 16783
1835 5855
1838 2309
1842 15547
1846 8962
1846 13011
1848 3578
1853 16573
1861 10345
1866 3260
1868 3823
1871 15615
1873 12935
1878 6532
1878 11229
1880 9837
1885 11835
1886 18221
1893 9116
1894 20943
1895 17374
1898 10798
1898 13909
1901 16047
1908 13589
1908 21786
1910 3636
1910 11281
1911 15092
1912 11053
1912 20739
1918 5369
1921 2499
1924 4994
1927 3264
1927 16684
1927 17762
1928 11139
1930 2476
1930 3307
1930 10161
1934 17499
1936 11752
1938 16049
1940 2406
1940 15601
1941 6672
1941 8920
1941 18590
1942 5620
1943 14124
1946 6063
1946 14672
1947 8904
1947 12719
1949 17467
1952 11053
1954 8330
1954 12453
1954 14212
1955 3631
1959 7541
1959 10001
1960 5682
1962 11678
1962 18859
1964 12105
1965 15103
1965 17272
1965 18767
1967 7011
1969 6228
1972 4122
1972 9200
1973 8349
1973 8369
1973 19899
1977 16725
1984 18244
1989 8117
1992 4253
1995 11395
1995 21018
2006 11258
2006 20574
2008 8019
2011 4978
2015 11967
2016 12021
2017 9889
2017 15311
2022 8417
2023 15137
2025 7184
2036 3882
2036 13977
2036 22345
2037 4061
2037 6002
2042 21979
2046 8188
2046 19300
2054 5038
2059 13155
2063 16038
2064 12822
2067 11024
2072 21085
2072 21834
2074 12335
2076 17782
2077 15392
2083 19316
2085 19575
2096 7059
2097 6117
2099 13408
2102 2219
2104 2971
2105 6514
2105 17129
2105 20695
2109 11847
2109 18060
2112 12905
2112 18893
2113 20330
2114 4645
2118 16286
2118 16867
2125 7326
2125 11022
2126 18146
2127 9078
2127 11632
2135 14541
2137 16099
2143 21118
2148 2206
2157 15675
2157 17214
2159 4491
2159 8033
2164 4336
2166 9196
2172 4718
2174 6027
2174 12697
2178 5072
2178 13219
2179 4969
2180 17504
2182 6175
2184 18930
2187 19324
2190 3229
2196 8116
2196 9014
2199 14019
2199 17546
2201 2328
2201 13956
2203 10438
2203 15669
2204 2795
2204 6994
2204 12832
2205 9823
2205 10442
2207 5450
2207 19322
2212 7133
2212 14971
2216 7669
2218 14395
2220 14711
2220 18779
2222 11831
2226 13092
2230 15246
2235 3294
2237 6681
2237 17238
2238 13059
2239 4339
2239 4514
2239 6632
2250 5053
2250 6633
2250 13327
2250 19583
2253 6159
2253 6678
2256 13636
2259 21640
2265 6115
2266 6568
2270 15240
2273 6257
2274 5661
2274 21640
2275 4481
2275 8250
2286 12805
2286 18915
2295 6720
2301 2971
2301 5004
2302 7198
2305 14240
2305 18231
2307 10406
2307 10520
2307 16498
2307 20335
2317 9695
2317 12820
2317 14904
2318 3886
2319 19948
2321 9964
2323 17141
2326 21622
2328 13370
2328 21794
2337 14474
2342 7578
2345 18785
2347 2504
2347 4073
2347 15198
2350 3885
2351 9285
2352 2572
2354 18312
2357 13137
2359 16963
2363 9699
2364 22684
2367 15552
2374 15715
2381 3027
2381 13738
2385 14862
2386 16943
2392 13636
2392 15114
2394 3219
2396 15601
2398 4508
2398 10389
2399 6533
2401 11281
2401 20805
2403 14752
2403 15882
2406 9560
2406 10206
2413 12715
2416 18683
2417 8583
2418 11516
2420 16101
2429 11255
2435 10236
2436 9764
2442 9861
2443 12061
2452 7697
2455 2485
2461 4441
2462 6547
2465 10643
2468 2659
2471 8808
2471 10691
2472 2790
2472 5266
2479 6579
2480 3211
2483 11060
2487 4743
2491 11834
2492 9861
2493 16907
2493 21733
2494 2813
2495 11105
2496 21107
2497 3844
2497 14790
2499 15962
2504 8278
2509 19074
2509 19650
2510 20643
2513 8905
2514 4393
2514 18039
2517 20652
2521 9606
2521 10143
2521 12373
2522 16059
2523 4051
2524 4722
2526 9408
2529 21239
2530 13291
2530 14476
2531 2652
2533 20519
2540 6366
2540 15043
2540 19718
2543 21676
2546 4993
2547 22129
2550 14609
2555 13305
2558 15952
2562 13191
2563 7656
2565 19139
2568 14085
2576 4638
2576 7976
2579 19431
2581 11719
2584 5143
2586 21807
2588 5262
2591 10297
2593 15785
2594 2842
2594 6056
2595 22602
2596 19416
2603 3649
2603 3949
2607 11938
2609 17545
2610 12464
2611 17435
2617 22684
2618 8982
2619 6006
2620 8671
2623 8932
2623 18622
2626 10918
2627 5757
2627 19720
2628 16045
2629 12459
2638 2674
2638 21670
2645 8554
2647 6151
2647 9735
2648 6508
2648 21731
2656 9561
2659 9014
2660 12320
2661 6543
2661 12537
2661 21681
2662 3737
2664 9338
2665 11030
2667 16789
2668 4612
2668 5313
2675 9864
2675 12186
2678 14131
2680 2691
2683 3075
2687 7941
2690 6532
2692 5529
2696 2943
2696 20859
2697 6064
2697 6401
2701 11569
2703 21461
2704 3631
2713 13944
2714 13828
2715 7569
2718 22472
2720 13503
2726 13185
2726 17824
2727 8689
2727 16877
2728 4755
2729 7039
2729 8657
2730 2979
2730 11628
2732 4177
2741 5527
2742 13237
2742 13275
2743 16713
2746 12791
2746 16273
2748 4913
2753 7372
2759 2762
2762 17391
2765 4012
2770 4122
2771 15438
2776 11005
2777 6416
2782 6223
2783 7721
2783 13870
2783 21299
2789 22423
2790 11982
2790 15955
2792 7580
2794 2874
2795 19976
2797 17647
2797 18008
2799 12335
2802 4558
2802 5370
2805 7935
2805 9155
2805 19574
2806 7314
2807 10838
2808 19438
2810 3322
2812 19249
2813 16381
2815 5427
2817 7903
2817 19922
2824 9389
2824 21873
2826 19946
2827 14864
2828 13518
2832 6049
2832 18368
2836 5204
2841 18147
2841 18509
2844 4915
2850 6691
2850 21193
2852 4283
2852 5553
2853 19923
2854 4932
2858 13784
2859 18751
2865 3309
2865 20916
2866 6470
2868 6237
2868 6415
2869 20864
2870 4536
2870 11261
2871 16449
2874 6730
2880 13242
2881 17852
2882 5031
2882 19453
2885 6380
2885 11521
2887 7610
2887 15874
2893 7282
2897 10070
2898 10250
2898 11095
2900 5119
2903 3822
2906 7682
2907 15975
2910 3918
2910 9097
2913 18938
2914 15572
2917 12400
2919 15808
2923 7157
2925 6653
2927 10744
2930 6006
2930 16924
2932 6284
2937 8950
2943 5093
2943 10261
2947 5774
2948 10592
2948 15715
2950 10276
2953 8975
2955 7514
2959 8395
2959 8809
2959 17134
2960 6270
2960 12418
2961 8685
2968 13857
2971 13099
2974 5423
2974 20210
2975 16214
2975 19849
2977 9941
2979 10571
2982 9990
2985 6401
2985 6742
2997 11392
3003 18817
3004 7586
3005 7337
3005 12589
3008 5385
3008 16869
3009 21799
3016 19361
3017 15506
3023 4528
3023 5072
3024 3081
3024 13442
3032 6506
3033 9442
3034 21035
3038 4058
3038 5539
3038 13395
3045 21536
3057 6023
3057 15936
3057 20274
3060 13042
3065 11185
3067 7055
3069 9468
3072 15547
3072 21503
3074 9762
3077 12958
3080 12125
3080 16095
3090 4257
3091 11690
3094 4092
3102 17721
3107 4259
3110 5638
3110 13437
3113 18319
3115 12774
3116 11585
3116 11846
3121 21403
3123 5592
3123 9319
3123 16843
3124 9527
3129 21823
3130 4191
3130 7561
3131 7724
3135 3807
3138 6854
3140 9586
3140 11802
3146 7218
3149 10611
3153 11231
3155 14904
3158 20164
3158 20226
3159 17007
3159 19386
3161 9664
3162 21304
3168 16086
3170 5023
3170 10489
3172 10313
3175 4467
3175 10443
3176 11710
3180 19805
3181 3807
3181 9938
3182 20276
3183 12238
3183 15644
3187 16555
3191 20992
3193 11073
3197 16719
3198 9085
3198 9807
3198 14498
3199 14841
3200 15446
3201 12806
3201 19309
3201 20779
3206 11234
3206 15402
3211 9025
3211 19427
3213 10304
3214 5246
3214 7495
3215 11328
3216 14807
3219 13490
3223 18383
3238 22374
3242 12716
3244 15312
3245 13004
3247 4157
3247 4209
3249 3466
3252 11700
3254 21386
3254 22379
3256 7653
3258 20595
3264 12712
3266 3706
3274 20826
3281 13501
3282 3380
3282 21432
3286 6152
3288 14359
3293 4256
3296 6915
3296 20482
3298 6664
3298 15018
3299 5594
3299 6708
3303 6390
3306 16963
3310 18678
3322 12533
3326 15792
3329 7870
3329 9348
3329 11320
3329 11367
3338 18939
3339 8219
3339 18777
3340 15470
3345 18688
3348 15827
3350 4754
3353 14537
3353 17638
3364 3968
3365 12960
3365 19128
3366 5858
3368 10575
3370 9161
3371 3566
3377 13142
3379 11507
3380 7750
3381 12020
3383 19946
3385 6800
3385 13145
3387 3699
3391 6161
3391 16138
3391 20438
3394 4147
3394 6012
3396 12322
3397 10686
3402 6416
3402 18104
3408 14168
3408 15100
3409 5370
3412 6589
3412 13309
3412 19165
3418 6152
3418 7318
3422 8704
3422 9590
3422 14227
3422 18189
3426 6599
3427 11147
3439 6676
3441 5467
3442 20952
3445 7059
3451 10904
3451 12112
3454 11609
3460 13235
3462 17143
3465 4795
3466 17519
3472 11690
3473 4643
3475 18586
3476 4561
3476 16753
3478 14916
3480 16876
3481 18755
3482 13068
3489 4165
3489 20943
3495 3811
3495 21927
3497 17387
3511 13509
3512 9423
3513 13898
3516 5520
3519 7371
3519 10785
3520 4353
3527 21101
3528 8429
3536 14163
3538 11414
3560 8764
3562 8893
3564 11583
3565 14023
3567 18420
3576 6503
3577 4145
3577 10853
3577 16091
3579 3811
3584 10801
3589 14233
3589 20750
3592 19883
3595 9083
3598 6045
3598 14968
3599 7959
3601 9650
3602 6853
3602 22010
3611 10132
3612 20872
3614 19499
3617 22046
3618 14332
3623 11079
3623 18536
3625 13324
3631 21462
3632 6933
3632 10439
3632 17924
3635 11265
3635 17585
3637 19419
3637 22044
3641 14477
3647 9192
3647 18702
3649 7473
3649 10422
3649 16758
3657 6142
3657 17326
3660 14171
3662 11511
3662 12852
3663 8537
3664 19687
3667 14972
3667 21348
3670 14562
3670 15225
3671 9040
3672 7305
3672 15686
3685 9871
3685 22251
3687 14239
3688 4855
3695 4901
3695 14246
3697 19247
3698 7258
3699 6859
3700 8134
3700 17684
3706 21215
3707 16189
3707 16344
3712 8111
3712 12520
3721 10813
3722 17554
3723 12593
3728 5425
3728 20090
3729 6452
3730 22257
3733 14490
3739 11917
3741 12289
3741 17220
3741 20805
3747 10640
3747 22400
3748 9901
3751 7631
3755 6651
3755 9735
3755 16796
3763 8143
3766 17061
3767 6737
3772 15506
3775 19976
3776 16453
3781 10824
3782 5053
3782 17699
3782 19295
3784 5945
3786 10824
3786 12071
3786 20903
3795 12442
3798 20397
3801 12470
3802 7008
3803 4343
3811 21631
3813 7915
3813 18531
3814 14024
3816 20464
3817 17323
3822 12885
3823 19430
3823 20779
3827 20880
3828 4773
3834 19235
3835 14657
3845 4805
3845 20441
3846 9210
3853 19300
3855 5884
3857 4012
3857 5149
3864 11032
3867 5244
3869 7462
3869 16908
3869 22433
3870 10676
3870 10946
3876 4054
3880 5819
3880 22497
3881 14265
3882 11505
3883 20353
3887 6159
3887 6508
3888 20615
3896 5882
3902 6673
3902 19002
3904 4651
3905 7253
3905 20975
3907 5316
3907 16056
3908 8317
3911 22400
3912 7930
3912 13361
3914 6144
3920 16776
3930 14998
3933 14217
3935 17191
3938 18720
3947 16639
3955 18856
3958 4718
3966 12664
3972 8648
3972 18539
3972 20130
3983 20168
3983 21879
3988 12274
3988 15725
3990 12285
4005 5241
4007 10519
4007 12207
4009 10947
4012 15849
4014 21412
4019 5576
4019 17594
4021 8291
4024 10406
4025 11062
4026 8045
4027 8617
4031 9962
4032 16738
4033 6948
4034 10324
4035 7209
4041 15826
4043 5259
4047 4203
4047 22012
4048 7351
4048 17908
4049 10864
4049 11012
4052 14272
4052 14645
4054 12916
4055 10250
4058 9940
4061 5292
4061 12860
4062 18859
4064 14070
4064 21783
4065 16280
4065 18877
4067 17130
4069 7987
4077 12139
4081 7595
4081 12781
4081 19153
4083 4209
4083 7592
4091 9671
4091 9898
4092 11808
4096 8763
4096 13127
4096 14511
4102 13167
4106 4581
4111 6745
4111 13816
4116 10688
4119 11992
4122 17152
4126 12496
4126 17061
4135 8820
4138 4246
4138 11926
4139 10601
4143 5230
4143 12897
4144 5137
4145 17738
4148 14474
4151 7843
4152 11933
4155 5291
4155 18019
4157 22444
4162 21517
4172 6006
4177 17804
4178 4976
4178 14682
4178 21292
4179 4461
4179 13275
4180 5798
4184 6319
4187 11169
4188 19070
4191 10195
4191 14595
4193 15861
4196 12829
4196 13849
4196 14721
4199 9995
4203 18936
4203 19964
4204 5201
4206 15438
4209 13479
4210 4299
4222 6152
4223 18226
4226 18767
4227 16878
4228 22434
4232 20228
4234 4312
4234 9155
4234 13904
4243 6504
4246 6280
4253 11158
4255 7052
4258 21088
4259 19165
4263 21395
4268 10816
4268 16634
4270 4734
4270 13305
4271 20067
4271 21530
4272 5715
4272 16854
4273 20876
4275 7686
4276 15844
4283 13235
4284 5811
4284 7723
4284 11034
4287 14907
4289 9175
4291 18047
4296 17481
4299 4904
4305 10316
4309 17723
4310 6211
4314 15133
4314 18087
4315 7900
4315 20787
4317 21014
4326 11835
4326 12081
4327 11689
4327 19221
4330 10182
4336 8269
4336 15829
4340 10141
4341 10295
4341 19986
4344 17044
4345 6672
4345 13907
4346 18093
4346 18759
4354 17395
4359 4425
4361 6166
4361 11265
4361 14712
4364 18310
4364 22001
4367 17288
4372 19614
4377 13137
4377 16477
4379 14772
4380 8772
4382 9952
4385 15563
4385 20506
4387 21631
4388 13438
4389 16571
4389 22379
4390 6434
4390 6451
4393 6327
4394 9216
4400 14014
4401 18484
4404 16966
4408 11316
4412 16405
4414 11748
4414 16273
4418 15913
4418 17032
4419 8346
4419 9822
4421 4650
4426 7980
4427 7135
4427 17096
4427 21256
4435 16301
4436 17983
4440 8133
4441 9054
4451 15633
4451 17879
4455 9195
4456 13424
4459 8279
4462 13206
4463 14285
4468 15126
4471 16654
4475 9266
4478 14262
4482 9120
4486 18904
4491 16205
4495 10159
4496 13021
4499 14275
4501 16542
4504 8500
4505 8291
4505 17519
4509 20920
4513 13175
4514 12312
4514 17691
4518 6750
4518 9131
4518 17986
4523 10974
4527 9754
4528 5751
4531 19317
4533 13458
4535 7043
4536 6022
4537 19429
4538 6025
4545 7438
4546 5107
4546 11171
4547 21155
4551 5375
4551 16941
4554 8641
4556 15254
4561 5050
4564 18739
4568 7003
4575 9750
4577 12226
4578 16551
4580 4825
4583 10093
4583 12201
4584 11484
4587 13266
4591 12310
4598 5916
4598 21640
4600 5439
4602 7909
4602 13864
4602 18547
4605 7727
4612 11604
4615 6390
4633 5340
4638 11158
4643 13554
4651 5942
4651 8735
4651 15973
4655 6844
4656 15072
4662 10927
4663 6369
4671 17590
4673 14401
4673 19878
4676 8414
4676 12202
4679 6872
4679 18163
4682 17130
4688 6353
4689 8841
4692 6188
4696 15279
4697 7900
4697 21574
4705 12611
4705 13211
4706 17554
4708 8764
4708 13696
4712 14001
4714 15001
4715 19365
4724 11600
4726 18867
4726 21330
4727 7071
4727 13110
4734 14042
4734 18451
4736 4739
4737 6054
4739 17692
4740 9013
4740 9856
4741 16409
4758 14208
4760 11700
4764 5206
4774 18099
4778 7229
4789 5214
4805 17824
4812 5228
4813 7288
4818 9494
4820 10310
4820 13366
4821 9344
4821 15248
4822 15191
4825 14217
4825 17850
4826 13250
4826 14182
4826 20663
4827 12043
4829 5957
4837 13551
4842 5103
4844 20011
4845 15392
4846 6689
4847 11631
4849 11598
4849 15977
4850 18413
4851 13217
4854 13090
4854 18269
4855 7545
4861 13319
4862 7366
4864 11645
4869 13274
4869 16227
4875 13731
4878 7366
4878 22388
4885 12823
4886 22327
4887 9164
4887 17238
4887 20775
4887 21921
4889 14169
4894 9021
4898 11983
4901 13831
4902 6293
4902 18423
4904 6326
4905 17794
4908 15051
4908 15668
4913 6964
4916 20966
4921 9671
4922 17753
4926 6327
4935 17762
4937 11291
4951 6728
4952 5697
4958 18447
4960 8641
4960 16232
4960 16252
4965 5212
4967 22265
4973 11805
4978 16094
4987 8929
4996 8865
4998 18395
5008 9846
5008 12575
5009 10109
5011 9162
5015 13825
5017 6518
5017 22677
5020 9390
5020 10616
5022 17472
5030 17594
5032 12523
5033 8825
5033 20988
5035 13736
5036 6551
5038 8033
5038 12029
5041 22344
5049 21395
5050 8524
5051 18076
5051 19227
5054 8327
5054 18355
5057 10978
5057 16326
5063 15236
5066 16789
5072 16558
5080 6373
5081 5559
5081 18732
5083 13714
5084 14209
5087 18693
5087 20540
5088 13133
5088 18413
5093 8117
5094 11738
5102 19693
5103 21427
5103 22225
5104 11743
5105 15351
5111 5596
5111 16761
5111 21344
5118 5132
5119 13455
5120 13641
5120 13973
5121 15019
5131 21473
5132 21659
5138 15832
5138 22114
5139 14659
5139 14802
5140 18514
5143 19658
5143 22065
5149 5756
5149 7061
5149 17038
5156 16324
5156 21523
5158 8465
5158 21368
5161 15418
5167 14909
5174 17032
5178 8410
5179 5520
5181 8400
5186 19680
5188 20180
5189 14158
5190 7875
5191 6767
5196 5208
5196 19462
5199 11250
5199 14208
5200 16452
5206 6440
5213 8732
5213 19850
5219 21696
5220 21898
5227 11116
5227 13916
5228 8325
5232 14179
5233 17214
5234 13713
5234 15311
5238 20903
5239 7783
5241 12165
5247 9891
5251 22345
5255 18324
5262 7073
5265 12012
5279 21344
5289 6987
5293 17891
5294 21083
5303 7628
5303 7815
5304 13389
5304 20550
5307 12086
5307 12226
5309 13360
5310 6776
5310 17977
5310 21302
5312 17932
5313 11160
5313 21969
5316 20547
5318 9517
5323 18015
5327 14111
5327 20890
5328 18605
5331 8761
5331 14331
5335 12528
5339 5522
5344 8808
5344 16364
5344 21694
5349 6544
5350 14800
5350 21145
5355 7370
5357 6509
5358 12657
5366 13137
5367 17845
5372 6527
5376 8409
5377 6430
5377 17743
5388 10885
5389 15395
5389 19295
5391 10326
5392 20001
5397 11327
5400 6830
5400 12201
5400 21270
5402 22560
5411 12349
5411 16736
5414 15373
5422 5715
5426 16470
5432 10751
5432 10863
5436 20842
5437 10140
5439 22159
5439 22315
5445 7086
5446 9510
5458 16029
5458 18669
5460 8267
5460 13909
5463 20549
5466 9757
5478 6829
5478 16810
5479 16478
5486 16331
5487 5860
5490 15112
5495 9829
5495 11534
5498 10207
5498 17046
5502 5522
5505 7996
5511 8161
5517 7084
5520 9831
5520 14187
5525 11193
5526 6503
5527 11384
5535 16238
5539 13689
5541 13462
5543 14365
5549 11128
5549 11509
5550 17436
5553 17475
5556 13248
5557 12191
5565 9907
5567 17113
5568 9857
5568 16763
5576 6550
5576 7849
5576 9540
5583 15703
5584 17469
5592 7831
5592 9647
5594 11057
5596 21974
5597 17968
5597 18851
5601 11546
5603 21694
5608 15689
5610 6352
5612 9783
5613 6985
5617 6028
5629 11060
5631 6133
5634 6020
5635 16100
5637 8782
5637 14036
5638 15147
5640 13629
5640 20784
5640 21676
5642 13322
5642 19058
5643 15002
5643 17677
5644 9031
5644 9656
5645 7306
5647 6018
5648 19412
5649 9619
5654 8378
5654 17807
5679 16462
5680 13248
5683 8797
5687 8633
5687 9116
5688 10057
5688 14945
5689 9933
5689 14965
5689 16993
5694 16478
5697 9831
5698 14807
5701 19299
5707 13477
5710 22374
5713 14138
5714 10088
5715 7633
5715 18230
5716 10091
5721 6369
5728 10149
5729 8835
5732 15372
5736 10243
5739 18102
5741 10037
5741 15345
5742 6300
5742 11140
5745 15221
5750 8874
5754 6098
5757 7330
5758 5949
5764 10836
5767 11402
5767 11675
5767 16766
5771 20274
5780 11586
5780 20586
5787 8497
5790 15014
5791 16570
5794 6430
5794 12275
5797 15913
5798 16132
5798 22162
5801 7314
5801 9065
5801 15596
5801 17506
5803 19568
5804 11159
5806 7329
5806 7343
5810 16042
5814 11711
5817 19261
5817 20367
5818 14572
5819 10412
5820 13147
5821 5924
5821 6519
5823 16728
5824 12126
5825 6525
5831 13471
5835 15766
5839 11164
5845 7464
5845 17795
5846 19980
5850 12940
5852 20010
5854 11640
5861 14654
5864 22086
5866 7032
5866 20621
5867 15093
5869 8317
5870 18569
5881 10887
5882 6884
5883 18790
5884 18415
5886 12033
5886 17100
5886 19188
5894 16171
5900 12401
5900 14146
5911 10373
5911 10593
5911 21595
5917 9471
5918 9877
5920 14565
5923 6506
5923 10091
5925 12957
5925 14049
5938 13809
5942 19677
5943 16408
5943 19740
5944 6134
5944 11349
5944 17961
5951 11141
5951 20733
5957 10280
5957 18105
5960 20133
5969 13153
5982 10018
5982 12883
5983 8723
5983 18074
5985 17642
5987 10269
5990 12960
5992 16747
5995 6872
5995 7065
5996 13284
5998 21912
6003 6212
6003 12719
6006 6544
6010 14083
6011 10481
6022 10108
6025 10538
6025 11251
6029 8371
6029 11939
6029 18608
6029 21912
6033 20888
6051 8373
6058 6232
6059 14613
6063 13245
6070 19804
6072 15624
6077 20224
6077 21064
6079 21837
6082 16927
6085 7713
6085 19805
6086 9869
6087 18321
6088 20367
6100 9650
6100 20970
6103 22656
6112 18630
6116 21528
6117 16842
6124 11487
6125 12800
6135 19627
6139 9659
6140 8281
6140 14058
6142 20749
6144 7734
6155 7319
6157 18818
6163 16877
6164 14846
6169 11020
6174 11502
6175 8792
6179 14255
6179 18145
6182 15867
6182 19261
6183 16954
6186 20662
6187 18076
6188 12327
6192 10246
6192 16498
6199 8146
6199 11217
6200 10751
6200 14664
6201 13228
6201 14590
6202 14171
6212 12066
6213 19574
6213 22576
6217 14331
6217 20030
6218 19378
6227 8293
6227 10138
6229 8180
6234 6859
6235 12527
6237 15645
6238 17573
6240 16968
6240 20997
6240 22594
6241 17256
6242 17171
6246 11586
6250 17440
6253 10515
6255 9997
6257 6434
6262 22520
6266 20139
6267 18134
6277 9923
6277 12144
6282 13180
6283 8442
6283 10787
6289 9505
6289 12086
6290 9937
6295 18251
6302 10054
6302 12958
6304 6977
6307 6615
6314 13565
6321 7317
6321 12003
6324 22659
6332 17692
6333 16558
6338 21108
6340 18732
6349 18824
6354 11480
6369 13492
6369 19815
6370 21083
6371 6493
6372 21148
6373 10964
6377 11670
6380 20359
6383 14070
6389 7590
6393 11616
6395 7391
6396 9735
6398 17304
6406 11686
6415 12998
6416 17125
6420 18741
6428 19538
6428 21246
6428 22635
6430 9473
6444 16065
6444 18338
6448 14249
6451 8503
6451 12824
6453 12469
6456 10218
6456 16277
6463 16538
6467 10143
6475 13874
6478 16740
6479 15219
6481 17325
6481 19599
6482 9213
6484 18610
6486 22239
6489 9861
6493 17695
6494 17182
6495 9324
6498 7749
6503 9258
6507 18534
6509 9662
6509 10246
6518 21110
6521 11017
6524 14940
6525 9212
6533 19586
6534 7390
6534 16453
6534 18351
6534 21447
6536 8936
6544 15064
6545 14529
6546 11451
6546 17170
6561 13342
6562 9807
6564 7545
6566 15584
6568 18010
6569 16189
6569 17949
6573 10904
6575 21191
6579 11289
6579 13316
6584 21940
6586 12107
6592 9989
6595 12159
6596 8809
6601 11995
6601 19052
6607 14440
6608 14391
6611 11367
6614 14920
6615 7229
6616 13218
6616 13904
6616 17436
6621 12788
6624 11019
6625 13802
6634 13115
6648 17999
6650 17847
6651 20434
6654 12022
6654 16008
6657 7543
6660 16209
6664 8361
6669 12465
6670 9408
6670 12643
6671 13091
6674 18536
6674 18872
6675 9383
6679 16234
6679 17473
6687 10323
6694 14415
6695 17921
6699 14228
6710 8960
6710 11374
6728 20788
6731 7096
6733 18316
6734 21304
6735 14408
6735 15661
6737 21747
6740 20527
6746 7393
6749 19935
6750 18400
6757 21476
6764 9485
6767 8905
6772 7022
6773 14171
6773 19338
6776 10996
6784 7252
6790 8888
6790 14829
6790 15353
6800 14752
6808 22085
6819 7392
6819 10523
6829 11602
6829 12194
6831 20959
6833 21672
6835 18145
6842 17285
6846 19604
6847 7579
6848 20534
6853 8632
6854 22318
6858 8308
6865 16375
6868 14927
6870 7768
6872 16550
6876 22630
6879 10351
6891 21672
6896 13237
6897 16183
6898 15804
6899 7068
6906 21971
6907 16933
6907 20348
6909 8171
6916 14390
6925 13054
6925 20604
6926 19031
6937 17699
6940 16078
6946 10923
6947 17535
6949 9848
6952 7486
6952 14805
6952 16591
6956 14579
6958 10405
6961 13863
6961 18368
6961 18666
6962 14332
6964 8785
6965 11057
6965 12492
6967 14891
6972 16710
6974 14250
6975 21800
6978 9558
6978 14118
6981 13721
6982 10611
6985 17746
6988 11567
6989 7261
6992 11666
7000 9603
7006 13466
7009 21442
7014 9993
7014 12524
7022 17639
7028 19389
7028 21782
7032 14623
7039 7926
7039 15391
7043 19585
7049 17810
7061 10695
7063 20838
7070 19790
7074 21526
7077 22437
7089 15683
7098 20179
7100 13745
7104 22277
7105 16368
7105 21108
7108 20234
7109 11739
7109 14638
7111 21521
7123 10094
7131 14137
7132 7463
7139 9906
7140 14791
7140 18098
7147 9392
7149 10042
7151 8643
7157 11801
7157 11937
7157 14017
7165 18029
7165 20998
7175 15734
7175 20777
7179 18243
7181 9984
7184 18005
7185 14200
7186 15882
7186 19193
7189 15516
7192 13778
7197 8633
7200 17892
7204 14766
7208 16220
7209 17981
7210 10588
7214 17103
7215 7498
7221 8523
7228 21146
7233 17565
7237 18513
7246 18573
7247 14790
7249 7952
7259 16975
7261 16363
7264 11640
7268 20263
7268 20875
7270 8417
7270 9702
7274 13889
7281 19170
7282 14947
7283 19971
7283 20261
7291 14846
7292 7486
7294 9848
7298 19771
7300 7751
7307 7454
7308 15045
7308 17543
7310 19201
7313 9653
7316 12376
7317 14247
7319 8897
7319 19651
7324 22471
7330 17132
7330 18167
7330 21376
7338 16705
7340 8266
7343 20750
7346 19479
7347 13814
7357 19777
7359 16807
7361 14572
7362 16992
7366 18471
7366 21880
7371 17796
7372 18681
7376 21010
7377 21619
7378 20702
7382 18742
7387 16445
7391 17449
7399 8260
7399 16238
7399 18542
7403 9650
7404 13194
7404 15446
7404 15652
7405 20453
7410 14042
7420 8910
7422 12905
7432 19764
7440 8859
7442 11387
7447 16346
7450 17638
7453 20653
7459 20489
7464 13390
7469 17429
7480 11127
7481 14061
7484 8765
7485 14874
7485 15099
7486 14125
7487 17966
7489 7575
7492 9657
7495 8221
7498 8214
7499 8617
7501 16814
7514 13870
7514 19443
7543 11395
7546 8253
7559 20722
7569 10705
7569 14299
7571 9203
7578 10970
7584 19629
7585 15594
7585 18220
7585 21731
7586 20305
7589 14658
7601 22080
7602 18688
7605 12581
7605 14347
7607 10588
7610 13173
7612 11035
7616 7878
7633 17442
7635 8951
7638 7877
7643 12528
7643 19191
7647 8206
7647 8374
7648 7941
7650 12106
7657 16813
7659 18687
7675 10797
7675 13411
7677 8366
7682 11529
7687 13954
7687 16749
7692 22073
7701 14547
7702 11595
7706 13780
7706 20665
7707 12438
7708 20547
7708 22551
7713 21612
7717 15989
7718 14103
7721 19803
7722 13730
7724 14317
7724 15496
7736 7969
7736 11554
7747 11860
7759 14654
7761 12920
7778 14493
7780 18525
7784 13861
7786 8293
7790 18479
7792 12877
7792 15876
7802 11613
7803 9214
7807 14149
7808 13180
7809 20214
7820 11185
7834 15341
7837 18798
7844 12801
7846 16396
7848 17262
7852 18882
7860 15799
7860 21104
7862 11116
7869 15257
7873 7910
7875 19811
7877 19035
7880 8066
7880 13971
7880 14973
7881 11139
7884 21584
7893 9804
7903 16257
7908 9743
7909 19807
7915 10468
7916 9938
7916 13152
7916 15844
7922 20920
7927 21410
7936 9931
7943 15328
7946 8078
7946 10099
7946 18065
7947 9562
7947 21256
7950 13064
7952 10634
7956 18321
7957 14081
7969 20223
7971 13898
7973 21295
7974 14664
7976 13686
7976 14829
7981 16436
7982 12333
7984 12310
7984 16314
7984 18215
7985 10722
7985 12677
7987 16680
7990 14963
7993 15099
7994 10390
7995 13344
7996 17239
8001 11171
8002 11414
8004 14652
8013 12115
8019 11590
8020 11981
8022 14147
8026 13680
8028 19454
8042 19761
8048 14046
8051 11061
8053 13013
8060 17072
8065 14092
8067 17501
8069 11507
8069 20637
8069 21270
8070 20762
8072 17379
8075 8477
8084 15722
8085 8672
8086 13709
8086 19861
8094 21502
8101 8965
8101 16136
8106 18145
8114 10892
8114 18747
8117 8811
8119 17214
8121 8369
8121 10741
8124 12210
8127 13086
8139 16384
8140 10443
8145 20671
8147 13263
8147 15594
8147 21598
8148 18449
8149 20737
8154 9598
8161 11459
8173 17806
8195 18811
8198 11584
8204 14438
8211 17324
8211 18683
8218 20263
8220 17153
8230 17700
8231 21701
8248 12805
8249 9975
8253 20246
8257 14424
8260 15725
8262 8395
8268 18973
8269 19100
8274 11072
8281 17134
8294 17205
8301 20677
8308 19527
8312 10101
8326 9929
8326 12756
8328 9175
8337 11391
8341 15680
8342 17695
8346 9203
8352 16777
8354 9104
8354 16739
8361 14830
8361 18343
8368 14460
8368 17426
8373 13220
8378 8401
8378 17477
8383 19850
8385 9658
8386 9840
8386 10104
8386 21462
8387 8730
8387 19687
8389 13702
8400 20554
8400 21479
8404 17053
8408 8934
8413 13051
8417 11154
8421 8624
8430 20245
8432 15136
8442 9961
8447 15143
8451 12791
8456 9176
8456 10050
8465 16498
8471 9337
8471 11038
8473 17539
8475 13196
8484 11263
8484 20746
8486 15464
8489 14239
8501 13267
8504 12170
8505 15470
8513 10978
8516 16538
8519 17387
8521 17082
8522 19371
8531 19455
8544 12593
8549 19458
8550 14864
8550 16856
8550 20952
8552 14438
8560 16995
8572 9297
8572 20636
8577 21916
8578 16521
8583 12205
8589 10703
8593 17477
8599 17396
8606 12548
8606 21559
8607 19923
8608 16447
8612 12178
8612 16579
8614 16927
8617 17379
8626 9606
8626 19602
8628 21282
8632 17361
8633 16522
8634 9491
8639 14854
8641 16415
8644 8806
8644 12342
8645 18001
8651 21236
8655 21496
8661 16919
8662 17889
8685 8763
8688 17143
8692 20705
8696 16167
8696 17912
8698 14532
8710 17966
8711 20186
8711 21810
8722 9520
8724 22286
8725 17908
8729 14012
8729 16738
8732 14530
8732 19264
8734 8889
8737 18525
8745 13480
8746 10221
8762 9286
8764 17566
8784 9063
8785 17640
8802 14837
8813 11806
8816 19602
8817 14550
8819 17986
8821 12736
8825 18418
8827 18755
8831 9519
8831 20654
8841 13405
8851 11924
8855 9281
8855 13323
8859 16396
8864 10056
8866 14893
8867 19710
8871 9693
8871 19103
8873 13324
8873 22374
8875 18336
8878 18368
8882 18307
8890 14864
8897 13604
8899 15406
8901 14018
8904 19888
8912 16280
8913 9914
8913 11491
8920 13304
8920 16252
8920 20720
8922 20369
8930 11489
8936 16719
8942 10807
8946 10754
8946 21077
8959 12117
8959 15221
8964 14797
8968 9374
8975 9186
8975 13852
8979 18159
8996 18741
9003 9865
9005 16867
9011 14316
9014 16441
9014 18893
9017 15196
9017 20603
9019 22223
9033 13580
9034 20650
9039 15580
9041 11883
9041 16066
9051 13995
9052 12035
9064 21971
9073 20545
9079 13011
9080 14025
9081 12935
9083 19403
9083 19456
9084 10477
9084 12143
9084 21301
9089 20251
9091 14591
9095 13097
9098 12356
9098 20016
9109 12536
9115 20116
9125 15846
9128 22406
9130 22516
9133 18117
9141 10680
9142 12473
9149 18061
9150 17549
9152 16872
9153 21007
9163 14546
9166 10594
9171 13142
9174 12922
9178 16497
9179 14733
9181 21372
9184 9370
9184 15394
9184 16137
9188 15600
9194 14474
9197 18432
9208 19740
9212 18757
9216 19623
9218 10280
9218 19335
9218 20543
9225 12417
9237 11534
9238 12759
9239 21462
9249 16228
9249 19433
9249 20991
9258 13105
9259 12618
9269 11790
9269 18760
9277 17477
9283 22348
9285 20516
9286 12836
9307 17132
9307 18775
9307 20519
9308 19188
9321 9669
9321 19366
9321 20449
9323 13568
9328 13351
9329 12222
9332 19295
9340 17784
9348 11834
9359 13330
9359 21087
9368 11753
9372 13718
9374 13866
9374 21146
9377 17300
9377 19783
9383 11956
9383 12525
9390 18690
9395 10295
9395 13221
9398 10955
9403 18187
9404 10754
9405 11981
9407 20571
9409 14808
9410 20228
9410 20974
9413 11609
9413 11974
9413 20034
9422 11962
9422 18781
9422 20224
9423 9834
9423 15986
9423 20240
9438 12727
9438 18869
9444 9447
9459 12041
9459 16763
9460 11013
9469 10515
9471 18774
9475 14180
9476 12635
9480 10754
9480 16140
9485 15983
9485 16791
9485 17361
9491 16048
9499 19564
9501 14863
9502 15686
9502 16763
9503 20293
9505 13842
9505 22050
9510 13535
9516 22472
9527 18976
9528 18047
9532 17324
9539 11484
9539 17053
9551 20963
9555 11452
9555 17189
9558 15720
9559 19052
9567 10916
9567 12320
9581 11835
9587 9693
9592 20282
9598 17237
9600 13235
9608 9991
9608 13605
9608 18034
9610 17117
9611 15715
9614 13048
9614 17865
9617 17629
9619 12217
9622 19316
9623 20720
9627 14916
9627 16203
9632 17048
9644 19501
9647 9989
9649 13115
9653 18978
9659 18938
9665 21352
9667 13733
9667 20677
9675 11625
9684 20784
9685 15633
9686 14424
9686 21826
9689 20476
9692 15849
9693 18714
9696 15145
9702 9918
9704 19264
9705 20957
9708 13112
9708 20668
9726 16976
9736 14083
9739 12895
9740 10702
9743 22175
9750 15735
9773 21059
9774 10407
9783 14989
9783 20428
9801 17885
9808 22104
9809 15969
9811 19026
9818 10162
9818 21901
9820 20712
9822 21824
9823 19582
9831 15421
9834 16893
9838 10216
9838 14440
9840 18628
9841 19196
9841 19913
9844 11453
9845 18722
9846 17914
9850 19312
9853 12330
9856 15803
9857 18870
9864 13185
9865 15260
9865 19935
9869 13672
9870 13673
9880 15201
9883 21811
9897 16054
9902 21670
9904 12525
9914 18972
9925 21092
9928 10564
9929 12012
9933 13553
9938 17286
9942 17195
9946 20496
9947 12856
9947 21273
9949 10056
9949 18163
9949 21493
9958 15352
9960 12163
9961 20724
9964 14610
9971 18712
9973 16258
9973 20938
9975 20719
9985 12163
9993 12518
9993 15640
9997 12077
9997 13714
10000 13672
10000 19583
10002 11363
10009 17839
10016 14550
10024 16354
10024 20226
10044 16755
10050 16939
10050 20717
10053 14216
10063 11400
10063 14952
10065 12930
10075 13990
10081 20434
10083 16971
10088 15568
10088 21284
10090 16059
10093 16765
10100 17671
10103 10359
10107 15426
10108 12179
10110 15091
10114 15668
10117 10996
10118 19565
10127 15721
10128 15264
10128 19546
10135 15682
10138 12849
10163 13245
10164 17307
10165 11988
10167 18372
10168 10896
10168 22400
10171 10823
10173 10293
10175 14752
10182 12467
10187 20463
10187 21928
10189 10591
10198 20433
10201 22600
10209 18181
10230 16843
10230 22084
10244 10842
10246 20838
10251 17763
10258 18531
10258 20288
10263 11426
10263 20938
10271 15861
10276 12034
10292 10342
10292 17743
10293 20935
10296 19923
10296 21705
10300 15397
10310 14352
10310 15305
10321 15571
10322 12610
10323 13668
10332 12130
10333 19291
10348 12427
10349 10469
10351 14328
10351 14949
10354 17194
10355 18034
10359 20278
10381 13766
10381 19403
10393 15402
10393 21356
10397 16592
10398 14623
10406 10887
10416 11476
10421 16637
10422 16374
10422 16650
10424 10736
10430 14100
10433 10864
10443 16662
10449 13870
10451 17709
10452 20892
10468 16623
10469 13945
10479 14483
10480 15228
10480 20595
10486 17069
10492 12762
10496 15959
10509 16184
10519 21798
10520 19603
10523 11036
10525 18003
10525 20420
10530 13894
10530 18680
10531 12094
10537 20637
10539 14251
10550 21191
10552 20173
10563 16325
10568 15026
10590 19916
10591 10864
10591 12139
10592 22286
10593 19587
10594 16065
10599 16816
10601 22348
10608 17018
10617 17303
10618 16771
10627 18103
10630 21497
10635 18547
10635 18930
10648 15279
10649 13005
10653 11243
10656 22653
10674 12458
10676 11325
10676 21681
10680 13879
10680 18284
10690 10910
10690 13916
10690 18030
10692 11714
10692 13161
10700 11327
10702 17869
10703 21648
10706 17682
10717 11202
10717 11517
10722 18296
10724 19746
10724 22404
10725 16526
10730 15246
10743 18770
10744 21263
10770 14191
10770 19849
10771 14606
10772 13051
10772 17824
10780 11299
10780 13812
10780 14705
10780 17336
10781 16322
10782 18214
10783 15566
10783 18870
10787 16996
10794 16681
10806 13051
10806 18411
10813 15904
10816 18178
10817 17615
10817 18310
10826 21746
10827 12325
10827 21483
10828 12276
10828 12789
10829 15246
10831 13356
10832 11174
10833 16496
10833 19135
10838 19874
10864 21923
10879 19371
10892 14225
10903 14897
10904 11913
10906 16808
10910 14528
10916 14490
10923 15715
10925 14963
10927 22373
10965 13275
10965 15394
10970 16995
10973 13456
10990 21884
11005 13693
11012 20072
11019 16263
11019 18807
11020 16919
11021 13386
11023 19604
11026 15973
11035 16029
11036 19575
11041 20216
11043 11301
11043 13861
11044 15572
11045 14842
11045 18487
11045 20624
11052 11250
11052 17585
11057 17908
11060 20683
11062 16996
11073 14650
11073 18333
11079 13947
11092 11512
11092 22563
11103 22573
11115 22594
11118 20187
11124 17302
11140 18532
11143 16798
11143 20654
11144 18606
11150 16263
11151 13823
11159 21510
11161 17982
11162 17850
11162 21811
11163 15377
11165 16260
11165 16608
11169 20702
11172 12144
11176 16844
11176 21770
11180 12729
11193 21158
11194 18744
11198 15879
11199 16590
11213 13604
11213 20438
11217 14732
11218 22339
11219 11323
11220 20974
11220 22354
11224 19675
11226 18393
11235 20283
11239 16902
11246 17114
11250 16861
11254 14808
11255 14247
11258 12344
11260 17247
11260 19946
11270 22379
11271 15314
11272 13800
11274 20369
11277 14900
11281 14891
11283 14083
11291 14993
11296 22310
11298 18767
11313 15377
11316 12709
11325 12828
11326 20919
11327 14758
11331 11683
11331 15049
11333 19538
11337 17685
11354 21556
11362 20368
11362 22277
11374 21573
11381 13728
11386 15107
11387 14326
11387 19814
11395 22476
11398 15849
11404 20187
11408 12679
11413 11608
11413 16920
11413 21711
11413 22282
11416 18038
11424 14603
11427 13438
11427 16656
11435 19652
11436 13278
11436 19517
11443 13089
11444 14947
11448 20512
11452 16251
11453 19642
11453 21035
11458 17429
11459 20671
11462 14584
11465 21644
11476 20299
11483 17370
11484 19393
11488 15438
11489 18111
11498 19090
11500 17932
11501 16719
11506 17231
11507 12537
11513 22254
11515 19888
11517 18855
11518 14980
11518 16291
11519 18208
11526 22616
11529 15773
11542 15251
11544 15955
11545 16908
11545 17299
11545 22105
11552 21530
11555 22596
11561 13746
11567 16843
11585 13766
11586 11638
11601 15594
11601 17865
11603 20887
11604 19646
11608 18067
11608 20487
11610 15102
11611 13047
11613 15905
11625 22171
11639 16737
11642 12466
11648 21265
11659 14915
11661 18132
11661 18144
11669 18826
11678 14973
11683 13161
11690 13356
11694 14575
11697 12135
11712 17374
11721 17578
11721 20367
11724 13780
11733 12575
11735 15891
11737 20815
11743 21068
11748 15600
11749 14895
11752 16322
11760 15719
11772 12770
11775 11787
11775 18757
11793 15649
11794 11872
11794 13334
11794 16030
11798 13483
11804 17956
11808 19948
11809 12066
11814 12114
11825 13981
11849 18532
11855 17570
11866 22396
11870 17735
11872 15803
11874 13104
11874 22071
11877 16676
11882 18770
11883 22478
11908 12665
11908 16042
11911 17592
11912 15260
11913 19527
11914 15211
11921 15418
11925 20288
11940 19199
11941 18047
11943 21813
11946 15587
11949 21006
11952 12662
11973 21774
11975 16089
11975 21586
11976 20942
11977 13694
11978 12759
11981 12687
11983 12896
12009 13801
12020 19361
12029 19527
12029 19819
12040 20930
12042 21615
12061 19530
12069 13215
12071 18024
12078 13232
12080 19195
12083 13288
12086 12950
12089 22040
12093 19598
12094 15803
12098 16627
12111 19431
12114 18953
12122 20541
12124 14903
12137 15861
12142 13839
12181 14626
12182 15832
12186 19746
12186 20610
12190 15717
12195 22282
12201 17676
12201 17784
12210 13742
12210 15584
12215 21971
12217 12301
12219 16604
12229 17783
12232 13562
12234 12625
12247 15371
12264 16031
12267 17474
12273 18690
12277 17553
12279 22677
12284 14908
12296 20578
12296 22545
12297 14760
12312 20136
12316 12979
12317 12846
12320 16049
12334 13458
12334 15826
12344 15183
12352 21622
12367 14236
12367 14664
12389 14368
12389 20293
12390 18783
12398 19891
12400 15518
12419 19443
12424 13404
12439 18693
12440 15794
12445 21396
12446 20737
12446 21681
12449 17904
12449 18881
12452 19730
12466 14900
12487 17206
12496 14043
12520 14920
12524 17926
12525 21018
12544 13588
12547 15674
12557 16409
12557 18935
12558 17711
12566 14755
12569 21442
12583 17052
12585 17753
12602 18741
12616 14682
12617 19670
12619 19052
12635 20667
12636 19765
12641 21575
12643 16520
12645 14893
12655 19310
12658 15547
12662 16617
12664 16493
12699 12901
12727 16102
12732 14833
12735 15734
12735 19612
12759 22163
12781 21312
12788 14255
12796 14280
12808 18483
12813 20210
12818 13670
12819 13904
12824 14653
12830 19652
12834 17238
12835 19884
12838 17764
12844 19429
12854 13343
12854 21905
12855 13403
12859 13980
12866 14997
12866 19529
12866 20713
12866 21471
12868 14001
12877 17640
12878 17682
12882 17320
12884 13107
12885 17353
12906 20645
12913 20167
12940 18379
12950 15048
12957 16902
12964 19260
12984 22277
12994 16972
12994 21495
12994 22163
12999 20242
12999 20586
13005 16926
13037 15091
13047 15099
13047 18784
13051 14932
13058 17396
13070 13621
13085 15952
13085 16483
13086 15382
13089 15923
13090 15846
13091 22236
13094 15071
13101 15497
13105 17679
13108 16460
13123 17548
13124 13702
13127 15661
13145 20414
13151 20163
13156 13728
13156 20815
13157 17367
13160 13167
13165 13211
13171 13722
13184 18369
13188 19528
13194 16571
13201 17202
13216 21629
13219 15979
13223 13443
13234 15969
13248 13778
13248 14565
13257 20482
13268 14621
13279 14705
13284 15510
13291 22451
13293 19086
13313 15460
13318 16941
13327 15995
13331 14017
13337 21927
13343 20003
13356 17902
13357 16777
13360 14103
13374 19185
13375 16737
13376 20869
13376 21515
13379 14190
13379 14691
13379 22310
13380 13758
13400 17843
13402 22405
13408 21461
13414 14117
13415 22328
13428 15283
13428 17552
13434 16146
13435 22452
13437 20494
13440 22562
13462 22511
13463 17552
13469 13923
13469 17723
13469 21376
13471 18052
13475 15539
13475 16246
13475 21372
13479 14810
13502 21218
13512 14951
13517 18871
13524 16980
13560 19026
13562 21087
13568 19592
13574 19387
13581 19904
13582 14721
13600 16734
13621 14352
13626 20930
13628 22186
13629 15354
13629 21332
13634 13913
13641 16052
13644 14243
13646 17834
13656 18987
13656 22591
13662 18771
13681 15044
13681 20841
13683 19774
13686 22129
13697 17440
13702 15766
13706 16125
13708 22279
13714 13882
13718 19996
13720 16506
13731 15880
13733 14537
13745 14268
13746 22562
13753 16214
13758 15373
13760 18027
13766 17967
13773 20233
13778 17113
13779 19227
13780 17185
13800 17538
13809 18803
13812 15071
13812 15105
13813 14352
13820 18480
13821 21292
13827 15105
13829 13988
13832 19169
13845 14890
13859 21224
13864 16097
13867 14312
13870 17810
13872 21167
13874 20549
13881 17446
13894 14949
13894 17152
13895 19964
13896 14268
13901 20672
13905 20007
13905 22514
13912 17020
13913 16194
13928 16749
13944 20201
13965 21376
13971 16777
13971 19443
13973 15585
13973 17067
13983 18737
14001 17002
14023 16404
14024 14490
14028 22379
14049 21528
14058 19583
14063 18375
14063 20549
14080 18680
14082 16084
14092 16436
14099 21342
14101 15623
14104 22536
14108 17021
14123 18508
14127 15517
14136 20724
14139 21377
14147 14640
14150 22677
14157 16228
14162 15645
14164 14539
14180 21464
14188 14275
14190 17552
14190 18783
14194 17812
14217 20789
14227 17231
14227 20061
14232 21142
14233 20680
14234 22662
14244 15650
14248 22194
14249 15193
14255 21647
14260 17723
14263 17896
14273 21033
14275 16683
14279 15202
14285 20478
14289 15164
14296 15535
14300 16384
14316 18693
14323 21760
14341 19382
14347 16516
14352 22503
14365 21909
14370 15320
14390 19813
14401 19351
14401 19598
14402 15984
14402 19588
14425 18549
14441 16230
14441 20718
14470 14481
14477 18168
14487 21065
14491 15079
14491 21483
14493 19733
14502 16666
14502 21949
14517 15385
14518 20731
14524 21966
14527 15998
14535 19133
14539 14754
14546 14893
14551 16363
14562 18714
14565 14929
14588 16574
14589 18019
14589 20775
14595 19915
14596 21396
14601 16810
14608 20580
14610 17684
14628 19353
14630 15252
14630 19317
14650 17578
14658 19051
14664 19978
14672 20075
14678 19389
14684 17063
14692 22550
14750 16956
14754 17232
14771 22336
14784 19429
14799 19479
14802 17523
14805 15895
14808 16045
14810 15809
14829 17467
14840 17395
14841 21898
14854 16820
14854 18667
14859 18851
14864 17053
14866 17548
14873 18738
14874 17544
14874 20251
14884 14893
14898 16947
14903 22012
14907 21421
14907 22520
14916 15656
14923 16821
14931 17925
14940 15147
14944 19695
14966 17693
14971 18867
14972 21925
14998 16705
14998 20497
14998 22511
14999 22354
15002 18881
15026 17621
15036 15094
15044 22515
15046 21516
15047 19136
15049 16490
15049 18102
15051 16822
15064 22545
15068 18500
15072 20956
15081 20127
15086 15496
15089 21926
15093 16520
15094 19703
15096 21081
15100 17668
15100 21097
15102 20685
15121 19698
15134 19806
15136 17726
15137 21274
15146 16276
15164 20449
15178 18912
15181 17759
15201 18225
15203 21151
15219 16381
15220 18166
15220 20008
15225 21629
15247 21139
15252 20241
15260 18096
15267 15377
15283 18581
15284 19529
15290 17611
15297 15369
15347 15995
15347 19262
15352 17364
15368 19658
15388 21475
15394 22246
15401 22590
15402 22678
15416 21448
15426 17051
15443 18598
15445 16331
15445 17190
15470 19960
15482 19098
15506 21620
15517 16531
15522 18965
15523 18147
15523 19380
15526 16065
15528 16110
15536 18015
15539 17805
15547 18714
15550 17014
15568 16022
15577 20058
15580 17470
15584 17470
15590 17545
15595 22406
15615 19339
15623 20788
15626 17247
15626 21633
15633 21126
15664 15697
15671 21693
15672 20361
15682 20842
15686 17593
15688 18961
15702 17302
15702 19184
15711 17461
15715 17364
15719 18005
15723 16482
15724 20991
15743 16268
15750 15974
15752 19257
15768 22659
15803 19198
15804 19658
15814 17841
15829 18055
15839 21126
15842 18797
15848 20476
15876 16356
15881 21987
15890 21446
15891 16809
15906 19725
15947 21873
15955 19630
15960 17785
15977 16592
15983 20543
15990 19185
15995 16555
16002 21171
16010 16773
16030 18994
16035 18763
16047 16817
16081 16120
16086 16228
16088 17733
16101 19722
16132 19379
16149 21987
16164 17962
16188 16604
16190 18338
16195 22353
16198 19235
16204 19284
16214 19415
16224 19012
16232 16390
16234 22472
16238 21574
16254 20578
16259 19715
16262 17317
16268 18483
16276 16421
16293 21556
16298 19584
16303 17682
16319 18117
16320 18013
16321 19347
16321 21615
16327 18657
16337 20472
16363 17699
16369 17646
16377 17130
16381 18310
16382 22653
16404 21011
16408 16558
16415 18875
16419 18193
16451 18518
16453 16614
16474 16730
16478 18681
16480 19923
16482 21574
16486 18909
16494 19167
16504 17248
16511 20401
16515 22003
16540 21091
16555 17329
16569 20973
16613 18095
16614 18317
16621 18129
16627 18993
16634 19167
16650 17010
16681 17328
16682 18686
16701 17759
16707 20988
16739 19999
16743 17866
16743 18904
16749 16807
16759 16884
16771 21869
16797 16886
16809 17897
16842 21749
16852 21419
16854 18719
16872 18380
16877 21274
16888 17191
16896 22130
16934 19815
16941 21824
16950 20052
16950 21909
16962 19014
16981 20871
16991 17785
17007 18024
17011 18684
17016 20064
17018 19117
17036 17684
17054 18038
17080 22339
17100 21857
17113 18824
17121 17995
17121 19260
17123 21168
17126 21107
17128 22383
17132 20016
17136 18076
17136 22338
17141 17507
17152 18284
17171 20194
17185 20241
17188 17629
17189 21029
17201 19822
17213 17303
17216 19462
17256 21884
17264 20753
17281 18230
17288 17347
17300 17860
17303 18055
17303 20543
17307 21528
17320 18505
17328 22157
17337 18380
17376 20650
17376 21927
17416 17785
17416 19260
17417 21282
17418 18599
17434 17636
17446 18439
17470 18477
17470 21054
17512 22447
17523 18693
17545 20544
17550 21074
17550 22041
17560 21009
17573 19602
17579 17852
17589 22356
17637 20225
17638 18840
17638 20030
17646 22117
17652 18779
17659 19737
17659 22626
17678 19687
17684 17743
17717 18087
17717 21543
17721 21794
17723 19165
17728 22437
17729 21799
17736 18840
17754 21449
17778 18557
17784 18484
17798 20284
17799 22117
17804 20882
17806 22241
17812 19716
17813 22217
17835 19188
17838 20938
17865 19569
17872 20261
17878 20011
17879 18184
17879 22117
17913 17980
17934 20284
17993 21355
17996 18993
18005 20971
18011 19718
18018 18924
18034 19182
18034 21702
18054 19808
18088 20091
18128 19569
18156 18590
18160 20118
18160 22344
18189 19090
18189 19737
18206 19670
18219 20305
18237 21196
18244 21224
18269 18778
18308 20090
18346 18437
18350 18504
18363 20435
18395 19927
18399 19155
18444 19749
18463 20128
18479 18515
18480 20479
18484 18581
18494 20040
18513 18983
18515 20945
18539 19133
18551 21666
18552 19996
18581 20003
18633 20342
18638 22104
18644 18751
18724 19427
18751 22668
18778 19053
18788 19235
18823 20278
18926 19029
18935 20445
18937 21662
18941 19746
18943 20285
18949 20180
19070 21772
19074 19651
19101 21808
19117 20720
19180 19479
19182 20722
19191 19871
19192 19301
19202 21274
19214 22049
19287 20069
19291 21014
19310 19915
19312 19829
19312 22336
19334 21194
19335 22045
19350 19971
19379 19479
19379 22112
19402 19778
19403 20649
19443 19934
19445 22068
19530 20216
19574 22566
19605 21734
19642 21284
19651 21158
19664 19676
19668 22594
19706 22319
19718 22581
19730 21185
19746 21777
19761 20428
19761 21539
19798 20096
19851 20787
19855 21683
19913 21462
19953 21746
19977 20342
20011 21240
20139 22219
20163 21159
20191 22433
20278 21184
20278 22336
20283 20591
20370 22602
20391 22653
20414 20867
20453 20837
20472 22626
20478 21774
20557 20860
20580 21199
20610 22508
20649 21598
20650 21647
20650 22645
20739 22451
20803 21143
20833 22596
20868 20949
20886 21541
20892 22648
20895 20943
20903 20994
20904 22086
20952 21238
21034 21091
21038 21543
21038 22581
21067 21717
21152 21494
21231 21238
21248 22476
21532 22086
21594 21733
21619 22627
21645 22040
21667 21921
21711 21782
21742 22129
22310 22536
