5000
2 5985
8 2830
8 6918
8 7323
8 9980
8 10613
10 2875
10 3562
10 8952
12 1736
12 5877
14 5025
14 5432
17 767
20 5653
20 7321
23 924
23 1114
23 1594
23 3733
23 4724
24 3981
24 4087
25 305
25 7163
27 9193
27 9913
31 3066
31 4002
31 5072
31 7117
43 7034
45 186
45 2876
45 5879
45 7189
46 3526
49 3558
49 5249
49 7848
53 1828
53 7145
69 5158
78 4175
79 5085
79 5263
79 5321
79 6160
79 6556
79 6834
79 7851
79 10176
89 1693
89 3567
93 746
93 2049
93 2795
93 4003
93 4446
93 5268
93 6911
98 3912
98 6275
103 4006
105 1684
105 4946
105 5800
106 2402
106 6577
112 5694
112 9049
118 4935
118 5520
118 6874
120 7916
121 3963
121 3965
121 4277
123 3213
123 6549
123 6665
131 2346
131 3317
131 3613
140 3783
140 4207
140 6070
140 6099
140 6574
140 6723
140 6963
144 3676
144 4054
144 5817
144 7209
144 7321
151 694
151 1050
151 1540
160 7278
160 9728
164 331
164 511
164 3734
164 6362
164 8577
165 5920
165 6540
165 7015
170 6097
170 7038
177 436
177 2266
177 9287
179 5428
179 6629
180 4042
181 802
181 1605
181 6946
181 7857
186 3575
192 3772
192 3979
192 7650
193 811
193 2877
193 4355
193 6694
193 7107
199 1947
199 5910
199 5911
217 6684
221 2693
221 6464
221 7244
225 2421
225 3385
225 5190
226 5128
226 5311
226 6630
226 6802
231 639
231 3070
231 5960
231 9789
232 4931
234 1164
234 6490
234 6793
234 7418
234 8694
241 9485
246 930
246 968
246 3847
246 7347
246 10082
254 4012
254 4815
255 3776
255 7305
261 644
261 3810
261 5579
261 7804
261 8102
267 5244
270 808
270 3269
273 305
273 2031
273 4364
273 7169
273 8255
275 2013
276 1537
276 2696
282 5975
282 7038
282 7097
282 8952
290 1176
295 1545
295 3567
295 6251
295 6797
301 632
301 3691
301 5476
301 5854
305 6201
305 7304
307 7076
311 5843
311 8211
312 3801
312 4679
312 5026
313 1368
313 1568
313 4724
313 5873
313 6717
314 846
314 4800
314 7074
318 2894
318 3500
318 4151
319 3338
321 2258
321 4475
322 3323
322 6946
322 7046
325 4774
327 825
327 4344
327 5570
327 8710
328 3500
328 4651
328 7214
331 1175
331 1583
331 1586
331 3452
331 3580
331 6750
331 6754
331 6910
332 2846
332 7272
332 9076
335 1598
335 4137
335 5421
335 6422
338 4801
344 631
344 2120
344 4939
346 2690
346 5056
346 8289
347 1433
347 5268
347 8081
348 7578
348 8127
353 739
353 3673
353 5766
353 8263
354 6780
354 8582
355 7115
356 1669
356 3055
356 9332
357 965
357 3739
357 4071
357 7136
357 7434
363 2351
363 3656
363 3831
363 4503
365 1723
365 2457
365 2756
365 3455
365 3654
365 5299
366 5361
371 1682
371 1923
371 3919
371 4842
372 957
372 8087
373 5343
373 6656
373 7090
374 2027
374 2260
374 3076
374 7496
375 4568
377 770
377 1664
377 3220
377 3423
377 5310
377 6827
377 6997
377 7107
380 2709
380 6006
380 6085
380 7612
381 7200
381 9075
383 1663
383 5134
384 5090
384 8348
385 3292
385 6497
385 9038
386 3283
386 6895
387 414
387 7144
388 1001
388 4611
388 5151
388 6899
388 7134
391 3261
391 3906
391 8929
391 10596
392 6332
399 2806
399 4248
399 4930
400 1525
400 1865
400 3589
406 3750
406 5311
406 7962
408 5444
408 8710
410 1351
414 6991
414 8199
415 1778
415 3098
415 3533
415 4948
417 9183
419 3314
419 4555
419 5520
420 3334
424 7229
424 8709
424 9704
425 739
425 2696
425 5710
425 7835
436 4365
436 6856
436 7140
439 3391
439 9340
445 2281
445 2745
445 9671
447 9640
448 2783
454 481
454 1596
454 5345
454 6464
454 7033
454 7165
455 1371
455 4822
455 5482
455 10177
456 3207
456 3440
456 4061
456 5027
459 480
459 3311
459 3868
459 8102
461 3320
461 4012
462 4806
468 6833
476 3681
476 3715
476 4096
476 5022
476 5137
476 6686
476 7144
476 9162
477 4569
477 5285
478 1281
478 9332
480 567
480 2487
480 5304
480 6766
480 6955
481 5949
481 7535
481 7857
483 3356
484 2311
484 5070
484 8429
487 3325
487 3621
487 5042
487 5730
487 7208
488 3141
488 4507
488 5449
488 7781
488 9332
491 1299
491 6347
491 8950
494 955
494 4072
494 6343
496 868
496 7095
496 7140
498 5203
498 9756
503 5465
503 5906
503 6503
503 6623
503 6770
505 2732
505 7052
506 4063
507 5053
507 8323
509 1707
509 6808
509 7110
511 4612
511 7963
512 619
512 1555
512 3827
513 1876
513 3095
513 5000
514 547
514 2855
515 1013
515 2695
515 5022
515 5347
516 6549
517 1167
517 4800
517 5464
518 6390
518 7337
518 7383
518 7623
519 1281
519 2077
519 3804
521 1967
521 5596
522 2802
522 4363
522 7372
524 2745
524 6513
529 3930
529 5152
529 6274
529 6445
530 2311
530 3414
537 834
537 912
537 2208
537 5415
537 6686
537 8831
541 1615
541 2453
541 4993
541 5585
543 997
543 5056
543 5347
543 5697
543 9038
546 3946
547 2288
547 2874
547 5285
547 7137
550 1938
550 3715
550 4557
550 5676
551 2573
555 2013
555 7129
558 5504
561 1236
561 1389
561 2260
561 3043
561 6391
567 2964
567 3124
567 3660
567 4880
567 5762
570 2498
570 2980
570 3511
570 5500
570 8557
576 637
576 2135
582 5622
584 1755
584 3389
584 5915
585 5249
585 5375
585 6458
587 6850
587 7847
587 7864
587 9075
590 1382
590 6485
593 2696
593 3426
593 3967
593 4161
595 1426
596 1158
596 1175
596 2836
596 4307
596 5068
596 7054
596 10287
598 1411
598 3385
598 3815
598 4021
601 4612
601 4995
605 1923
605 4292
609 6424
609 8586
618 2986
620 1386
620 5250
621 1247
621 4510
621 4513
621 5856
621 7023
621 9060
623 7755
625 5915
625 8200
625 8961
627 666
627 5870
628 3581
628 6856
631 4612
632 2099
632 5192
632 7242
634 1652
635 3659
635 5848
637 3175
637 8324
638 2920
638 4932
639 2982
639 5886
642 6722
642 8599
644 2445
644 4890
646 961
646 1486
647 6299
647 6440
651 1233
651 6123
651 9440
653 2825
653 3076
654 1425
654 8215
656 1112
662 5099
662 5727
666 741
672 4774
672 6471
672 6658
672 8066
672 9665
673 3755
673 3995
673 7780
675 5489
675 6461
675 7984
684 833
684 2717
684 2920
684 8997
685 5332
685 8052
685 8106
685 10007
687 4327
687 5918
687 7023
690 3303
691 6626
691 8186
693 5000
693 5619
694 5604
694 5914
694 6634
704 1872
704 3545
704 5917
707 3491
716 862
716 1433
716 9665
721 3909
721 4654
726 2570
726 4639
727 4597
735 2172
735 3270
735 4179
735 4472
735 5232
735 6411
735 6771
737 1122
737 2290
737 6990
737 8068
739 2453
741 1786
741 7169
741 7772
741 7888
742 1548
742 5160
742 8970
744 1832
744 2130
744 3012
744 4042
746 2958
746 6685
746 7000
746 7863
750 1808
750 2163
750 2777
750 3677
750 6966
750 7986
752 2717
752 5031
752 5769
752 6352
755 2631
759 1707
759 3864
759 4767
759 5398
759 7194
763 1407
763 1944
763 6776
763 7189
764 2744
764 2799
764 4290
764 7287
767 998
767 3631
767 4163
767 5497
767 5708
767 7624
769 4806
769 6065
769 6983
771 3663
771 3790
771 8089
773 945
773 1433
773 2378
773 2531
773 6963
778 847
778 3570
778 6246
778 8487
779 805
779 868
779 1517
780 1573
780 4435
780 7976
781 1594
781 4179
781 5478
782 5019
782 5258
782 7093
785 7352
789 6065
789 7298
791 2457
791 9756
793 1605
793 3981
793 4146
793 7999
793 10110
794 3317
794 6646
794 7226
795 1877
795 6807
795 9645
796 4035
796 6556
801 1707
801 5100
801 5921
801 6189
801 6693
805 3389
805 6373
805 6728
808 2530
808 4732
808 7589
808 9694
810 1967
810 6205
811 3580
811 3933
811 5105
811 7058
813 1081
813 5817
815 1815
815 5735
825 1519
825 4187
825 6236
825 6391
827 967
827 3864
827 8167
828 2046
828 5177
828 5409
829 1746
829 1778
829 5448
830 3967
830 5493
830 6625
830 7898
832 2709
832 3199
832 3631
832 7866
833 4932
833 5019
833 6873
834 5013
836 4327
839 1589
839 2802
839 6989
843 872
843 1037
843 2061
843 2968
846 1517
846 5792
847 1734
847 2407
847 2690
847 3920
847 7749
849 3829
849 4006
849 7079
849 7281
850 1992
850 6068
850 6083
850 6145
850 6438
850 7888
858 5640
858 5979
858 7868
860 3115
860 4147
860 5298
862 1572
862 5304
862 9231
866 1874
868 2050
868 7165
868 8525
871 2166
871 2288
872 2604
872 5213
872 6927
876 1791
876 8221
877 5702
877 6545
877 7850
878 3978
878 5984
878 7490
882 2833
882 8203
883 6778
888 1322
888 1803
889 4505
892 4886
892 5829
894 3093
894 5692
895 1427
895 5924
895 8349
896 5598
896 5792
896 7103
899 6596
899 7134
899 7226
899 8042
900 9729
902 3978
902 4617
902 6069
902 6459
906 5390
906 5720
907 2958
907 5078
907 7076
908 4975
908 7068
908 7324
909 7271
912 4532
912 5533
912 6503
912 7151
914 5714
919 5099
919 7071
922 1860
924 7776
928 1544
928 5072
928 5763
928 8557
930 6115
930 6917
930 9291
934 1881
934 3971
934 4106
934 8211
935 1739
935 2732
935 3527
936 1612
936 3583
936 8595
937 7081
942 3903
942 6671
942 8121
945 6346
945 7535
945 7624
945 8013
945 9670
948 1298
948 5813
948 9752
950 9083
955 2049
955 2756
955 5038
956 4795
956 7007
957 7219
960 2116
960 8003
961 1342
961 8351
961 8429
963 8997
965 3965
965 4741
965 5583
965 6006
966 6775
966 7023
967 2864
967 3698
967 4559
968 7732
970 4996
970 6549
971 4354
971 4472
971 6859
974 1366
974 5027
974 5599
974 7271
974 7785
974 8351
979 9913
982 1650
982 4433
982 6090
983 1152
983 2732
983 3815
983 5813
983 6347
983 6640
994 3808
994 4431
996 1828
996 5863
997 3286
997 10132
998 3289
998 6828
998 7489
1001 1865
1007 1206
1007 1660
1007 8446
1009 2496
1009 6242
1013 7147
1013 8180
1016 5928
1016 6124
1016 7117
1016 9805
1018 2545
1018 7605
1019 4189
1019 6266
1021 3894
1021 5610
1021 8079
1024 4095
1024 7375
1026 7172
1033 1513
1033 6426
1033 7009
1033 7448
1034 2680
1036 2768
1036 5475
1036 7434
1037 1294
1037 6850
1041 10395
1047 3181
1047 3238
1047 8429
1049 1071
1049 1218
1049 1471
1049 4386
1049 4954
1053 1366
1053 1522
1053 4937
1053 5928
1053 7297
1055 7274
1058 5313
1058 7315
1063 3382
1063 4647
1063 6656
1064 2657
1064 8525
1068 4329
1068 4559
1071 2024
1071 2879
1072 5673
1076 3121
1076 3122
1076 3269
1076 3589
1076 6855
1081 1200
1081 5424
1081 5428
1084 8323
1086 2855
1088 3830
1088 6888
1088 7734
1096 5089
1096 7053
1098 5136
1099 3691
1099 5528
1099 6642
1104 6942
1108 3364
1112 3093
1113 3717
1113 4767
1113 5085
1113 7068
1114 1279
1116 1803
1116 3304
1117 6540
1121 2963
1122 5943
1123 3371
1123 6480
1124 2736
1124 3547
1124 8267
1126 1543
1126 3759
1126 4539
1126 5299
1126 7066
1127 8118
1127 8119
1127 9090
1131 3978
1131 4503
1131 6140
1131 6210
1139 3003
1141 5872
1144 1322
1144 7149
1145 2643
1145 3150
1145 3160
1148 4251
1148 8749
1149 1266
1152 6665
1156 3044
1156 6725
1158 1865
1158 3938
1158 9047
1164 2643
1164 3186
1164 4548
1164 5063
1164 7977
1165 6403
1167 1168
1167 3928
1167 6916
1167 7323
1168 6349
1171 3635
1171 7965
1175 6451
1175 9532
1176 1972
1176 2587
1176 3396
1176 5326
1177 5111
1178 3515
1178 4524
1178 4866
1178 5518
1178 5966
1178 8348
1180 2762
1198 1997
1198 6562
1198 7641
1198 8211
1199 2065
1199 4524
1200 2545
1200 4822
1200 5963
1200 6253
1200 6426
1200 6909
1202 1811
1202 2855
1202 6463
1202 6544
1202 7215
1202 7257
1203 3599
1203 3638
1203 5004
1204 1332
1204 1338
1204 1695
1206 7898
1206 8081
1207 4064
1207 8427
1210 3575
1213 1443
1213 2950
1213 9378
1218 3035
1218 3382
1218 5818
1219 1594
1219 5200
1223 3292
1223 5468
1223 7084
1223 7282
1223 9425
1225 1669
1225 3003
1225 3715
1225 3861
1225 5374
1225 6905
1228 2311
1228 5757
1233 2117
1233 4473
1233 5593
1233 6603
1233 7050
1234 3150
1241 1513
1241 5583
1247 7188
1247 8074
1256 6755
1266 5046
1266 7177
1266 8595
1269 5794
1269 6990
1269 7249
1269 7264
1269 8050
1272 5499
1272 9179
1274 4061
1274 4296
1274 7113
1275 3167
1275 5070
1278 2174
1278 3092
1281 1462
1281 3811
1281 3967
1281 6704
1282 2631
1282 4965
1282 6606
1284 1363
1284 1366
1288 3055
1294 2863
1294 6832
1297 3452
1297 4066
1298 4466
1298 4547
1298 7848
1299 2674
1299 3919
1299 6246
1299 6390
1302 1487
1302 2266
1302 2673
1302 3930
1302 4381
1302 5375
1302 8224
1303 1662
1306 3082
1306 3712
1306 5955
1306 6089
1311 4365
1311 7217
1313 4913
1319 4245
1321 3242
1321 3858
1321 4459
1321 6340
1321 7084
1321 7580
1321 10172
1322 6805
1323 4541
1324 3303
1324 3349
1324 4654
1324 4993
1324 5019
1324 5209
1326 5313
1328 3730
1328 7856
1331 2785
1331 8599
1332 4815
1332 5218
1332 6885
1332 7060
1332 7848
1336 5861
1336 6810
1336 7624
1336 7671
1336 7785
1336 9340
1338 3991
1338 7103
1339 4233
1339 5711
1342 1886
1342 3068
1342 3336
1342 5960
1342 6749
1343 4569
1343 5152
1343 8586
1345 5260
1345 6781
1347 1690
1347 6349
1347 6952
1350 5871
1351 2779
1351 3774
1351 5407
1351 5802
1351 7996
1352 7122
1352 7179
1352 8191
1352 9969
1353 3790
1353 6784
1353 7112
1353 8119
1359 1784
1360 2851
1360 6642
1363 3574
1363 3856
1363 4700
1363 7437
1363 8959
1366 4934
1366 5019
1366 5311
1366 8211
1368 2531
1368 5915
1371 3931
1371 5219
1371 5352
1373 2680
1373 3520
1373 4285
1373 4557
1373 6527
1378 5062
1378 5560
1379 3607
1382 3558
1382 6682
1382 7278
1382 9511
1386 2198
1386 4363
1386 6653
1386 7861
1388 10110
1390 1570
1390 6711
1406 2434
1406 2990
1406 3199
1406 4587
1406 6458
1406 6732
1407 7920
1408 6955
1408 7208
1410 5302
1410 7908
1411 5966
1411 6984
1413 8228
1415 5791
1415 7160
1415 7880
1419 1593
1419 5279
1419 6804
1419 8586
1420 4938
1420 5583
1421 5467
1421 7004
1421 8027
1422 6725
1425 4567
1425 6928
1426 7614
1426 8446
1427 4558
1432 2502
1432 5915
1433 4524
1433 7274
1434 6973
1434 7305
1436 3382
1436 4409
1436 4538
1436 6289
1436 6403
1437 5626
1438 6814
1438 7779
1442 2843
1442 5076
1442 5544
1442 6682
1443 4886
1444 5007
1444 5534
1444 6160
1446 4922
1446 5428
1446 5748
1446 6339
1446 7107
1447 1694
1447 3520
1449 3176
1450 3194
1450 7316
1453 3533
1453 7716
1454 2077
1455 6283
1455 8018
1460 6538
1462 1972
1462 3250
1462 3940
1462 5122
1462 8747
1464 4031
1464 5863
1467 1964
1467 3979
1467 5341
1467 6160
1468 2377
1468 2514
1468 6114
1469 1975
1469 3163
1471 7151
1471 8444
1475 8961
1480 1763
1480 3129
1480 4371
1480 5281
1480 7698
1481 3963
1481 5219
1481 6545
1484 2177
1484 8947
1487 1504
1487 5437
1487 7266
1496 4612
1499 4504
1499 4947
1499 6241
1499 6850
1500 1643
1501 2855
1501 3537
1501 3790
1501 4383
1501 5528
1503 2896
1504 5777
1504 6992
1504 8831
1504 9076
1516 4587
1517 4828
1517 7233
1517 9076
1518 2331
1518 7278
1518 8810
1519 1644
1519 3526
1519 8482
1519 9027
1522 4137
1522 5054
1525 1735
1525 3630
1525 5722
1525 7489
1526 6525
1526 7069
1527 2812
1527 7165
1528 1789
1528 8228
1530 6888
1531 3865
1531 5092
1534 3743
1534 4146
1534 5186
1534 6722
1540 6814
1540 7402
1543 2471
1544 2065
1545 5579
1545 6684
1545 7857
1546 1874
1546 2952
1548 2281
1548 4760
1548 5000
1548 7846
1550 8061
1553 5424
1553 5570
1553 6019
1553 6243
1553 7327
1553 10176
1553 10249
1555 5010
1555 7087
1555 8255
1556 2704
1556 3744
1561 4978
1561 6254
1561 9645
1562 3918
1562 6629
1562 7934
1567 1727
1567 4569
1568 2735
1568 7347
1570 5010
1570 5806
1570 8284
1572 6461
1573 6990
1575 2745
1575 5197
1575 5594
1583 2803
1583 2903
1583 6353
1586 3570
1586 4156
1586 7319
1586 7473
1586 7695
1586 8562
1589 5453
1591 1768
1593 1968
1593 2848
1593 5908
1593 6333
1594 5115
1594 6967
1596 3075
1598 2941
1598 4138
1601 4212
1601 8255
1605 5025
1605 6040
1607 3438
1607 4369
1607 5593
1607 9557
1609 8569
1612 4474
1613 6684
1615 6721
1621 2027
1621 2350
1621 5851
1621 6338
1621 7050
1625 4938
1625 6558
1625 7312
1625 9739
1628 4918
1628 5804
1628 5876
1628 6544
1628 7705
1629 2691
1631 1923
1631 2013
1632 3206
1632 7119
1634 6439
1638 2708
1638 6752
1638 8082
1639 2511
1639 4363
1639 5218
1639 6994
1639 7496
1640 1674
1641 5432
1641 5882
1643 9000
1644 6742
1644 7496
1644 7949
1647 3741
1647 7781
1647 9597
1650 8959
1652 5265
1652 7115
1653 3641
1653 6437
1653 6926
1654 5848
1656 3204
1656 5564
1656 5882
1659 8610
1660 9378
1661 7726
1664 3270
1664 5736
1664 6629
1668 5880
1669 2184
1669 2259
1669 3127
1669 5304
1671 2613
1671 4424
1674 2559
1675 2258
1675 5464
1676 3630
1676 3834
1676 6876
1682 2326
1682 6686
1684 3530
1684 5796
1685 4936
1685 6551
1685 7090
1685 7263
1685 8873
1686 2157
1686 3167
1686 3438
1686 3954
1686 4146
1686 6966
1686 7097
1686 7767
1686 8255
1690 4938
1690 6655
1690 7749
1693 2371
1693 2659
1693 7188
1693 8632
1695 3879
1695 4272
1695 7092
1696 1864
1696 6916
1696 6962
1696 7013
1698 3743
1698 6409
1698 7734
1706 4283
1706 4292
1707 4021
1707 6525
1711 1832
1711 2281
1711 6542
1711 6734
1711 6818
1711 7412
1713 3527
1720 2166
1720 5390
1720 6917
1720 7641
1723 4790
1727 4087
1727 7753
1733 6850
1734 6558
1734 7984
1735 7316
1736 7287
1736 8644
1739 3621
1739 4698
1739 6927
1743 2988
1743 4758
1743 7106
1746 5311
1746 5628
1746 6124
1747 2777
1747 5990
1748 3096
1748 4817
1748 5264
1750 3589
1750 8624
1752 3493
1752 5438
1752 10596
1755 4096
1755 7188
1759 3003
1759 6668
1759 7106
1762 5166
1762 6195
1762 6791
1762 7898
1765 2576
1765 5331
1765 5792
1765 7293
1765 8088
1765 8831
1768 2487
1768 4431
1768 4896
1768 6551
1768 9940
1770 5056
1770 5485
1776 2050
1776 2242
1776 6411
1778 6625
1778 8234
1778 9038
1782 2816
1782 3418
1782 4815
1782 5209
1782 6297
1782 9532
1784 7675
1784 8429
1786 4132
1786 5954
1791 3277
1791 4844
1794 1811
1794 5387
1797 6199
1797 6693
1803 3613
1803 3838
1803 4685
1803 4900
1803 7022
1808 2172
1808 3196
1808 7208
1811 8139
1814 6464
1814 7138
1814 7261
1814 8084
1815 5942
1815 7304
1816 7714
1823 4716
1823 5347
1824 2864
1824 5843
1824 6112
1824 7339
1826 2785
1828 5005
1832 6971
1832 8410
1835 2863
1835 6874
1841 9112
1842 6868
1842 9423
1850 5042
1850 5142
1850 5880
1850 7599
1860 4847
1864 3832
1865 5138
1867 2531
1867 6353
1867 7229
1868 2660
1868 7295
1868 8438
1870 5018
1872 4978
1872 7549
1872 8102
1876 2976
1876 3443
1877 3311
1877 7308
1877 8176
1880 3788
1880 7827
1881 3225
1881 4627
1881 6291
1881 7601
1881 7626
1886 1975
1886 6801
1886 7160
1896 3776
1896 6181
1896 7123
1896 7200
1898 4950
1900 4547
1902 5018
1902 5192
1902 8771
1904 5346
1906 2982
1923 2157
1923 6332
1923 7641
1924 6497
1924 9671
1925 5069
1925 6829
1925 9007
1925 10172
1929 3207
1929 7908
1929 8748
1938 4823
1938 7524
1941 5000
1942 5320
1942 9256
1944 4479
1944 8232
1947 5629
1948 4597
1948 8047
1949 5830
1949 9050
1956 3922
1956 5326
1956 7916
1961 4528
1964 4000
1967 3940
1967 6799
1968 2061
1968 7315
1972 2913
1972 4732
1974 7132
1975 2576
1975 2838
1975 3785
1975 5713
1975 7581
1979 5074
1979 6774
1983 2266
1983 5783
1983 9163
1997 3808
2000 2573
2000 4559
2000 7696
2003 5728
2003 9694
2007 4862
2007 5855
2013 4263
2013 4817
2013 6356
2018 4005
2020 2896
2024 2399
2024 6693
2025 8024
2025 8326
2031 3292
2031 5019
2031 5110
2031 5151
2031 5275
2031 9640
2034 4383
2034 6068
2034 7713
2041 6437
2043 6343
2043 6843
2046 2246
2046 7033
2046 7743
2049 2944
2049 4179
2049 8635
2050 2157
2050 2211
2052 2825
2052 6980
2054 4163
2061 4440
2061 4643
2062 3945
2063 2421
2065 5475
2065 6018
2074 5142
2074 5443
2074 7007
2077 8348
2099 2545
2099 5583
2099 6777
2102 7374
2102 9075
2112 2449
2112 2960
2112 3501
2116 2821
2116 4997
2116 8201
2117 7038
2120 4985
2120 6173
2125 6617
2126 6928
2126 9204
2129 5708
2129 6374
2129 8119
2129 8276
2130 3418
2135 3001
2135 4006
2135 6974
2137 2604
2137 3186
2137 5014
2157 6412
2157 6899
2157 9161
2163 2631
2163 7733
2165 5027
2165 5636
2166 3003
2170 6704
2170 8215
2171 4947
2171 9110
2172 5871
2172 7764
2174 6065
2174 7343
2177 3207
2184 3093
2184 8694
2189 5939
2190 5546
2190 6696
2193 3719
2193 7329
2193 7605
2198 2732
2198 5268
2198 7167
2200 5692
2200 6138
2200 6886
2200 7256
2200 7847
2204 2797
2204 4437
2204 4643
2204 7732
2206 4138
2206 5597
2206 5896
2208 2434
2208 5100
2208 7002
2210 5882
2210 7337
2211 5089
2211 5260
2211 10120
2213 6378
2217 2259
2217 7984
2217 8810
2221 4249
2221 4286
2221 4641
2221 6946
2221 7401
2242 6168
2242 9388
2246 3000
2246 3075
2246 5160
2246 5196
2246 7375
2247 4459
2247 7015
2247 7646
2250 5816
2258 6171
2259 9161
2260 3283
2260 3661
2260 7908
2262 5860
2266 5572
2269 4623
2269 5330
2269 5604
2269 6181
2271 4189
2272 3175
2272 3537
2272 3916
2272 5213
2272 6952
2276 2866
2276 2887
2276 6461
2276 7753
2281 5599
2281 7004
2288 3303
2288 4778
2288 5948
2288 6820
2290 5151
2290 5955
2290 6122
2290 6207
2290 6710
2302 3243
2302 5078
2310 6465
2311 5711
2311 7602
2321 5428
2321 6662
2321 6684
2326 3513
2326 5767
2331 7461
2346 6019
2346 6346
2349 5132
2349 7955
2350 4901
2350 5358
2350 6251
2351 3202
2351 5727
2351 5896
2351 6387
2355 3881
2355 4137
2355 6171
2355 7075
2355 9739
2357 4822
2357 6022
2357 6331
2362 2837
2362 3348
2362 6006
2362 8189
2371 3111
2371 7379
2372 2550
2372 7580
2375 2529
2375 3110
2375 6866
2377 6776
2378 3796
2378 7780
2378 8107
2381 3158
2381 4061
2381 5983
2385 3481
2385 4643
2385 5247
2385 10194
2396 3599
2396 4935
2396 5827
2396 7022
2396 7857
2396 8950
2399 2501
2399 8873
2402 9230
2403 3817
2403 6888
2403 8054
2407 3744
2407 7286
2407 7492
2408 4403
2408 10110
2410 2993
2410 3515
2410 6684
2412 2939
2414 7961
2421 7677
2434 4040
2434 4572
2434 5160
2434 7866
2435 3801
2437 6503
2437 7013
2443 3586
2443 3819
2443 5196
2443 6019
2443 9476
2445 2745
2445 4504
2445 7448
2446 6241
2449 4553
2449 6362
2449 6409
2453 4199
2457 8701
2459 6447
2471 2987
2471 5939
2477 8045
2487 2827
2487 3839
2487 6806
2487 8651
2491 6869
2492 2833
2492 4797
2496 5192
2496 8000
2498 5829
2498 7292
2498 9204
2498 10526
2501 5069
2502 3348
2502 5594
2502 5939
2502 6661
2511 5508
2513 4036
2513 5476
2513 7097
2513 8046
2516 3499
2516 3985
2525 3817
2525 7976
2525 8326
2530 4181
2531 3235
2532 8644
2538 3938
2538 3975
2538 4548
2538 6002
2542 3149
2542 3827
2545 5956
2545 7850
2550 5424
2550 6411
2559 7868
2563 4093
2563 8201
2570 5724
2570 5871
2570 6954
2573 2803
2573 2876
2573 3078
2573 7165
2573 8577
2576 6946
2587 6629
2587 6642
2593 3724
2594 5865
2594 6864
2602 5157
2602 5743
2602 6984
2604 4335
2604 5449
2604 9946
2611 3387
2611 3570
2613 7686
2613 7716
2613 9047
2614 6576
2614 8232
2631 3536
2631 5956
2631 8257
2632 6341
2637 6241
2637 6866
2637 8264
2643 3679
2643 7260
2649 3805
2652 3081
2654 3589
2654 4327
2654 9193
2657 6283
2657 6694
2659 2827
2659 3936
2659 5386
2659 6575
2663 5428
2673 3621
2673 5200
2674 5959
2674 6463
2677 6825
2677 8430
2678 4780
2678 5006
2678 5232
2678 7053
2679 2876
2679 3805
2679 5341
2679 6429
2680 6173
2680 7261
2681 7375
2689 5954
2689 10319
2690 4233
2690 8336
2693 2803
2693 8708
2696 3338
2696 3827
2696 6464
2702 2913
2702 5860
2704 4504
2704 5244
2704 7200
2708 6083
2709 3283
2709 8264
2712 3050
2712 7764
2717 5031
2717 7141
2717 7158
2719 3104
2719 7866
2722 5855
2732 5203
2732 6210
2732 7429
2732 9760
2735 3743
2735 7416
2736 4612
2736 7137
2736 7257
2736 8408
2737 3655
2737 6216
2740 4371
2740 4932
2740 8030
2740 8043
2740 8708
2744 3936
2744 5090
2745 5754
2745 6662
2745 7614
2745 8076
2745 8505
2747 8354
2749 8228
2756 4403
2756 7266
2756 8527
2761 3574
2761 4547
2762 6640
2762 6652
2762 8257
2777 3672
2779 4454
2779 4945
2779 6833
2779 8469
2783 3128
2785 3501
2786 3053
2787 3738
2797 2843
2797 5158
2797 6068
2797 7303
2799 8082
2802 5915
2803 8000
2806 4094
2806 5897
2807 4627
2807 6246
2807 7901
2807 8019
2809 9183
2812 4880
2816 5973
2816 6090
2816 8030
2816 8970
2817 3135
2817 5326
2817 6291
2820 2988
2821 9910
2824 4790
2824 6874
2825 4641
2825 6742
2827 4146
2827 4757
2830 2976
2830 3813
2830 9769
2832 5192
2832 7316
2832 8429
2833 6506
2835 4837
2835 5984
2835 6702
2835 6747
2835 8873
2836 5689
2836 6305
2836 7801
2836 8482
2837 4929
2837 6762
2837 6986
2838 3024
2838 6770
2838 7303
2840 3157
2840 4355
2840 6962
2842 6253
2843 3812
2845 8549
2848 4473
2849 9597
2851 3210
2851 5594
2851 5966
2851 6859
2855 4941
2855 5560
2857 6885
2857 6967
2861 5728
2861 6638
2861 7713
2863 5407
2863 8749
2874 5007
2875 4162
2875 7353
2876 9238
2876 9769
2879 7149
2879 7289
2881 9277
2882 6718
2883 5500
2887 5891
2887 6115
2887 7169
2887 7292
2888 5998
2888 6497
2888 7085
2896 4735
2896 7215
2896 9387
2896 9537
2898 3147
2898 5793
2898 6624
2898 6905
2898 7530
2898 8327
2903 3826
2903 7732
2906 3845
2906 5024
2906 5398
2906 5616
2906 5854
2908 3141
2908 4020
2908 4967
2908 6904
2908 7581
2909 8844
2913 7413
2913 7621
2914 5213
2914 6006
2914 9425
2919 3893
2920 6352
2920 6578
2926 6480
2926 6696
2928 4885
2928 5980
2935 3073
2935 6911
2935 7835
2936 4004
2936 6721
2936 9291
2937 3262
2938 3860
2938 7212
2938 7632
2939 5708
2941 6427
2944 4383
2944 5449
2944 6488
2944 7446
2950 4507
2950 7605
2952 4587
2958 3812
2958 6462
2958 8277
2960 7333
2963 8956
2964 6037
2967 3733
2967 4187
2968 4363
2968 6459
2973 6253
2976 5192
2976 5304
2977 4087
2977 5202
2977 8167
2977 8644
2978 3321
2978 6069
2978 6314
2979 4425
2979 6706
2980 7211
2980 9511
2982 4504
2982 6753
2986 3516
2986 3526
2986 7437
2987 6700
2987 6850
2988 5570
2988 5881
2988 6201
2988 6387
2990 5453
2990 6540
2993 3220
2993 6333
2993 6606
2993 7598
2996 5879
2996 6391
2996 6464
2996 7589
3000 10038
3000 10434
3001 3744
3001 3784
3001 3986
3001 6758
3001 7149
3001 8054
3003 6752
3006 3134
3006 4118
3006 4189
3006 5022
3006 8077
3007 3321
3007 5139
3007 7292
3007 7323
3008 3812
3008 3832
3012 3659
3012 5255
3012 5851
3012 6289
3021 5767
3021 5910
3021 6006
3021 6828
3024 4899
3024 6942
3024 7756
3024 9752
3029 3621
3029 3717
3029 4212
3029 10434
3032 3831
3032 4617
3032 5926
3032 6570
3032 8426
3035 3114
3035 6750
3039 3076
3039 3198
3039 4307
3039 6990
3039 8533
3043 9574
3044 3580
3044 6753
3050 5836
3050 8105
3050 10175
3053 4207
3053 5190
3055 3416
3055 5794
3057 7260
3060 3242
3060 3705
3060 5372
3060 9090
3066 5088
3066 5345
3066 6734
3068 8601
3069 3624
3069 3805
3070 6982
3070 9471
3075 5935
3076 5692
3076 8493
3078 5871
3078 7437
3079 3457
3079 3738
3080 7774
3080 9537
3080 10076
3081 3174
3081 4599
3082 5421
3084 3790
3084 5197
3084 8106
3093 4488
3093 10505
3095 7659
3096 4892
3096 6091
3098 7612
3109 4382
3109 4950
3109 7177
3110 5735
3110 7239
3111 3526
3111 7764
3112 3181
3112 5743
3112 5767
3114 4382
3114 6966
3114 8081
3115 5713
3115 5937
3121 4485
3121 5945
3121 6899
3122 4851
3122 9393
3123 4934
3123 5438
3123 7446
3123 7780
3124 5003
3124 6989
3126 6465
3126 7075
3127 5444
3128 5599
3130 6614
3132 4930
3132 5926
3134 3965
3134 8267
3135 3194
3141 7304
3142 3928
3147 5945
3148 4036
3148 4041
3148 6089
3149 7437
3150 3418
3150 5769
3152 3491
3152 4307
3157 4209
3158 7605
3160 5116
3160 5444
3160 7117
3160 9473
3163 3845
3163 4431
3163 4801
3163 5386
3163 7612
3164 3677
3164 9664
3167 3860
3168 7281
3170 7180
3170 8136
3171 3213
3171 5445
3171 5870
3173 9090
3175 3790
3175 4004
3175 6570
3176 4993
3176 5229
3176 6944
3176 8754
3177 3935
3177 5826
3186 5218
3190 3547
3190 4809
3190 9635
3196 4098
3196 6340
3196 7858
3196 9027
3198 4507
3199 5871
3199 7249
3200 3809
3200 5948
3200 9277
3202 7375
3207 3438
3207 4553
3207 5695
3207 6763
3207 7612
3207 8267
3207 9940
3210 3317
3210 4569
3210 4772
3211 8136
3213 6608
3213 7904
3216 5524
3216 7002
3216 7804
3220 7050
3225 7043
3225 8030
3235 6049
3236 5419
3236 6248
3238 6828
3238 7788
3240 3832
3240 5398
3240 6721
3242 5432
3242 6253
3242 6424
3243 8876
3245 3442
3245 6875
3245 8577
3255 7845
3256 6814
3260 4484
3260 4599
3260 4892
3260 7851
3261 4118
3261 6327
3262 4517
3263 4901
3263 6626
3263 8873
3266 5507
3266 5673
3266 9729
3268 4341
3269 5625
3269 7046
3270 3527
3270 8354
3271 6723
3271 8711
3271 8997
3273 3655
3273 7162
3276 5596
3278 6966
3279 4735
3279 6932
3282 4945
3283 4383
3283 5348
3283 10194
3284 6391
3284 6887
3284 7305
3284 9932
3286 3942
3289 6769
3289 7106
3289 9163
3291 4772
3291 5053
3291 5572
3292 3447
3292 4409
3292 5229
3292 7798
3293 5444
3293 5806
3294 3997
3294 4185
3294 4815
3303 5230
3304 4588
3304 5258
3304 5616
3304 6776
3309 4532
3311 3604
3311 7239
3311 7456
3314 6426
3317 5154
3317 5226
3317 8079
3320 4948
3320 7034
3320 7381
3320 8177
3321 5896
3322 6671
3322 7106
3323 4106
3323 4981
3323 7848
3323 8176
3324 5871
3324 6099
3324 6429
3324 6437
3324 8043
3325 6324
3326 6037
3326 6377
3330 4780
3330 6658
3334 4556
3334 5313
3336 4798
3336 6743
3336 7078
3336 7662
3338 5869
3338 7908
3339 6525
3339 6836
3340 3677
3341 4473
3342 3818
3347 4337
3348 4145
3348 7263
3348 8487
3349 8176
3356 7160
3362 4005
3364 6083
3367 4077
3367 4841
3367 7812
3371 7302
3375 3531
3375 5894
3375 7136
3382 7528
3382 8710
3383 6620
3385 7037
3385 7414
3385 8255
3387 6172
3387 6990
3389 7324
3391 6314
3396 7560
3398 6356
3400 5088
3400 6784
3400 7694
3409 3995
3409 4277
3411 5158
3414 5005
3414 5816
3416 4559
3416 6210
3418 6246
3418 8189
3421 4733
3423 5503
3423 7177
3423 8072
3426 3981
3426 7347
3426 7602
3426 8034
3426 8366
3429 4035
3429 7437
3429 9913
3435 4935
3437 5315
3437 7208
3437 7788
3437 8289
3438 7051
3438 8970
3440 6843
3442 3993
3442 6265
3442 8970
3443 6569
3446 6070
3446 8394
3447 6053
3447 10319
3453 3655
3453 5560
3453 6918
3453 7549
3455 5218
3455 6828
3455 8694
3461 3757
3473 5478
3473 6652
3473 7202
3481 4039
3481 6459
3481 7524
3491 7059
3491 7528
3493 5851
3494 6373
3494 7063
3496 6508
3499 7580
3502 7158
3503 3744
3503 3963
3503 7119
3506 4685
3511 4472
3514 4247
3514 5977
3514 6131
3515 3893
3515 5876
3516 5754
3520 4507
3520 6452
3520 8567
3527 4433
3529 9291
3530 7025
3531 4588
3531 6111
3534 4156
3534 5179
3535 3863
3535 6873
3537 4918
3537 5626
3540 7271
3545 7190
3547 5367
3547 7298
3558 6291
3558 6538
3562 4788
3566 4623
3570 6173
3570 8482
3574 4518
3574 10404
3576 5014
3578 3719
3578 5113
3578 6070
3580 6891
3581 3865
3581 5790
3581 6952
3581 8118
3583 5619
3583 9007
3586 3906
3586 10172
3587 4066
3587 4285
3587 7976
3589 5333
3593 4187
3593 4954
3593 5998
3596 4921
3596 5583
3599 5579
3599 6362
3602 4922
3602 5320
3604 4110
3607 8336
3611 4664
3611 7900
3611 9980
3613 5594
3616 4175
3616 4896
3621 5321
3624 6744
3624 8799
3626 6140
3626 7045
3629 5421
3629 5508
3629 6346
3629 8586
3631 3812
3631 4377
3631 5203
3631 9664
3635 6194
3635 7898
3635 7916
3638 5625
3640 7238
3643 5721
3648 3839
3648 3943
3648 6199
3652 6781
3654 3656
3654 6386
3654 7110
3654 9728
3655 3705
3655 6758
3655 6864
3657 3730
3657 5165
3657 6022
3658 4994
3658 6540
3659 5622
3659 5648
3659 6675
3661 4860
3661 9532
3664 7054
3673 4229
3673 5607
3673 6060
3676 6083
3677 4918
3677 7092
3677 7106
3677 8068
3679 5843
3681 5004
3682 4341
3682 5666
3682 7297
3684 6629
3684 6778
3684 9425
3686 4506
3686 6097
3686 6977
3691 5872
3692 4524
3692 6516
3692 7314
3693 4672
3695 6575
3698 6619
3698 6640
3699 4329
3710 8027
3712 4042
3712 5577
3712 6541
3714 4954
3714 5098
3714 6807
3714 6840
3715 4541
3715 7060
3717 4757
3717 4861
3719 4167
3719 4229
3719 6711
3719 6924
3724 5607
3724 8047
3727 6053
3727 7955
3730 3856
3730 4513
3730 7713
3733 7069
3734 3817
3734 5443
3734 5484
3734 8582
3738 6356
3738 10505
3741 6820
3743 7866
3744 4087
3744 4405
3744 5612
3750 5721
3750 7333
3755 4066
3755 7492
3755 7694
3757 7221
3765 5688
3765 6021
3771 6969
3771 7167
3772 8529
3774 4475
3774 5043
3774 6115
3777 7242
3777 7264
3783 5113
3784 3935
3785 5005
3788 7343
3790 9185
3793 6722
3793 7272
3793 7514
3796 4705
3802 5063
3802 6886
3802 9339
3804 4900
3804 5067
3805 4590
3808 5711
3808 8662
3809 8105
3810 7231
3812 6888
3813 4484
3813 5985
3813 6712
3817 3871
3817 4233
3817 6908
3817 9574
3818 9525
3819 5224
3819 6963
3820 7221
3820 8076
3825 5088
3825 6739
3826 4263
3826 6386
3827 6755
3828 4354
3828 7624
3829 7012
3829 7058
3829 7062
3832 5936
3834 7845
3837 3965
3838 6814
3838 6846
3839 5554
3844 5415
3845 4582
3847 3963
3847 10172
3856 8045
3857 6568
3857 8497
3861 4371
3861 6883
3861 6982
3863 7888
3864 4510
3864 6743
3864 6986
3864 7154
3865 3942
3865 6955
3868 4910
3868 6044
3868 7657
3870 4774
3870 5258
3870 5689
3870 5955
3871 4766
3871 4852
3872 6895
3872 6998
3874 4950
3876 4112
3876 7093
3880 5733
3893 6436
3894 4415
3894 6976
3897 5653
3897 5908
3898 5629
3898 6890
3898 7050
3903 6445
3906 5076
3906 7226
3906 7302
3906 9440
3908 6245
3909 3954
3909 8632
3916 6784
3918 6891
3919 4705
3919 6353
3922 8820
3923 3993
3923 4657
3923 6288
3928 6983
3930 9277
3931 6373
3931 6824
3931 7827
3931 9597
3935 4948
3935 5943
3935 9978
3936 5230
3938 7179
3939 7781
3940 4517
3940 5134
3940 8087
3943 6096
3946 5247
3946 5843
3946 6327
3949 4851
3949 8929
3954 5777
3956 7880
3956 10287
3965 7278
3966 6447
3966 6908
3967 5482
3967 7403
3970 4004
3970 8426
3971 3975
3971 8013
3971 8068
3971 8098
3975 4831
3975 7138
3975 7314
3978 7094
3979 4364
3979 6236
3979 6399
3981 4811
3982 7648
3982 8961
3983 6096
3985 6739
3986 4170
3993 4453
3993 4760
3995 4329
3995 6168
3995 7110
3997 7486
3999 6732
3999 6996
3999 8030
4000 9940
4003 6089
4003 6429
4003 7901
4003 8356
4004 5493
4005 7221
4006 5774
4009 7781
4012 4344
4012 6909
4012 7696
4012 9451
4015 6182
4020 6962
4024 9204
4027 5188
4031 6852
4031 6973
4036 4302
4036 7180
4039 4450
4039 7717
4039 8191
4039 8748
4040 7060
4040 7569
4041 7694
4043 7375
4043 9203
4050 5583
4050 6331
4057 4981
4057 7991
4059 6218
4059 7760
4059 8102
4059 9728
4061 5610
4063 6742
4063 9238
4064 4967
4066 5451
4068 5915
4068 6843
4071 6221
4071 7461
4072 4266
4072 5707
4072 7138
4072 7812
4077 6094
4080 8694
4083 4932
4083 5826
4083 6314
4083 7078
4083 7776
4087 8167
4087 9339
4093 6145
4093 6559
4094 6903
4095 4266
4095 6892
4095 8267
4095 9425
4096 4245
4096 5076
4098 5226
4099 5886
4101 6429
4101 6506
4106 5984
4106 6075
4112 5179
4116 5793
4117 4181
4117 4503
4117 7191
4118 6387
4132 5680
4132 5774
4132 6333
4132 8086
4132 9121
4136 6610
4136 7051
4136 7079
4136 7731
4136 7863
4136 8748
4138 6401
4138 7718
4139 5499
4139 5658
4139 9471
4145 6352
4146 6950
4156 5451
4157 4458
4157 7659
4161 5220
4161 7597
4161 7826
4163 9136
4167 5132
4168 5147
4170 5326
4170 5790
4170 6899
4175 4456
4175 4899
4175 7963
4179 5980
4179 6976
4179 8232
4180 4842
4180 6471
4180 8426
4181 5372
4185 6097
4185 6886
4188 5580
4188 7015
4189 5389
4189 5582
4189 5666
4190 4244
4192 4300
4196 6187
4196 6248
4196 6253
4196 7099
4199 5585
4201 4837
4207 6952
4209 5166
4212 6093
4212 6378
4225 8326
4229 4800
4229 7379
4234 5499
4239 6194
4239 8211
4247 6380
4248 5432
4248 6464
4249 4329
4249 6809
4251 5134
4260 7211
4263 7804
4266 4852
4266 6046
4268 7581
4271 5342
4271 5697
4272 4724
4272 6696
4272 8454
4277 7025
4277 7052
4277 9204
4277 10395
4283 6445
4284 6374
4285 5616
4286 9204
4292 4354
4292 5358
4292 5694
4292 6046
4296 5332
4296 7225
4296 8308
4296 9193
4300 5860
4302 7077
4302 7374
4302 8253
4307 6806
4307 6983
4327 7003
4329 6652
4329 6819
4335 5917
4337 4503
4337 7274
4341 5826
4354 4788
4354 7032
4354 9340
4355 7122
4355 7347
4355 10007
4357 5268
4357 7078
4357 7235
4363 4538
4363 7732
4364 6791
4364 7804
4364 8108
4365 6027
4367 6574
4369 6395
4369 6928
4371 6207
4371 8597
4374 5761
4375 6419
4375 7324
4375 8084
4377 7095
4377 8624
4381 5376
4382 5333
4382 6356
4386 5031
4386 6888
4386 6982
4386 8262
4397 5232
4397 5948
4400 5386
4400 10329
4402 5193
4403 4433
4403 6890
4409 6210
4409 7556
4414 6424
4414 7965
4415 4900
4424 6952
4424 8255
4424 9136
4425 5353
4425 8610
4431 7020
4431 10613
4432 4627
4432 5968
4433 6764
4435 6928
4437 4557
4437 8211
4438 5707
4446 6173
4446 10434
4450 5382
4450 8354
4453 6347
4454 7646
4458 6193
4458 7139
4466 6756
4467 7765
4472 6007
4473 6382
4473 9398
4474 7133
4474 9136
4475 8546
4479 5580
4479 5881
4485 7916
4485 8186
4488 8104
4490 6982
4490 7302
4490 7714
4491 8118
4491 8997
4504 7355
4506 5190
4506 6931
4507 5481
4507 5680
4507 8820
4509 9440
4509 9694
4510 8747
4512 4661
4512 4822
4513 8546
4517 6793
4518 5863
4518 6296
4524 5288
4524 9640
4527 4528
4527 9471
4528 5550
4529 5695
4529 6046
4529 6883
4529 9393
4538 5421
4538 8525
4539 7461
4539 9760
4543 7770
4547 6541
4548 4981
4548 5682
4548 5763
4552 6934
4552 9913
4555 6362
4555 8956
4555 10140
4556 5152
4556 5806
4558 5031
4559 5447
4559 6044
4559 6089
4567 4838
4569 8228
4570 6613
4570 7004
4572 5415
4572 6861
4579 6022
4582 4929
4582 5310
4582 8632
4587 6131
4592 7107
4592 10175
4600 7238
4600 8327
4612 5006
4612 6381
4612 7764
4617 5111
4618 8085
4623 6596
4623 8482
4630 10120
4639 6692
4641 7728
4641 9183
4651 4937
4651 7107
4651 7755
4657 6804
4657 7831
4657 8090
4657 8873
4659 5005
4659 5056
4659 6895
4659 7181
4661 4952
4661 6562
4661 7835
4661 8046
4663 5070
4663 5186
4663 8383
4664 5025
4664 9805
4674 5796
4674 5871
4674 8869
4683 5629
4684 4801
4684 5040
4684 5225
4687 5328
4698 5911
4698 6977
4698 7851
4698 9277
4700 9910
4700 10000
4716 5766
4716 7150
4716 8284
4722 5475
4732 5735
4735 4837
4735 5702
4735 6324
4736 5541
4736 6732
4737 6637
4737 8081
4737 9110
4741 5188
4741 9393
4745 6445
4745 7774
4745 8186
4752 5482
4752 6006
4752 9052
4757 5444
4757 7267
4766 8000
4766 9969
4769 7472
4769 9640
4771 5004
4771 6958
4771 7310
4772 6750
4772 6799
4772 6926
4772 6944
4775 5754
4780 8189
4781 6218
4781 6356
4781 8082
4784 7325
4784 7827
4788 7090
4788 7711
4788 8118
4790 5304
4790 6124
4797 7271
4798 5056
4801 7144
4801 8745
4806 6668
4809 6747
4811 6501
4817 6038
4817 8562
4817 8632
4817 9163
4817 9789
4822 7942
4822 8255
4823 6752
4823 7856
4823 8608
4823 9704
4829 5617
4829 6976
4829 7801
4831 7239
4831 7653
4836 5534
4836 6928
4837 6161
4837 7084
4839 7164
4841 6918
4841 6990
4841 9245
4841 10120
4842 5226
4842 6989
4842 10132
4847 5005
4848 7863
4851 5376
4855 7698
4861 6542
4861 7127
4862 5448
4884 6989
4885 5911
4885 6603
4885 7060
4885 7851
4885 8088
4886 9109
4890 6366
4890 7305
4892 5936
4892 6204
4892 8586
4896 5038
4896 9083
4900 5484
4900 6362
4900 7375
4905 5372
4905 7020
4910 7657
4910 8873
4912 4921
4912 6080
4913 4978
4913 5038
4913 5042
4913 8662
4918 5011
4918 5898
4918 6753
4921 8243
4922 4936
4929 4948
4930 5341
4930 7062
4930 7163
4931 5728
4931 6040
4932 6876
4932 7760
4932 8186
4934 5311
4937 8432
4937 8822
4939 7857
4940 6508
4941 7103
4942 5499
4942 5518
4942 8624
4945 5304
4945 6983
4946 7772
4947 5332
4950 5543
4950 6314
4950 6335
4950 6881
4954 5437
4954 6873
4954 8104
4954 10434
4956 7788
4958 9031
4964 7023
4967 10120
4970 5585
4975 5583
4975 5637
4975 6089
4978 5111
4978 5950
4981 9664
4985 7774
4993 5834
4994 5810
4995 5196
4995 7215
4996 5189
4997 6846
4997 7141
4998 6763
5000 5596
5003 5344
5003 5443
5003 6551
5004 5386
5004 6050
5005 5467
5005 6711
5005 9038
5006 5783
5006 6955
5007 5871
5010 6549
5011 5916
5011 8013
5013 7062
5014 6131
5019 6370
5019 8003
5019 8956
5019 9575
5024 7343
5025 8876
5026 5583
5027 9062
5031 6355
5032 7986
5038 5255
5038 8452
5038 9664
5040 5467
5040 5872
5040 8748
5041 8149
5042 5053
5042 6998
5045 6163
5045 7324
5046 7287
5046 8565
5050 6596
5050 7215
5053 9978
5054 6503
5056 5883
5063 5704
5063 7169
5063 9311
5065 6174
5065 9946
5067 6016
5068 6037
5069 7350
5070 6556
5070 7355
5072 5325
5072 7535
5076 5710
5076 7043
5078 6608
5078 7305
5078 8221
5082 5218
5088 5484
5090 5752
5090 5890
5090 7223
5090 7233
5098 5225
5099 6942
5099 9835
5100 8820
5105 6021
5110 5507
5110 6927
5111 6473
5113 5142
5113 7535
5113 9557
5114 7490
5114 7761
5116 6308
5116 6818
5121 5328
5121 6562
5122 6140
5125 8231
5125 8710
5125 9835
5127 8624
5128 5762
5128 5911
5128 7888
5129 7325
5131 6221
5131 6562
5131 6876
5131 8055
5131 9038
5137 8477
5138 8644
5139 5264
5139 7235
5142 5343
5142 6710
5147 8791
5149 8951
5152 7070
5153 5924
5154 7161
5157 6843
5158 7090
5159 6852
5161 5708
5161 5880
5161 5911
5161 6662
5161 6685
5165 5294
5165 5545
5165 7528
5166 5963
5166 8876
5172 6037
5172 9760
5175 6085
5175 9425
5177 8136
5178 7188
5182 5563
5183 6766
5183 8203
5185 6739
5188 6090
5192 6825
5192 7882
5193 7675
5201 8064
5202 5291
5202 6934
5204 6558
5209 6982
5210 6459
5210 6889
5210 7039
5218 8765
5219 7448
5220 8072
5220 8820
5224 7278
5225 5761
5225 9083
5229 5285
5229 5774
5229 6954
5230 6934
5232 6251
5235 8761
5239 5296
5242 6819
5244 6403
5247 9969
5249 5650
5255 9664
5257 7605
5257 7977
5257 8997
5258 5708
5258 6246
5258 7105
5258 8202
5259 5700
5259 6551
5259 8754
5260 6910
5262 6291
5265 5599
5265 7776
5265 7984
5268 6288
5268 8438
5270 7223
5275 6928
5287 5990
5288 7001
5288 7760
5291 6563
5291 8090
5291 9203
5298 6207
5299 7139
5299 7401
5299 7812
5302 6341
5304 9739
5310 9388
5311 6181
5315 8323
5316 6568
5316 7864
5317 7569
5321 6720
5321 6976
5321 7435
5326 6473
5328 8075
5331 6040
5331 6926
5331 7831
5332 5524
5332 7173
5336 6181
5336 7079
5336 7339
5337 5769
5337 6665
5343 6793
5343 8045
5345 6390
5347 7095
5352 7169
5352 7180
5352 7278
5353 5544
5354 8356
5361 8199
5367 8662
5371 6189
5376 7908
5382 6883
5386 5443
5386 6440
5387 6990
5387 7103
5390 5834
5395 6946
5395 7150
5395 7848
5395 9978
5398 8502
5404 8651
5407 6984
5409 5534
5409 7900
5412 8502
5414 7729
5415 6781
5415 6783
5419 5851
5424 5865
5424 6725
5425 7661
5432 6754
5437 5834
5437 6911
5440 5761
5440 7641
5440 8393
5444 5882
5444 6831
5445 5468
5445 6248
5449 5500
5449 6826
5452 5942
5452 8822
5453 5930
5453 6444
5453 6943
5453 7353
5453 9792
5460 8336
5464 5836
5464 8042
5464 8243
5465 5869
5465 8184
5467 6096
5467 9812
5475 6824
5476 7164
5478 5882
5478 5901
5478 7831
5481 6305
5481 6545
5484 7219
5485 7492
5489 6327
5489 7225
5493 5695
5493 6874
5497 8064
5500 6574
5500 7765
5502 7281
5508 6700
5508 8999
5509 7693
5509 9090
5513 7127
5530 5936
5530 8989
5533 6008
5533 7158
5533 8267
5534 7019
5537 5911
5541 6449
5541 6763
5542 6574
5545 9237
5548 6777
5558 6945
5560 8349
5564 6241
5570 6800
5572 5648
5572 6319
5572 10610
5574 8202
5576 6609
5576 7266
5577 7044
5577 8371
5577 8810
5580 6973
5580 8072
5582 7059
5582 7831
5587 6817
5593 6987
5594 7209
5594 8706
5596 6419
5596 8200
5596 10395
5597 5910
5597 7446
5597 8728
5598 6436
5601 5684
5605 5898
5607 7711
5610 7768
5611 6694
5612 6881
5614 8577
5617 7078
5617 7850
5619 7113
5621 6411
5621 6829
5622 5950
5622 6563
5625 7383
5625 7749
5626 6538
5628 6401
5628 8211
5635 6025
5635 6777
5637 5888
5637 7788
5650 8595
5658 5959
5658 6874
5658 7073
5658 8002
5665 7266
5673 5842
5676 6567
5680 7695
5682 5880
5684 6743
5688 6338
5689 6456
5689 6739
5689 6980
5689 8610
5691 5983
5695 6704
5695 9792
5695 10140
5697 7193
5700 5920
5702 5950
5704 8079
5707 7456
5707 10319
5708 5767
5708 6963
5710 7314
5710 7339
5710 8118
5714 7158
5714 7217
5721 6799
5722 5860
5722 7257
5724 7102
5724 9913
5728 5792
5731 7211
5735 7223
5736 5955
5736 6172
5736 7067
5740 7315
5748 7401
5754 5898
5754 6419
5754 7748
5754 8054
5754 8791
5757 7999
5758 6193
5762 6461
5762 6958
5763 7217
5767 6958
5774 7564
5782 7728
5783 5902
5783 7664
5783 8997
5791 6468
5791 7292
5793 6982
5793 7602
5793 7821
5793 8359
5796 6090
5802 8074
5804 6881
5804 8020
5805 6007
5805 8622
5806 6111
5806 6744
5806 6973
5813 7020
5818 8694
5818 8950
5823 7973
5823 8034
5827 6093
5828 10038
5829 7095
5830 6040
5830 7302
5834 6174
5836 8430
5836 10007
5842 6122
5843 6592
5843 7851
5848 6122
5848 6657
5848 6988
5849 6624
5851 6840
5855 6781
5860 7044
5861 7312
5861 10184
5863 5882
5869 6702
5870 6462
5872 5880
5872 6687
5879 6258
5879 6542
5880 7105
5880 8428
5881 5891
5881 6258
5881 7416
5882 8586
5883 6439
5884 8694
5886 7685
5888 5985
5888 6243
5888 7333
5890 7631
5891 7228
5894 9969
5896 9835
5897 7165
5897 7420
5902 6016
5902 8952
5907 6917
5907 7034
5907 7714
5911 6928
5911 10505
5914 6830
5916 6665
5916 6814
5916 7861
5917 6682
5919 6236
5919 6445
5920 6352
5920 7077
5921 7990
5926 8167
5935 8477
5936 8232
5937 7846
5939 6961
5942 8002
5942 8052
5956 8232
5957 6349
5957 6804
5959 6112
5959 7032
5959 10567
5963 7613
5968 8088
5973 7053
5973 7337
5974 8042
5975 6934
5975 7188
5977 8831
5979 6374
5979 9365
5980 7316
5980 8393
5980 8398
5980 9704
5983 7383
5990 6892
5990 9471
5998 8694
6000 7099
6001 6576
6001 8820
6002 9003
6002 9557
6007 7123
6018 7133
6021 8104
6025 6886
6030 7043
6039 8021
6044 6738
6046 6770
6046 7244
6046 7932
6065 7728
6068 7880
6068 8372
6068 9946
6069 6265
6075 7851
6080 6884
6080 7084
6080 10567
6085 7473
6090 6657
6090 10434
6091 9284
6093 7575
6094 6363
6096 10172
6097 7723
6099 6722
6099 10596
6105 6724
6109 7765
6112 6625
6112 6961
6112 9557
6114 7020
6114 7343
6114 7711
6115 6630
6115 8709
6123 6330
6123 7490
6124 6661
6131 6891
6132 7316
6137 6931
6140 6305
6140 6777
6140 6895
6145 6860
6145 7744
6158 6189
6158 8635
6160 7312
6161 6908
6161 7311
6163 7004
6163 9728
6171 7112
6171 8487
6171 9537
6173 6508
6174 8557
6175 6626
6175 6722
6175 7089
6181 6833
6181 7076
6181 8359
6187 9728
6189 7225
6194 8243
6202 6689
6207 7054
6207 7073
6207 8564
6207 9062
6213 6539
6213 7054
6213 7221
6218 6288
6220 6541
6221 6624
6221 8102
6226 6525
6236 6653
6241 7602
6241 9027
6242 6288
6242 7223
6245 7068
6245 8527
6246 9980
6251 7370
6252 6712
6252 7133
6253 7038
6258 7058
6258 8956
6266 6910
6274 6777
6274 8050
6275 6391
6275 6908
6275 7976
6288 8013
6290 10177
6291 7624
6291 8454
6293 6538
6297 7273
6299 8024
6314 8546
6314 10329
6319 7217
6327 6824
6327 6988
6331 7059
6332 6734
6333 6998
6335 6804
6335 9671
6341 6539
6343 8411
6345 8765
6346 8706
6346 9230
6347 8873
6353 6742
6353 6770
6355 7716
6355 10567
6356 6911
6356 7764
6370 7575
6370 7677
6373 10587
6374 7180
6374 7329
6380 7524
6381 7514
6382 10132
6384 8191
6387 6963
6391 6802
6391 8708
6401 6784
6401 6976
6403 9112
6409 6819
6411 6497
6411 9856
6413 6924
6419 6496
6419 8493
6422 6948
6422 9332
6424 6575
6424 7984
6424 8446
6425 6473
6425 6840
6425 7580
6425 9473
6429 6820
6438 6836
6438 10249
6444 7965
6445 8562
6451 9423
6451 10404
6452 6791
6452 7598
6456 7901
6458 7077
6461 7302
6461 7327
6461 10007
6462 7209
6462 7324
6462 9665
6463 7729
6464 7162
6465 7103
6465 7141
6468 6628
6468 8257
6473 6706
6485 7664
6485 8052
6487 7308
6490 9183
6496 7000
6496 7864
6497 6924
6501 7087
6501 7287
6503 7641
6506 6577
6508 6721
6508 7176
6516 7412
6525 7355
6527 6977
6537 6841
6539 7169
6539 9090
6541 8383
6542 8745
6544 7223
6544 8533
6545 6575
6552 7305
6554 9640
6558 6712
6558 7217
6563 7226
6567 6780
6573 8284
6574 7295
6577 6588
6578 7496
6592 8569
6603 6618
6606 6944
6608 7353
6608 8711
6609 7728
6610 7145
6613 7661
6614 7530
6620 6885
6624 7767
6625 9331
6630 7560
6630 8582
6634 6819
6638 8356
6640 7306
6642 8562
6646 7239
6646 8289
6653 7113
6653 7581
6655 6824
6656 8662
6661 7289
6662 7337
6662 10112
6672 8962
6680 9007
6681 7856
6682 7238
6682 9230
6686 6988
6686 7189
6693 6946
6694 6750
6707 7315
6715 7151
6721 7719
6722 6808
6725 7114
6738 6992
6738 9340
6743 7999
6744 9387
6747 7694
6749 6802
6752 7147
6754 9331
6757 7760
6761 8075
6763 8186
6764 9038
6765 8241
6766 7612
6768 7437
6768 8820
6771 7164
6771 7187
6775 6916
6775 6974
6775 7264
6775 9752
6776 8961
6776 10076
6777 9425
6778 10596
6780 7158
6780 9199
6781 7696
6783 7713
6783 8058
6784 7045
6786 6807
6786 9256
6793 7134
6795 8076
6797 7035
6797 9704
6800 9270
6807 9388
6809 7767
6809 10194
6814 9969
6817 7671
6819 8446
6820 7044
6824 7760
6826 9203
6829 7866
6832 7242
6833 7374
6834 7139
6836 8562
6843 8221
6843 8438
6845 6866
6846 8408
6846 8549
6846 8872
6848 7381
6848 7714
6856 8107
6856 10526
6859 7039
6859 8359
6868 7071
6869 8199
6873 7156
6873 7711
6874 9136
6875 7113
6880 7567
6884 6972
6884 9525
6888 7685
6888 8118
6890 7524
6890 9425
6891 8372
6895 7079
6903 7062
6908 7189
6911 8021
6916 7115
6917 7767
6917 9112
6924 7999
6926 9062
6927 9729
6929 7225
6932 7212
6933 9621
6938 7239
6948 7211
6950 7731
6954 7268
6958 7764
6962 8177
6966 7006
6969 7977
6973 7208
6975 7343
6980 7755
6984 8359
6986 7066
6987 7751
6989 7233
6990 8428
6994 7880
6997 7092
6998 8411
6999 7496
7000 7021
7000 8711
7003 7776
7003 8359
7004 7514
7006 7597
7007 8610
7009 8262
7015 8711
7023 8970
7025 8372
7035 9237
7037 7755
7040 7071
7040 7127
7043 7186
7044 7685
7044 10177
7045 9007
7046 7144
7046 7780
7050 8211
7053 7150
7053 7156
7064 7312
7064 8582
7068 8601
7073 7231
7073 8074
7074 7661
7076 9286
7077 9161
7078 7103
7081 7169
7087 8146
7089 8090
7089 9109
7092 9231
7095 7325
7097 7733
7097 8601
7099 7488
7101 7685
7102 7856
7104 7778
7105 7448
7107 7602
7110 9038
7115 8595
7119 7461
7122 7685
7130 9284
7133 7413
7134 7761
7136 7718
7136 8024
7136 9378
7137 7661
7137 8438
7138 7362
7141 7233
7150 7211
7158 7774
7160 7743
7165 7781
7167 8043
7173 7961
7174 7676
7176 7182
7177 7375
7190 8102
7191 8108
7202 8970
7208 7764
7208 8020
7208 8040
7212 8427
7212 9284
7214 8706
7215 7238
7215 7657
7223 7821
7228 9398
7229 7641
7229 8081
7242 8711
7257 7772
7257 7804
7257 8831
7257 9704
7271 8055
7272 9398
7273 9090
7282 8277
7287 7496
7287 9185
7297 8844
7297 10076
7298 9193
7300 8202
7311 7504
7313 8002
7314 7413
7315 9203
7323 7420
7323 9670
7337 10172
7343 7744
7354 7850
7354 8034
7370 9940
7370 10395
7372 7858
7375 8446
7379 9031
7381 8533
7401 7821
7412 7524
7412 7962
7412 8622
7446 7768
7446 8646
7453 8876
7456 8234
7461 9759
7486 7947
7489 7642
7489 7949
7492 7713
7496 7641
7549 9090
7556 8042
7556 8646
7560 8332
7575 9969
7580 8923
7581 9645
7586 7848
7589 7779
7589 8090
7597 8748
7598 8701
7612 7732
7613 8410
7623 8964
7641 8014
7641 8997
7650 7728
7650 7900
7653 9269
7654 7788
7662 8079
7663 9440
7677 8622
7685 9856
7713 8644
7716 7796
7716 10567
7717 7770
7726 8083
7726 8084
7743 8043
7751 7947
7751 8525
7755 8408
7755 8487
7756 8024
7756 8711
7756 9340
7761 7977
7774 8211
7781 8438
7785 8411
7798 7835
7804 10319
7812 8366
7819 8000
7821 7847
7845 8546
7847 8427
7850 9199
7898 10194
7904 8012
7916 8077
7934 8232
7934 8651
7942 9694
7962 9199
7965 8964
7984 9340
7999 9664
7999 9769
8000 8079
8019 8136
8024 8427
8034 10114
8074 8873
8082 8694
8084 9003
8084 9913
8089 8754
8106 9670
8106 10272
8107 8427
8136 8957
8167 8708
8176 8761
8186 10120
8200 9574
8202 9350
8202 9597
8224 9090
8277 9076
8277 9532
8323 9670
8324 8370
8324 8956
8326 9423
8354 8868
8398 9476
8429 9645
8452 9792
8505 9969
8577 8923
8599 8999
8601 9980
8622 10388
8646 10007
8706 10329
8728 9062
8820 8822
8831 9557
8872 9473
8950 9049
8950 9237
8957 8970
9003 9136
9075 10184
9245 10076
9256 9537
9269 9350
9272 9471
9277 10596
9291 9525
9575 10184
9621 9704
10132 10194
10326 10327
10505 10587
