5000
2 7106
3 19346
11 3652
13 444
14 11575
14 17671
19 20890
28 11363
28 29417
29 3109
30 5944
30 6007
33 23585
33 26617
33 35939
36 38961
47 37197
48 11286
48 45961
52 4841
58 42211
61 22496
62 19999
65 4067
73 15953
77 29618
80 14916
88 11445
93 5147
103 33156
110 2961
111 5646
119 13378
123 31046
128 39727
129 37798
132 390
132 47387
133 40046
135 26855
137 13928
137 30761
141 9412
141 30140
147 11849
149 39578
149 48517
152 13968
153 23072
153 37334
154 12633
159 28448
159 43513
160 11701
160 19611
160 28080
163 22876
163 47059
169 20782
171 9421
173 33360
176 11907
185 31648
185 31704
188 1892
188 18322
188 18853
189 16584
197 6466
197 40639
202 23092
209 11333
209 14597
209 21587
209 30941
209 46679
227 37738
230 25365
230 36201
230 50465
236 49330
237 6413
237 10533
240 27150
252 44164
256 24514
257 35865
258 25965
258 35322
261 45395
264 48521
265 29525
267 44333
272 14741
273 4094
274 18267
276 11058
276 13853
276 30255
279 21758
284 35840
291 15728
294 31887
294 44940
295 4434
295 7949
296 22669
299 5318
299 8900
300 24074
304 9313
304 18950
312 9091
312 16259
313 578
313 1441
313 5668
314 2914
315 3700
316 11736
318 40265
333 43503
336 23111
344 18385
347 26970
348 23671
349 35283
350 32837
357 22461
363 4575
363 23794
368 17398
372 35323
376 38999
378 24740
379 16589
380 44465
381 10920
383 4410
384 31520
386 40558
388 3747
388 36287
389 27058
393 14876
399 5189
401 15981
403 31875
412 34045
421 38747
422 5879
422 39859
424 9053
424 20252
430 5196
430 47741
432 19912
439 2784
439 25029
439 30073
440 30761
441 20298
444 10610
445 4571
445 39424
448 36411
455 22114
460 49857
461 2767
466 3576
466 36568
468 33907
468 47752
472 11657
477 17150
477 44765
480 49303
481 7563
488 16325
489 8471
489 36612
490 38913
493 48980
494 1693
495 25547
504 43286
506 39986
508 3691
515 4549
517 9646
519 38821
520 16569
522 16177
523 3493
527 647
527 35206
529 2185
530 2493
530 45227
532 11646
538 1949
540 42966
541 41186
542 2130
542 13835
543 14982
543 30037
544 30770
546 14945
546 37488
547 7838
556 22412
565 4781
576 19787
577 7048
585 14661
589 4983
589 32794
594 21091
595 41128
597 37659
598 50513
600 20014
601 1750
605 5087
605 43746
608 24754
611 25141
625 20563
631 2502
637 5321
638 7172
638 13722
641 42223
644 11177
645 18985
647 47873
649 41021
651 27514
653 1855
653 8610
665 4097
665 32109
667 15654
668 46594
674 29705
674 36750
677 17658
677 42471
679 5680
679 37940
685 37739
699 9953
708 5611
709 1808
711 21995
715 40445
719 13499
721 18138
723 8469
724 8109
728 19679
728 32817
730 7951
730 20253
735 12340
737 26296
743 7930
745 4270
750 2377
750 29418
759 40967
764 9090
764 15309
764 38392
772 26204
776 7797
777 30403
777 43911
778 4645
779 11158
779 49530
780 13597
787 16361
788 18599
789 8960
789 24179
791 36748
801 25284
807 31964
808 24197
811 1172
811 5675
817 14242
817 17437
819 8025
820 17629
820 28517
820 30827
824 14050
824 25171
825 24251
828 1846
834 7563
838 19279
842 42162
844 47666
848 12009
858 29808
860 10223
860 36969
868 19820
871 45261
873 11551
879 2888
884 14686
884 24144
889 16184
889 30152
895 41757
895 42458
901 14828
909 39964
911 25053
922 20447
926 10604
928 28073
928 39260
932 44073
941 4040
944 30725
946 21624
952 45648
960 42179
965 16179
980 33273
985 8301
985 26457
988 8520
995 19778
996 36132
998 4247
1004 6610
1004 39141
1006 8113
1009 44690
1022 36404
1029 38146
1031 10509
1032 9484
1033 1758
1033 22472
1036 41890
1038 38957
1047 10047
1050 40706
1052 30065
1080 13212
1085 7751
1086 10667
1091 14820
1092 19979
1095 3192
1100 20739
1102 10579
1110 21773
1114 18530
1122 5871
1128 23661
1130 34255
1131 22231
1131 34544
1134 16392
1135 6969
1135 35282
1137 3949
1139 19860
1155 34871
1158 2966
1160 17491
1161 44449
1162 6435
1163 11815
1166 20133
1172 2702
1175 38268
1182 25158
1183 19304
1185 9946
1188 27314
1189 39275
1192 27525
1197 10736
1203 23478
1203 26092
1215 17234
1216 3843
1230 23053
1230 46924
1240 24771
1240 24793
1242 5102
1242 18951
1244 20825
1245 32252
1248 27798
1249 10839
1250 31482
1250 32917
1251 1428
1257 3187
1261 46681
1273 33063
1276 1899
1281 14867
1283 32902
1287 19850
1290 10412
1293 7930
1296 26646
1299 2941
1299 49693
1300 25062
1308 12327
1309 15054
1319 10493
1320 40578
1321 13869
1322 22232
1326 48661
1327 39620
1334 25509
1335 37576
1336 7345
1340 5554
1342 18053
1345 5709
1345 6371
1350 23839
1352 10897
1356 33919
1361 2708
1366 23307
1367 17520
1369 24059
1373 29391
1374 44408
1376 32240
1407 49444
1415 16935
1418 7177
1418 20931
1420 6394
1420 22656
1423 17716
1424 1787
1429 45042
1436 7964
1438 6835
1440 6082
1445 22053
1446 45486
1449 7036
1452 9428
1463 49444
1464 38476
1466 1848
1470 36613
1472 12970
1472 13124
1474 42630
1476 22300
1478 18038
1499 33411
1510 37582
1512 27395
1521 15841
1525 4751
1525 37845
1528 4360
1530 21267
1533 32156
1540 38836
1541 9696
1545 36004
1546 14555
1550 26189
1558 12233
1561 3179
1566 35763
1567 3427
1571 24474
1571 25965
1577 36461
1582 20903
1586 50406
1599 9462
1606 20535
1607 11874
1608 9053
1610 12644
1610 37239
1614 13423
1615 17971
1619 3379
1621 20509
1621 35211
1622 12470
1622 18316
1623 28751
1628 35768
1629 19552
1629 41708
1635 4060
1635 23803
1638 43967
1641 12478
1648 7628
1648 10684
1653 30581
1661 3982
1662 15563
1671 1754
1671 32706
1672 32102
1672 43035
1677 12779
1677 35634
1686 32051
1686 37647
1690 22265
1692 47451
1697 32832
1703 6423
1703 24999
1709 26398
1710 2709
1718 2854
1718 43185
1719 18630
1719 43162
1720 7815
1739 34560
1740 2313
1740 32824
1740 48597
1743 1808
1747 23910
1748 49924
1757 3585
1768 1783
1768 4951
1778 41867
1780 48387
1790 41411
1793 31931
1795 27147
1795 49625
1796 31779
1797 13812
1802 14213
1803 17629
1803 43004
1808 27214
1821 22601
1825 16128
1826 26384
1829 13168
1829 45385
1831 47172
1836 16520
1836 33558
1839 13849
1841 6933
1845 14764
1846 29251
1849 19979
1854 27989
1855 26368
1856 2512
1857 42929
1861 25547
1866 33697
1876 48047
1877 28602
1879 3013
1880 25658
1880 30974
1882 38873
1884 22311
1886 22105
1889 50406
1890 44068
1894 29599
1895 7061
1895 15271
1895 43010
1896 44925
1900 2155
1902 7935
1906 19344
1907 15437
1908 17078
1913 42890
1914 17807
1914 36734
1914 38238
1926 50630
1927 16392
1928 21180
1936 16456
1937 4485
1941 11551
1943 17329
1943 30967
1945 17918
1946 17938
1946 31615
1950 4545
1956 15144
1956 32009
1962 27426
1962 31119
1965 2044
1965 25015
1968 2517
1968 28430
1979 26449
1982 44875
1983 27710
1984 40636
1988 13407
1992 42843
1995 25800
2013 10972
2013 14548
2019 47767
2022 7540
2023 4780
2026 10736
2026 20932
2029 35188
2041 17618
2043 14964
2044 20893
2048 5089
2050 14310
2052 33304
2055 5434
2055 50603
2056 4835
2056 7092
2057 4161
2061 21284
2066 8852
2072 12465
2074 10365
2074 42598
2079 23726
2080 8014
2083 11815
2086 27916
2086 28170
2091 36276
2093 20584
2100 34113
2114 2919
2118 45162
2128 45851
2131 40499
2135 10276
2135 10993
2136 8183
2146 6920
2146 17662
2147 44987
2151 39613
2154 14782
2155 35292
2156 6645
2156 11770
2157 41458
2163 23876
2166 5547
2169 38875
2179 25080
2179 48418
2180 32195
2184 10702
2185 45265
2191 7976
2191 18384
2195 4900
2197 50536
2199 13230
2201 26220
2202 19988
2208 38270
2209 8942
2217 42712
2222 7095
2222 43736
2224 26056
2229 34428
2229 42931
2231 9651
2234 14968
2243 27956
2246 34352
2248 2788
2248 46957
2249 11097
2249 46589
2251 17562
2265 43014
2268 12584
2268 27239
2270 14978
2275 3078
2276 26841
2276 44536
2278 23243
2285 48416
2287 14876
2288 4140
2288 5772
2290 22409
2292 21257
2295 10592
2295 23626
2296 6863
2296 7951
2298 45643
2300 3252
2305 6347
2308 30152
2309 36566
2309 47987
2310 9832
2312 3272
2312 45557
2316 31446
2319 37451
2322 5678
2322 21766
2326 5000
2326 29053
2327 5266
2330 47766
2334 36995
2336 3285
2338 2589
2338 26302
2338 49859
2339 36587
2340 5146
2340 17743
2344 15413
2346 12844
2346 46629
2348 8336
2348 9761
2351 15284
2351 18859
2356 15868
2356 30520
2358 6705
2362 18935
2367 11078
2367 22713
2367 30118
2368 2605
2369 21716
2370 26544
2370 30832
2381 8645
2391 34284
2392 33485
2392 34259
2398 3710
2398 24865
2398 36614
2402 5152
2408 7585
2409 10585
2409 33139
2410 40481
2412 5423
2414 12156
2420 27066
2424 9251
2432 13624
2436 13794
2439 33411
2442 15112
2442 39056
2454 18037
2467 35172
2467 40696
2469 36595
2474 31524
2476 48781
2477 9337
2480 26053
2480 29944
2480 41161
2481 5509
2483 42630
2490 37680
2491 20824
2501 5228
2512 3887
2513 22363
2513 35123
2515 9715
2515 49939
2517 3676
2522 19465
2527 7273
2527 17868
2559 4921
2559 35804
2560 38172
2564 3995
2564 22508
2569 15571
2572 33129
2591 7353
2595 23887
2607 40410
2607 47178
2623 19050
2624 25658
2627 20983
2628 6403
2628 45769
2635 19688
2636 42457
2641 12805
2643 18888
2650 3076
2650 19144
2652 40783
2654 7537
2671 37172
2672 41533
2673 42629
2676 4228
2683 41030
2685 18239
2686 29162
2690 10879
2691 5370
2697 32463
2700 49964
2704 8205
2706 4693
2708 5173
2713 40229
2714 8030
2714 14721
2720 22243
2723 48773
2732 17044
2736 32396
2740 44723
2745 9794
2745 13128
2745 35665
2749 6238
2761 33322
2761 50833
2767 24774
2768 48191
2770 12083
2774 45423
2792 34945
2810 18736
2826 29053
2827 29525
2829 50677
2830 30689
2838 28289
2842 45170
2845 10668
2845 22250
2847 8118
2848 21479
2858 30514
2860 47726
2862 13382
2863 22089
2866 12637
2866 16044
2868 46392
2874 46045
2882 8867
2884 4086
2887 5451
2887 12479
2888 18024
2890 29788
2891 16413
2892 17813
2898 27507
2905 18743
2914 20567
2914 44715
2915 7278
2915 21030
2919 19796
2919 22341
2920 3206
2922 41710
2925 5579
2925 5703
2929 45390
2938 50382
2943 36262
2949 39446
2958 15502
2961 13606
2965 28199
2970 43765
2975 39565
2975 48965
2983 42661
2987 20488
2988 7537
2988 33911
2995 22250
2997 36559
2997 41978
3009 39731
3013 39956
3016 31765
3030 8684
3031 25750
3033 23013
3034 13703
3041 4969
3041 30435
3042 33991
3043 19403
3048 24731
3051 10541
3052 9691
3055 35936
3056 14560
3057 16052
3057 21729
3059 32333
3063 45265
3064 48364
3075 38389
3078 30139
3083 20851
3085 29402
3085 40368
3103 3928
3121 34110
3124 9400
3135 21888
3138 40412
3145 42972
3164 48820
3165 27104
3167 22496
3168 5565
3169 24196
3174 30626
3176 38547
3176 41411
3177 33205
3179 42390
3181 44196
3183 29965
3194 49491
3206 48699
3208 4515
3208 19693
3211 3812
3211 8518
3211 37657
3227 11339
3227 28909
3229 17855
3229 47095
3231 19170
3231 19811
3231 41538
3233 24199
3238 9953
3241 29648
3243 21449
3250 25965
3253 16595
3261 5922
3261 13377
3264 50832
3265 25795
3268 21630
3270 7506
3270 38844
3276 20016
3276 26431
3281 34350
3284 5324
3284 42464
3285 47391
3288 3583
3288 18033
3292 36128
3302 14331
3306 7036
3306 24927
3308 17950
3321 35268
3337 14295
3341 11342
3341 35280
3344 8545
3344 13853
3346 18876
3353 13660
3360 49286
3370 42156
3371 31028
3381 22472
3383 21487
3383 23165
3387 17419
3391 24283
3393 6369
3393 10727
3403 8139
3404 41693
3406 45428
3412 34622
3427 9491
3434 12433
3436 18945
3436 47739
3439 13821
3443 18605
3460 22167
3460 31596
3465 48411
3468 15059
3469 12422
3471 18834
3472 46257
3476 4755
3481 4046
3487 16747
3489 8787
3489 14504
3497 16204
3510 49572
3511 33886
3513 27658
3522 27233
3523 42054
3535 40233
3538 41335
3543 32339
3544 38050
3549 43320
3558 19092
3565 9795
3566 7085
3566 27245
3574 46508
3578 37274
3579 41882
3582 7577
3582 23096
3582 43628
3583 49065
3588 19617
3594 27753
3599 3624
3599 44038
3604 12076
3604 34738
3606 20414
3607 22233
3612 48414
3613 6930
3622 9088
3622 12842
3623 43206
3626 20538
3631 44467
3642 21683
3645 36411
3647 24018
3653 47024
3655 22221
3660 5323
3660 23429
3668 18559
3668 47496
3670 28840
3676 31529
3685 18873
3691 51007
3696 33670
3697 5179
3697 7281
3708 26285
3708 41477
3709 44217
3716 37779
3717 38996
3719 5113
3723 22462
3726 31649
3734 40280
3736 47143
3738 5504
3740 26319
3744 5614
3744 33665
3748 8442
3749 21490
3753 41297
3756 29642
3757 19309
3758 8671
3758 22225
3760 34515
3761 3763
3761 4465
3765 10644
3772 23339
3774 8942
3778 21781
3778 24735
3793 7576
3796 38999
3801 11474
3833 39694
3840 35575
3864 36210
3870 7485
3874 10660
3875 33600
3877 22390
3878 16481
3883 7531
3883 22005
3884 9897
3887 20346
3887 48707
3895 21998
3898 33989
3902 25249
3910 23891
3912 19493
3919 24415
3920 27919
3923 5142
3927 4346
3929 46729
3933 5645
3938 49443
3947 16576
3949 16855
3950 9171
3950 34695
3953 35780
3955 10195
3964 38557
3981 49238
3984 7278
3984 48270
3985 9055
3985 9357
3985 32344
3988 47317
3992 49317
4001 6839
4001 19910
4008 21031
4014 9404
4015 25124
4015 29603
4016 8883
4022 18501
4043 18524
4048 44162
4049 40664
4052 17264
4052 32286
4058 30219
4066 9939
4073 6313
4073 10190
4075 49751
4078 47135
4079 5716
4079 47218
4080 45776
4092 20319
4097 35409
4104 31396
4119 40908
4131 43729
4134 16943
4138 28208
4139 24197
4140 12102
4141 29585
4142 26219
4149 31522
4149 35322
4150 50685
4151 37237
4153 48493
4154 18743
4155 40468
4160 48064
4162 7345
4162 20317
4166 17496
4171 7432
4173 27894
4181 22357
4184 22563
4185 22688
4192 43224
4194 10987
4196 22595
4198 35932
4201 12109
4218 19114
4223 42702
4227 26250
4228 43266
4230 48078
4246 5439
4279 8118
4279 42415
4280 37393
4308 46479
4309 34644
4310 41539
4314 18262
4317 30113
4336 24351
4338 15932
4349 24334
4352 8497
4358 24725
4360 42557
4369 7041
4371 48505
4375 15000
4375 33269
4383 16117
4385 8293
4407 44951
4411 33529
4411 47276
4414 18835
4414 45841
4417 19657
4418 28019
4420 28378
4420 35657
4433 8267
4447 41336
4449 43761
4451 50785
4467 23372
4467 45202
4475 45987
4476 20254
4476 23904
4481 33847
4482 46868
4485 37446
4486 8651
4500 7021
4514 45774
4519 23882
4522 23465
4522 28989
4522 35860
4525 6334
4528 19961
4531 35611
4542 38422
4542 45044
4545 5162
4551 36971
4554 7179
4555 10542
4555 16915
4557 28878
4559 22908
4559 24851
4559 32217
4560 8311
4564 25206
4564 32120
4564 49303
4566 41229
4569 46611
4575 15166
4577 8483
4578 9740
4578 10935
4578 22035
4580 37806
4581 25532
4581 31167
4584 33325
4587 23306
4588 23269
4599 46511
4602 46606
4602 50796
4605 10378
4605 49089
4606 17433
4608 24106
4609 28360
4611 23651
4614 32611
4621 15640
4621 24109
4629 39141
4630 22386
4639 6571
4651 15632
4653 43168
4664 17954
4665 35177
4671 45418
4692 19781
4694 9416
4698 6654
4702 35914
4706 25982
4706 50380
4707 7563
4707 8380
4710 8922
4710 18917
4714 48018
4715 7042
4715 36707
4717 17778
4721 25664
4724 42771
4729 24961
4735 46887
4737 23850
4741 17669
4752 24897
4755 13488
4758 22041
4763 36528
4784 23052
4784 23406
4792 13811
4798 37504
4799 10479
4799 39105
4807 46427
4811 17012
4816 37874
4826 26014
4830 17411
4841 40310
4849 41749
4852 19536
4858 42927
4858 43281
4860 42415
4894 7379
4898 8935
4900 14890
4901 17642
4905 10016
4907 15407
4912 8531
4914 30200
4915 10045
4919 28127
4920 18730
4922 28590
4923 13021
4928 12817
4931 20416
4933 32721
4940 10197
4940 13670
4940 17826
4944 30725
4945 10913
4953 45333
4954 16637
4959 31707
4961 42986
4975 7042
4976 15060
4978 24553
4979 23334
4979 27677
4997 48617
4998 21830
5001 33277
5001 45312
5005 33860
5005 44397
5012 8978
5013 31580
5015 50382
5017 20670
5018 28412
5022 12226
5023 34331
5031 41928
5032 49025
5036 9334
5053 29625
5053 48910
5060 47440
5065 29592
5082 23138
5083 21765
5089 10583
5092 34821
5098 23070
5099 48423
5104 39172
5108 30267
5113 32396
5113 35157
5120 7335
5129 17603
5130 30720
5134 28311
5134 44702
5138 20700
5142 30818
5145 12643
5147 39557
5155 34501
5162 49294
5166 14215
5169 11083
5173 21374
5177 44592
5185 18384
5185 34050
5187 12423
5188 26832
5188 43855
5195 6305
5202 35008
5205 14952
5205 24168
5217 20722
5228 39983
5232 6651
5232 30706
5236 23354
5244 6247
5266 22889
5282 9280
5282 24099
5290 39629
5292 28115
5301 40356
5302 29607
5321 42340
5323 44347
5338 41554
5348 11551
5348 12876
5349 38515
5357 45045
5364 7994
5364 10474
5364 12232
5370 28038
5371 44179
5378 48889
5382 27989
5384 7900
5394 29053
5412 5885
5414 19508
5423 26695
5423 28623
5424 8355
5430 12904
5438 17865
5446 37909
5448 33529
5455 11703
5459 43168
5460 9859
5466 6589
5467 30649
5480 12701
5481 9131
5487 10384
5492 50127
5514 8030
5514 43914
5525 11789
5525 44323
5529 11218
5529 32731
5533 40619
5551 8841
5553 18502
5559 21517
5564 5885
5570 19356
5575 20708
5582 9883
5587 6563
5592 43496
5594 35190
5595 22202
5603 6556
5603 19901
5609 7051
5611 18473
5613 25635
5616 39248
5643 32163
5643 48405
5644 21015
5646 18685
5646 22689
5652 39564
5657 26243
5660 32060
5663 6366
5669 45059
5671 7833
5671 42832
5679 8815
5681 39050
5682 41201
5683 21727
5690 19873
5691 42528
5702 39018
5705 6168
5705 16389
5721 10399
5721 22216
5723 6498
5723 25925
5723 38936
5726 20439
5729 6668
5729 11320
5729 50915
5731 25690
5734 25814
5736 20890
5739 8617
5741 39578
5748 16482
5748 40696
5752 7188
5752 12615
5768 6625
5779 22234
5781 35585
5789 8745
5790 14261
5799 17881
5801 25597
5806 7727
5823 14549
5832 22989
5851 41369
5853 27107
5866 37845
5869 42816
5876 11990
5889 23356
5889 42702
5889 48927
5901 6137
5910 10320
5910 11914
5911 38396
5912 48387
5917 40135
5924 47088
5925 6840
5925 35961
5925 46242
5929 30310
5931 50700
5932 20931
5935 20043
5935 50433
5940 20305
5944 10237
5952 25146
5952 29449
5952 33366
5952 46600
5955 9020
5965 18420
5967 27454
5971 9980
5971 29306
5977 24961
5979 20697
5985 26638
5995 21805
6006 36657
6007 41615
6017 47534
6019 33860
6031 24295
6031 31840
6032 22933
6032 40224
6032 50333
6038 10037
6044 15443
6049 13846
6060 19988
6066 18981
6076 19968
6091 14086
6091 21768
6091 23308
6091 43713
6093 23233
6096 21982
6103 48884
6108 10159
6109 47621
6139 13497
6140 47165
6154 16984
6156 25894
6158 26849
6162 42013
6165 20138
6169 41631
6184 48275
6191 15428
6194 14579
6196 15660
6196 49971
6201 16866
6222 41253
6226 37226
6227 50279
6232 13022
6233 24774
6235 31968
6235 47451
6236 21361
6236 40788
6248 17421
6249 17969
6251 31265
6255 24751
6256 35944
6257 29603
6266 26394
6270 18273
6278 14919
6286 38774
6301 40900
6304 11909
6305 18363
6307 23196
6313 21544
6314 6979
6318 22834
6318 48259
6323 19799
6325 35094
6341 30669
6342 9528
6346 35028
6360 21989
6360 30712
6373 36384
6378 16582
6378 18514
6385 43703
6394 23924
6396 6827
6397 17438
6401 43785
6402 35572
6402 37454
6416 42124
6417 19726
6417 25694
6425 6589
6428 41082
6434 20784
6440 13595
6448 17551
6448 47465
6452 9850
6453 45648
6454 47400
6455 46523
6459 18402
6465 9088
6467 16031
6468 11663
6474 17738
6488 20741
6491 24562
6493 29988
6493 37488
6498 36758
6503 38836
6505 40798
6514 14041
6515 12635
6529 14579
6534 49048
6540 37759
6543 17366
6548 50217
6549 17730
6549 31993
6553 14457
6555 18213
6555 44339
6557 50393
6559 8957
6559 46597
6564 22803
6564 27917
6566 15884
6571 11074
6576 12092
6587 49297
6589 47265
6597 25353
6597 32739
6597 37528
6598 11978
6598 36254
6608 9400
6608 16684
6615 10993
6622 33624
6622 37787
6624 12464
6625 10081
6625 27572
6625 48196
6627 17125
6650 8658
6658 18742
6665 40019
6666 42847
6682 22345
6712 30091
6720 17630
6734 7279
6735 37442
6737 15174
6737 18674
6737 39694
6737 44573
6738 12582
6738 17603
6739 15119
6745 9482
6746 32009
6752 48572
6760 26376
6771 47531
6778 7087
6792 45987
6794 30626
6814 7523
6815 8036
6819 48647
6826 42031
6832 50685
6834 45551
6835 14168
6843 16620
6843 17915
6850 37692
6855 15807
6861 35336
6870 30818
6884 33311
6885 39854
6892 29967
6892 38728
6893 41824
6893 48656
6904 22099
6905 17789
6905 21267
6916 10121
6918 7440
6918 30925
6919 17246
6924 41963
6930 48588
6931 18662
6933 21270
6934 26137
6934 31761
6938 23296
6938 24661
6953 50390
6955 31707
6961 34328
6967 35036
6978 15059
6994 19276
7001 13436
7021 24998
7021 36566
7024 7510
7030 26378
7030 34007
7034 28417
7036 7138
7036 29394
7039 25951
7042 11507
7049 8095
7054 20743
7054 23919
7055 18811
7055 33375
7056 7420
7056 48655
7060 28196
7067 30178
7067 41297
7070 24751
7074 33205
7080 29676
7085 32964
7087 40783
7105 39124
7109 20126
7110 17598
7115 28394
7116 25692
7116 43166
7123 12230
7126 31873
7128 15696
7136 14587
7136 49379
7141 14202
7142 8630
7177 19823
7196 41490
7200 10811
7209 39242
7215 40639
7245 7941
7247 25098
7250 27135
7252 33991
7260 18832
7263 48313
7272 43747
7273 10605
7273 25321
7275 36811
7279 44785
7283 42613
7289 31235
7301 46868
7320 13489
7321 11340
7321 11478
7325 44578
7325 45187
7328 31449
7332 20060
7350 26045
7360 41269
7373 8745
7391 11090
7392 17371
7394 46802
7398 22978
7407 32222
7415 41014
7416 34960
7416 45572
7425 10219
7429 7884
7457 33384
7460 11573
7465 43334
7466 9817
7466 25550
7470 31648
7470 35934
7471 31231
7481 8169
7483 15616
7483 44515
7483 45767
7484 35788
7494 7614
7497 13809
7497 37056
7500 43187
7510 9451
7521 21475
7521 39993
7523 35170
7526 42672
7537 35675
7538 25337
7538 40301
7545 15975
7545 42241
7551 17292
7556 23897
7564 12906
7564 23862
7564 25655
7565 21791
7565 44688
7572 17752
7572 23563
7574 38390
7575 35315
7576 11414
7577 12120
7602 31376
7604 29614
7609 7859
7613 11237
7621 21791
7622 19329
7622 27224
7628 42630
7644 27173
7649 21505
7651 19850
7658 36667
7664 11078
7666 38268
7667 18637
7683 40232
7695 20038
7697 14388
7698 43130
7701 14654
7702 45648
7706 29286
7715 16926
7725 20038
7725 21162
7725 27809
7733 17001
7744 9497
7746 28021
7748 18530
7748 35409
7764 49781
7766 43912
7780 43519
7781 12641
7793 12140
7793 20478
7793 41771
7793 42769
7809 17542
7809 33008
7810 17040
7812 18796
7813 17159
7814 24436
7815 9412
7824 33639
7827 44085
7828 24072
7847 12750
7857 9765
7861 41025
7862 9621
7862 40142
7863 34168
7866 35439
7876 42896
7878 32488
7881 33848
7902 13334
7916 19469
7918 47784
7919 42408
7921 24932
7921 43388
7922 50326
7924 20716
7929 37317
7935 8610
7935 22464
7941 21253
7944 18099
7949 49544
7951 39183
7953 18030
7953 34538
7964 17337
7969 47528
7973 29567
7980 12962
7981 42634
7989 22022
7991 34259
7994 19337
7994 33558
7998 48521
8002 35337
8007 42500
8010 49945
8017 41529
8022 19958
8028 14783
8036 11334
8038 12514
8040 17802
8042 35705
8046 21625
8052 37791
8053 10742
8056 12670
8062 11839
8075 14951
8079 8698
8085 9347
8085 13871
8091 42115
8095 29991
8095 37385
8098 46489
8108 25012
8108 31349
8108 42492
8115 29350
8118 9552
8118 32476
8130 15728
8130 43654
8132 8411
8133 29939
8136 37929
8144 37845
8145 9200
8147 30192
8149 33156
8154 42725
8155 28938
8157 34865
8159 27185
8177 12641
8181 38081
8184 9298
8187 15498
8188 50206
8190 26780
8205 21037
8206 30272
8227 28571
8240 18399
8243 37526
8252 30448
8254 46462
8261 26227
8276 11649
8281 33110
8289 22744
8296 27741
8300 16836
8300 37579
8301 35727
8306 20260
8306 48261
8310 42911
8313 12962
8313 40596
8313 46576
8317 37149
8322 26301
8327 25345
8329 21275
8336 34054
8339 23803
8339 41342
8340 15409
8348 19687
8356 45451
8372 14242
8393 26928
8395 10533
8395 48436
8411 30435
8411 40788
8412 24692
8416 9953
8416 17432
8433 11432
8439 38850
8446 13413
8446 18726
8446 27187
8464 14872
8469 30819
8469 40234
8473 25946
8478 27239
8478 30627
8479 25594
8479 36201
8496 19526
8497 21485
8506 19234
8515 18578
8525 16956
8525 19284
8536 8754
8540 14735
8556 10791
8559 48568
8565 31573
8572 47784
8602 8840
8613 10718
8614 30906
8615 41802
8618 22386
8619 25177
8619 41774
8620 27583
8626 29842
8630 11058
8630 28636
8632 38164
8637 31167
8638 23659
8645 18966
8652 25779
8662 29900
8667 39211
8668 24584
8678 10529
8684 13253
8687 10118
8694 11393
8707 10554
8707 23220
8707 47739
8719 14781
8722 18287
8722 43420
8726 8991
8730 16836
8733 21716
8738 15618
8769 30641
8770 22464
8770 37794
8782 14468
8785 49011
8787 50685
8790 47500
8797 11777
8798 24200
8802 21760
8802 34567
8806 12714
8806 47620
8807 29935
8812 38427
8812 44987
8813 24530
8815 41611
8818 40339
8819 14556
8819 17542
8832 24979
8832 34034
8841 11069
8841 12494
8848 34906
8848 50536
8849 11335
8849 29607
8866 11362
8869 48329
8875 9483
8875 41021
8876 50010
8882 19192
8882 37491
8895 41954
8902 14651
8911 23345
8916 17727
8916 21599
8922 15518
8922 46140
8931 20126
8935 36152
8936 19934
8941 19750
8950 42241
8953 26135
8955 15212
8959 15448
8978 48485
8983 27677
8984 12652
8985 25918
8987 31993
8998 15213
9001 11069
9001 22936
9001 25673
9007 40019
9012 45647
9026 12010
9026 31577
9046 13727
9054 13589
9088 44286
9089 25623
9098 34543
9117 25406
9118 18423
9130 38164
9147 32107
9152 43979
9153 45952
9160 25681
9168 36559
9171 18213
9198 20772
9198 36595
9200 14227
9200 27796
9204 10134
9205 43875
9216 19003
9237 12042
9245 11507
9253 17443
9280 37729
9287 39996
9288 26646
9294 15229
9300 11872
9301 15755
9313 11361
9313 36811
9317 26056
9317 41135
9321 13492
9323 15702
9323 16782
9330 22773
9346 35840
9347 10777
9350 18036
9363 18287
9369 9755
9370 26031
9385 9779
9385 20702
9385 33741
9390 42219
9393 12009
9394 19641
9406 39316
9411 18833
9411 19181
9415 22750
9415 48774
9416 17849
9419 14348
9421 21792
9423 32765
9429 14567
9429 20346
9433 17738
9445 24689
9445 35139
9448 23509
9448 39759
9454 36055
9467 16349
9468 14360
9469 37737
9476 21307
9476 23657
9480 36617
9505 46427
9513 11762
9513 15763
9515 24036
9520 43112
9524 45227
9530 34767
9539 14876
9539 49065
9542 12309
9544 14118
9552 26669
9556 12327
9556 36086
9574 35641
9582 17118
9586 33578
9595 22311
9595 46603
9611 9775
9611 11080
9611 16483
9611 24966
9611 31122
9611 32061
9614 11243
9627 22122
9628 16687
9628 21497
9628 25258
9635 19861
9635 38389
9639 27722
9639 42721
9645 10939
9659 48243
9665 11257
9665 41108
9672 39170
9681 23441
9683 36067
9691 40451
9695 42241
9696 29678
9697 17982
9705 19180
9713 10527
9715 12037
9727 38802
9745 12996
9751 20969
9766 9832
9771 38970
9783 29945
9784 38957
9786 28065
9792 43345
9796 36972
9800 47987
9808 37951
9810 34599
9817 21663
9818 33925
9821 39088
9825 38882
9840 11908
9858 34690
9868 10732
9898 29501
9902 24742
9906 44510
9923 10986
9923 34136
9925 42979
9933 37125
9935 34860
9935 41076
9935 50952
9939 32446
9941 32421
9942 10914
9953 17689
9957 39577
9957 46633
9958 11612
9959 11474
9960 35988
9970 29076
9971 14813
9971 37778
9983 21819
9986 20680
9988 14769
9988 29744
9988 41631
9994 30114
10000 42680
10004 42843
10006 16633
10015 12228
10015 36555
10016 10804
10020 50700
10029 36672
10037 32972
10037 40926
10037 49187
10041 43557
10043 48584
10044 24695
10055 27753
10063 20741
10063 43537
10073 21903
10080 36328
10085 38682
10091 12539
10091 17796
10093 22610
10093 44408
10099 29050
10114 29896
10118 20703
10118 37574
10121 45744
10149 17605
10152 38133
10163 24472
10166 14553
10166 27798
10182 45965
10188 47051
10195 15064
10196 33276
10199 19776
10212 19917
10212 23880
10220 10320
10220 12863
10220 42366
10221 21407
10223 37568
10237 22933
10265 14335
10275 13252
10275 14677
10275 20879
10275 23660
10291 22076
10303 26790
10304 16637
10320 44846
10351 30672
10356 40680
10379 19505
10383 19468
10396 23904
10405 31986
10410 41333
10426 38667
10426 42319
10429 42525
10439 14662
10447 24093
10452 32870
10463 44233
10474 11304
10477 29691
10493 46428
10501 47123
10504 19546
10509 26398
10511 13204
10516 11226
10528 13755
10529 27944
10533 19536
10541 29621
10551 43113
10552 19908
10566 27214
10567 17434
10587 30506
10597 32933
10600 23246
10602 16675
10612 18333
10612 21545
10614 16866
10614 30192
10620 21496
10623 28848
10650 42270
10660 35474
10661 33263
10661 37548
10661 43993
10668 19616
10686 11905
10698 46683
10719 34211
10721 46383
10729 36119
10744 28388
10754 44111
10779 49856
10808 20638
10819 12703
10853 22415
10872 32550
10884 31362
10889 46236
10895 35312
10903 12808
10903 27753
10909 16089
10913 15268
10916 21928
10919 18670
10927 18048
10929 21340
10934 25265
10935 47760
10943 36651
10944 18508
10945 41596
10955 24925
10964 29168
10964 29764
10970 27441
10971 49971
10974 19596
10978 29418
10978 30740
10994 29449
11005 20279
11008 17486
11013 37109
11015 29230
11016 17858
11024 45997
11035 37239
11035 51079
11039 26551
11039 30627
11065 15264
11065 43148
11066 24542
11070 33060
11074 15423
11076 26404
11076 45610
11080 26896
11085 50605
11088 34342
11090 32106
11131 15268
11131 41400
11132 14900
11133 30126
11135 18595
11138 38389
11160 44766
11161 18891
11179 18555
11188 20989
11203 12285
11206 36856
11213 45393
11218 49564
11220 30140
11231 23287
11231 24899
11233 41426
11257 11613
11261 11758
11261 47612
11286 32446
11293 23313
11296 30967
11297 37246
11300 25549
11304 50870
11311 40363
11316 18674
11317 17554
11321 26817
11323 14729
11323 23706
11330 14488
11330 34584
11335 46384
11339 31301
11341 30900
11347 25002
11359 14955
11363 15027
11381 13341
11388 18222
11404 21054
11404 23146
11406 37988
11411 46039
11418 46498
11419 24942
11421 41531
11436 21980
11464 30231
11474 35545
11478 44696
11484 30015
11486 48979
11490 18637
11498 23153
11518 19098
11522 16983
11522 34826
11524 44688
11530 41763
11530 46883
11531 13577
11531 16598
11531 43160
11533 30515
11536 18024
11537 35027
11561 20328
11563 12123
11563 21716
11565 41752
11584 21091
11598 47956
11604 42702
11614 46060
11616 15786
11620 12731
11624 16574
11628 34567
11632 24584
11632 34003
11638 14295
11646 27507
11648 44463
11650 16246
11651 13857
11654 17827
11654 42165
11687 47895
11693 13623
11693 40680
11697 20015
11698 23726
11703 21838
11703 31934
11718 29970
11730 13423
11735 19302
11741 14727
11751 24190
11752 13390
11754 18870
11754 19190
11755 24895
11756 28359
11756 30742
11760 14978
11764 19016
11766 50822
11769 44626
11775 20845
11788 19179
11796 24060
11815 12923
11834 15694
11837 35978
11838 27894
11839 21631
11860 24738
11864 19614
11865 18758
11887 32494
11900 15240
11904 28716
11905 30500
11907 39903
11908 32734
11915 26274
11918 33647
11919 18630
11930 16642
11934 14677
11936 27284
11936 34389
11943 47806
11947 34114
11957 37442
11964 15497
12013 28398
12018 46482
12022 29648
12033 20480
12043 35021
12055 43347
12057 17511
12066 44225
12068 45574
12070 14165
12071 16315
12086 21769
12088 17443
12091 39579
12092 13323
12102 37787
12105 21156
12110 46623
12135 23284
12136 37198
12138 13068
12139 19539
12143 47071
12155 14954
12166 24535
12175 18537
12175 23706
12179 42266
12208 46630
12209 14462
12212 18712
12224 18080
12224 21377
12237 25476
12242 38400
12244 24372
12244 47051
12247 21910
12247 29473
12258 17536
12270 27561
12274 35949
12284 50922
12302 16863
12302 39446
12302 43149
12326 33528
12327 34598
12331 35946
12385 23672
12389 44204
12414 31533
12414 47916
12419 28406
12429 23253
12429 25548
12438 24065
12439 25556
12444 43755
12448 40481
12449 25666
12450 17777
12454 26917
12459 21052
12465 27403
12466 30679
12470 19265
12475 42404
12477 26611
12494 47095
12511 24935
12511 38977
12526 38743
12535 38873
12537 27419
12549 17678
12549 19438
12549 40210
12555 17397
12567 12706
12567 14325
12568 26908
12585 43742
12586 22459
12589 20101
12604 24144
12615 13046
12617 34725
12619 50107
12629 19901
12633 37051
12636 13458
12640 27915
12645 19964
12649 19214
12651 16939
12654 23679
12660 41286
12678 31087
12679 29084
12679 29617
12682 14401
12682 39782
12684 32788
12684 37674
12685 14234
12688 29248
12688 35660
12701 28957
12709 26928
12710 41961
12711 21005
12711 35992
12713 15469
12719 30633
12722 50113
12738 13163
12741 40946
12745 43554
12746 41242
12755 19936
12758 26090
12758 29419
12780 35590
12780 41802
12790 25046
12807 14208
12809 45941
12842 33897
12844 17667
12844 31249
12848 18374
12865 23769
12868 22465
12868 47855
12877 13890
12881 16091
12890 17678
12897 14050
12899 47439
12908 50400
12909 49970
12913 39557
12960 22232
12962 25584
12962 32213
12963 19319
12963 44510
12968 19368
12969 19504
12969 43332
12977 24259
12983 43035
13006 22507
13024 15809
13027 16325
13033 17729
13046 19265
13046 46831
13051 21781
13060 21888
13060 36329
13079 14700
13108 35660
13112 44717
13121 14363
13124 25743
13131 29078
13131 49973
13167 39932
13171 48505
13173 41595
13180 21814
13186 18522
13189 29107
13202 41568
13204 37758
13204 38482
13206 13350
13210 15859
13212 24322
13236 14284
13247 23417
13247 30033
13252 18163
13260 42549
13266 42255
13268 33660
13309 17246
13309 50616
13318 17434
13335 15076
13337 27239
13337 45142
13341 22122
13352 39088
13357 37039
13357 46205
13359 21630
13382 14727
13382 44495
13385 22908
13385 26349
13390 35488
13397 41718
13400 24508
13423 28952
13431 35865
13437 17552
13446 22204
13459 36217
13467 30832
13469 16465
13480 21145
13484 17713
13491 16680
13491 42629
13493 37598
13495 17003
13497 36907
13498 21490
13501 15140
13501 34066
13507 44904
13512 39696
13523 30190
13535 15553
13550 48556
13557 20823
13580 21377
13580 50394
13587 15969
13594 26995
13598 17889
13598 19216
13605 33949
13613 26075
13613 45455
13616 26425
13617 21775
13623 14366
13624 21144
13625 16255
13625 16463
13625 21543
13651 18378
13676 47054
13687 50217
13712 33993
13722 26287
13730 33676
13746 24100
13759 21588
13760 46382
13785 25421
13785 42276
13792 30020
13795 15413
13799 32014
13806 20554
13806 27232
13806 35145
13821 33802
13838 21374
13839 37169
13843 37300
13844 29374
13862 32791
13903 15639
13903 23475
13939 44063
13946 26274
13951 48771
13960 18340
13962 34885
13979 17374
13981 18387
13982 27412
13982 28006
13995 23126
13998 24334
13998 39423
14001 49682
14002 29116
14005 27722
14005 30598
14010 20871
14033 45101
14038 26040
14041 17988
14041 35076
14050 18296
14053 18110
14057 32348
14057 50822
14065 23296
14068 16384
14070 37878
14074 21876
14076 19787
14076 33716
14078 29574
14078 49502
14086 38450
14096 30276
14121 36065
14138 34029
14150 37799
14167 23334
14203 45571
14217 40224
14227 20939
14234 23433
14236 35642
14242 34575
14254 43510
14258 40531
14262 15112
14262 15960
14277 25815
14284 33774
14289 49795
14292 15247
14294 15397
14294 19643
14300 42465
14314 28633
14326 35915
14327 37299
14331 22978
14336 42763
14351 49544
14356 20436
14360 31023
14363 30980
14371 45817
14373 25086
14388 47345
14411 25757
14412 19298
14417 38280
14422 45382
14425 21257
14430 14633
14440 32421
14443 49577
14453 28524
14462 39237
14464 20708
14464 26608
14469 49417
14510 20794
14548 40272
14554 14681
14567 31562
14575 17409
14579 30788
14587 36426
14590 39107
14593 39088
14600 47353
14633 31519
14651 28448
14663 31282
14669 46462
14677 15758
14680 37252
14680 48656
14684 40265
14686 26661
14686 34514
14703 50927
14715 22365
14716 20247
14723 32792
14737 32072
14747 40648
14755 33442
14755 33754
14782 45694
14790 32167
14790 34578
14793 23762
14799 37209
14813 47163
14817 30181
14837 16179
14840 21430
14849 36859
14860 48528
14867 32747
14875 16912
14875 34257
14876 27989
14898 27562
14900 38064
14928 23454
14943 17142
14949 29231
14951 49496
14952 24372
14953 25123
14960 16335
14960 22902
14963 39311
14964 40893
14967 42769
14968 42669
14988 44038
14993 48430
14995 18372
15000 30799
15007 22265
15009 32966
15036 32494
15040 35282
15056 15457
15061 24865
15065 42853
15072 27196
15102 32012
15115 37233
15117 18399
15119 18711
15119 26656
15144 27676
15146 27489
15157 16748
15171 23477
15172 20731
15172 21985
15174 31121
15176 16802
15178 35931
15179 26296
15189 41133
15213 38984
15219 36910
15226 45083
15228 26118
15237 28065
15243 26235
15247 18985
15247 28646
15256 45901
15264 23828
15268 43798
15271 42419
15284 50821
15326 25638
15334 32155
15361 46120
15372 18670
15390 27578
15411 31345
15418 46576
15419 28072
15420 35010
15427 32317
15429 20396
15490 26695
15492 23121
15496 18869
15497 23363
15516 23293
15538 42843
15542 17126
15559 23388
15559 38519
15566 19179
15566 32611
15570 31228
15570 42807
15571 17542
15577 42232
15584 19681
15584 46241
15589 43216
15592 33199
15595 46683
15599 41402
15599 49572
15632 33158
15653 30832
15655 28043
15660 26127
15669 36528
15674 46245
15686 18727
15718 23276
15721 42672
15728 17696
15732 22860
15749 34328
15751 29647
15755 35978
15766 27212
15768 17590
15795 48261
15795 49463
15815 41857
15833 29115
15834 46466
15841 39245
15848 29313
15848 40462
15852 43636
15852 46484
15857 39780
15863 19806
15870 16253
15870 21802
15875 50781
15918 26600
15931 50351
15935 29895
15949 49238
15963 35899
15964 25287
15969 48398
15971 29196
15974 28569
15978 41350
15982 47178
15989 18046
16000 20088
16001 31591
16007 37030
16020 32421
16022 47652
16031 48504
16039 22689
16050 25085
16060 26328
16061 32012
16091 18969
16111 46328
16128 42247
16160 25796
16177 22956
16199 37382
16235 34771
16247 38515
16248 42275
16261 29379
16261 42348
16266 22933
16279 31811
16281 23949
16281 39962
16288 27936
16306 23824
16306 33774
16310 19544
16325 24644
16325 48259
16329 48640
16335 29603
16340 16534
16360 46311
16361 27270
16366 45817
16377 35926
16388 35780
16389 41909
16404 33976
16404 41663
16413 34383
16414 32237
16414 32330
16436 44538
16454 41588
16466 37275
16467 35596
16469 27454
16471 34700
16481 25473
16481 32837
16482 21587
16486 39996
16499 50229
16507 21977
16509 24895
16521 17351
16550 42275
16556 47128
16568 21385
16569 50894
16574 50809
16588 45042
16592 18646
16600 39840
16618 17176
16620 29421
16620 45574
16623 45280
16640 19481
16648 18405
16650 28436
16672 32143
16672 43536
16680 17769
16682 42854
16682 49302
16696 17743
16710 40880
16713 32713
16739 46611
16752 19596
16753 36195
16762 27461
16783 42473
16783 44367
16785 37781
16788 30695
16788 45119
16801 46982
16825 28382
16827 22413
16836 34401
16838 16959
16846 16973
16854 31016
16855 48321
16859 22695
16859 34261
16862 22547
16866 32143
16868 30881
16872 18082
16876 26653
16908 34575
16912 20145
16912 24566
16915 22099
16935 46626
16942 48215
16969 37579
16972 31701
16983 28370
16987 30201
16987 33265
16987 45988
17001 20471
17003 45568
17010 26529
17023 49264
17040 22716
17063 43754
17081 36135
17094 29945
17114 18938
17114 47998
17114 48412
17122 20367
17124 42420
17126 17584
17126 27240
17130 32933
17142 35873
17149 20556
17149 24725
17154 34201
17154 49922
17155 20110
17157 34259
17163 34428
17163 39791
17176 28252
17194 20712
17199 35380
17238 49795
17246 39620
17248 41791
17264 36878
17268 38936
17271 25279
17278 23924
17280 42952
17291 30911
17309 28266
17352 36843
17353 47344
17356 20697
17361 19726
17361 34947
17362 21517
17364 18182
17366 25915
17371 33924
17371 46906
17372 31310
17380 30970
17383 30190
17393 34579
17395 28590
17395 46424
17402 36605
17409 41637
17414 20852
17418 22504
17421 18030
17421 19234
17434 43145
17444 35474
17444 37363
17451 23219
17469 28370
17486 43261
17497 46798
17508 45664
17511 46906
17518 29833
17519 31045
17536 25718
17536 32746
17539 22999
17559 22539
17559 25023
17567 28595
17577 42758
17580 20753
17591 24938
17592 41251
17595 30020
17603 37386
17605 21845
17606 34281
17608 20237
17622 42156
17623 30162
17627 22195
17630 17886
17639 41966
17639 49581
17644 33531
17647 33660
17661 46463
17666 29880
17678 32897
17679 19816
17679 34515
17683 22512
17683 27584
17689 22053
17689 50867
17705 37169
17718 25723
17720 24077
17727 28938
17727 36087
17727 36260
17729 19317
17746 34570
17771 41897
17772 21819
17778 44288
17786 18742
17789 47983
17793 19424
17795 48345
17795 49863
17796 29999
17796 48768
17800 21839
17807 22860
17814 18804
17814 33625
17814 43536
17834 26908
17837 20718
17838 24792
17855 21200
17872 36620
17886 38405
17888 24742
17890 39993
17892 45044
17895 22351
17899 47306
17900 35102
17901 34423
17920 49845
17922 27209
17945 32942
17947 24554
17955 26924
17955 46358
17956 23130
17956 46745
17959 29618
17962 30644
17982 35283
18006 35362
18017 22230
18023 38718
18030 29490
18036 27730
18036 49846
18038 21763
18057 21398
18057 31573
18064 33738
18067 38974
18069 25138
18074 44339
18081 30252
18081 30267
18113 45035
18116 22780
18174 18409
18206 19170
18206 45564
18212 18352
18225 24003
18256 37025
18262 35597
18281 49709
18283 49702
18287 19372
18287 42930
18298 30326
18298 49551
18330 25501
18330 35129
18337 19357
18339 20670
18352 29150
18353 34060
18354 40006
18370 47166
18387 44569
18388 24511
18388 25558
18389 18985
18395 46866
18408 26916
18416 47345
18420 31629
18421 45198
18432 24894
18494 31349
18502 27606
18509 33183
18513 29667
18524 25575
18524 39526
18532 49760
18546 30100
18548 26068
18550 36568
18551 38680
18554 41418
18569 19547
18574 27784
18577 44334
18581 32328
18584 26153
18587 43914
18595 41431
18605 20414
18607 28076
18616 24335
18617 27818
18619 32757
18619 39694
18622 39731
18634 41750
18637 36329
18639 24057
18642 20474
18668 19214
18670 25090
18670 38309
18674 38244
18691 43076
18706 33337
18751 40781
18758 49582
18760 24087
18767 26161
18785 35168
18798 25287
18801 27989
18804 47444
18831 21756
18837 36431
18873 31533
18874 26468
18874 34126
18874 44622
18881 47064
18888 46613
18891 47684
18910 41663
18917 25821
18929 43276
18941 32104
18943 35833
18946 22427
18953 37049
18955 42784
18956 30178
18975 43966
18978 45731
18985 37490
18986 28839
18995 34257
19007 20890
19007 47584
19027 34514
19028 48900
19047 35593
19069 43583
19071 43243
19072 19642
19096 29607
19098 26614
19127 25169
19127 37680
19142 38775
19149 26094
19159 28146
19182 26059
19183 30988
19189 20160
19194 50387
19207 29604
19208 22773
19210 38299
19213 25315
19218 44716
19234 31154
19235 41681
19235 45374
19242 40767
19275 50229
19278 23856
19285 31752
19298 35545
19304 21025
19309 29418
19311 36204
19329 32213
19344 47052
19352 29677
19352 35681
19352 44714
19353 32302
19355 48325
19364 21054
19377 44925
19382 21562
19407 21284
19408 35579
19413 42019
19429 48999
19430 22040
19449 25809
19466 42205
19472 24189
19480 20509
19486 32095
19486 33971
19489 23148
19493 23246
19499 24792
19505 20632
19507 28044
19517 43385
19538 31219
19541 30436
19544 34281
19547 32080
19552 29912
19556 38964
19571 37648
19578 26551
19618 47895
19619 46805
19629 20840
19632 34350
19635 29381
19635 38133
19638 40106
19638 47987
19641 19788
19641 23584
19641 38740
19647 22515
19660 23818
19661 22622
19663 37056
19664 35705
19686 39313
19690 49872
19702 23933
19736 37056
19743 20864
19749 49477
19751 44338
19762 28234
19766 24393
19771 50481
19775 37861
19781 21475
19781 48245
19791 47059
19799 41718
19813 46788
19839 32747
19850 49120
19851 36620
19860 47283
19892 41311
19902 41824
19905 36698
19910 31587
19917 39311
19918 20193
19919 44153
19927 42019
19942 28846
19943 31898
19944 40689
19950 47555
19951 26285
19952 45763
19962 33908
19971 37741
19979 20829
19992 35711
20007 34055
20009 39941
20014 31611
20030 50340
20042 47129
20072 43588
20086 27155
20128 31603
20128 36557
20128 40547
20133 21162
20138 25944
20144 31117
20145 48572
20147 25411
20150 20246
20175 30780
20175 34399
20242 46166
20244 35488
20248 28908
20252 35022
20252 40368
20259 49011
20278 28122
20298 37643
20298 49673
20310 31457
20337 22819
20352 27528
20352 44729
20393 34330
20436 41418
20439 25849
20440 36729
20449 42773
20451 48655
20466 50365
20471 27584
20472 49046
20476 39431
20486 37014
20487 44464
20488 37988
20498 42702
20505 22686
20510 26467
20517 43562
20526 43986
20535 30239
20558 21810
20558 38665
20578 34042
20605 27286
20611 29695
20634 47908
20652 34264
20657 34667
20668 38098
20680 41014
20682 23383
20686 39012
20686 50188
20716 28196
20716 44875
20730 23003
20738 21399
20758 26057
20758 34512
20769 23138
20772 39917
20794 24219
20797 21680
20797 37008
20829 27312
20864 29965
20865 37233
20868 34163
20871 42558
20875 30933
20881 38064
20886 34480
20893 43268
20896 48770
20925 35214
20928 30691
20940 28553
20940 36539
20940 44801
20941 22040
20955 22896
20955 26324
20955 27919
20971 50324
20984 43566
20984 50707
20994 22192
20994 42846
20998 33305
20999 30682
21004 44288
21005 22212
21005 42807
21025 33236
21025 40413
21033 28976
21043 25457
21052 26695
21087 23847
21090 26247
21090 39620
21097 30514
21100 21542
21120 22156
21135 43086
21141 35598
21154 26929
21170 24541
21185 22867
21185 49458
21202 35899
21211 32614
21250 35347
21254 43628
21259 21838
21259 22626
21281 31423
21284 30766
21286 36276
21288 25149
21295 27345
21300 35763
21308 30349
21309 36707
21327 32038
21340 40006
21345 27281
21345 41521
21353 24389
21373 21487
21375 26773
21377 28509
21377 38888
21390 38778
21394 38064
21399 28765
21401 28224
21431 42899
21440 22881
21440 43324
21440 49317
21442 28929
21454 36811
21454 44919
21468 23388
21481 42548
21489 43510
21497 38396
21506 25398
21543 46595
21544 29958
21546 26710
21554 27940
21555 35746
21559 25413
21587 28870
21593 25259
21611 35146
21611 39248
21612 26569
21630 47576
21642 23641
21680 47424
21699 22486
21700 26690
21727 22212
21727 30753
21740 25826
21740 33516
21741 27749
21756 35682
21762 35020
21798 25782
21798 35660
21801 35453
21811 22832
21814 25863
21819 35864
21824 29357
21830 25690
21839 22850
21881 36004
21881 43365
21903 22282
21910 27940
21910 42966
21926 44385
21939 49313
21982 43501
21985 46116
21985 50781
21991 45554
22012 47301
22015 45057
22033 32895
22033 42310
22035 36648
22041 37733
22054 34844
22089 43216
22092 43277
22101 24391
22110 39211
22110 47731
22119 36067
22123 38695
22147 39099
22153 50067
22158 24821
22160 28532
22198 27582
22204 32630
22223 26239
22223 42642
22228 38014
22236 29150
22241 37931
22242 23244
22242 39319
22248 49715
22258 25345
22258 37774
22287 34437
22310 38961
22332 29776
22357 29188
22357 44773
22373 46524
22386 36401
22388 34992
22388 37639
22393 39172
22398 34817
22413 32550
22415 40180
22427 30646
22427 48144
22452 23556
22453 26537
22454 24947
22472 47465
22483 22604
22487 39478
22500 40073
22503 29585
22507 45322
22507 48052
22512 22604
22512 24062
22516 27403
22542 45951
22549 35649
22594 50281
22595 32649
22627 30380
22635 28938
22686 36972
22689 33243
22692 46720
22713 48639
22716 37446
22717 45762
22718 39938
22728 49750
22731 39044
22738 23790
22738 29965
22744 37814
22753 23563
22773 41696
22778 34814
22795 50629
22837 31742
22858 41422
22863 30049
22870 47541
22875 45441
22887 24708
22892 37308
22939 47583
22945 50781
22947 32786
22956 39107
22984 25740
22994 34815
22999 42784
22999 47754
23001 37035
23015 37523
23016 30191
23027 26108
23031 23090
23044 23626
23054 29160
23054 42521
23070 28703
23077 25230
23097 41034
23102 35933
23111 35529
23126 44717
23141 35917
23147 34476
23154 33305
23170 24530
23182 24200
23246 31316
23248 33012
23253 49960
23256 40000
23276 33647
23299 39917
23299 42073
23314 40368
23316 35462
23326 45484
23330 33608
23339 47827
23350 36162
23351 25238
23366 36254
23382 47929
23384 48655
23388 33236
23433 44765
23440 33265
23454 50668
23471 35743
23483 28156
23492 50010
23509 27818
23523 39714
23524 39841
23529 37572
23548 41469
23579 25821
23593 29681
23604 38388
23611 36784
23649 37036
23656 36255
23662 33199
23695 42228
23695 43673
23704 34880
23712 42200
23720 44084
23804 50885
23823 24392
23823 33500
23833 44242
23843 32923
23856 35545
23881 36831
23881 40186
23885 44467
23897 45762
23899 30949
23904 41690
23948 38360
23999 32953
24017 32739
24049 27539
24079 28766
24094 47219
24099 40212
24106 24234
24106 48584
24116 47941
24193 26898
24226 24771
24226 33708
24293 42196
24318 33911
24323 34742
24335 28080
24337 31742
24391 29084
24401 29134
24411 41789
24416 29945
24440 46906
24446 27220
24472 37451
24478 25522
24505 24560
24505 45057
24511 42525
24515 31748
24516 33955
24533 37656
24547 34287
24593 46527
24600 28117
24608 44951
24621 32723
24622 29599
24623 29416
24636 48329
24655 37049
24672 31442
24675 26979
24675 28087
24675 37095
24692 26669
24693 34442
24706 29135
24711 30970
24722 46162
24747 48007
24750 36499
24751 26833
24755 35238
24775 26902
24787 32120
24787 34295
24794 27685
24821 26126
24857 34609
24895 47839
24917 46154
24918 32894
24922 34295
24936 38673
24942 27158
24954 32432
24956 28707
24981 44886
25023 30735
25023 48080
25034 40476
25057 40760
25085 29423
25090 42404
25094 48804
25098 29355
25100 28913
25105 31611
25108 36911
25123 45419
25169 49761
25179 45500
25188 44536
25205 41531
25208 47055
25217 48689
25223 39245
25224 33860
25240 28578
25243 39760
25253 36274
25253 43014
25265 48627
25272 32740
25281 41341
25283 29077
25284 27573
25284 30298
25345 35887
25352 49571
25371 33840
25371 43449
25397 46924
25399 48040
25405 45192
25412 29062
25417 31177
25431 35593
25445 42165
25454 39245
25474 31427
25549 29383
25553 50712
25561 44843
25572 33650
25574 26053
25574 31053
25587 27370
25619 33303
25623 42790
25638 44341
25664 26837
25664 32012
25742 28589
25742 42248
25743 49238
25746 48597
25751 31374
25751 34567
25775 30117
25776 32320
25800 30144
25819 38172
25827 44203
25853 35762
25857 48416
25861 37764
25917 30626
25922 41745
25923 36769
25935 26154
25940 36057
25982 31476
26000 42418
26011 46728
26014 31970
26020 27460
26052 42560
26056 35883
26072 39114
26075 28866
26093 44093
26104 50244
26112 34236
26127 43646
26139 39744
26153 30377
26161 36254
26189 47222
26189 48244
26204 42247
26218 47195
26227 35458
26252 34686
26253 50593
26277 37588
26278 45227
26301 29116
26310 38674
26324 45965
26342 41752
26343 50890
26349 42469
26361 32213
26370 27456
26372 47024
26388 43145
26389 48968
26393 46969
26396 39577
26399 30631
26407 49924
26429 47480
26442 44578
26457 35922
26458 39026
26458 42081
26479 32569
26569 43855
26600 27857
26600 34600
26605 35360
26606 28311
26611 33064
26617 42266
26622 30510
26632 30326
26638 31273
26653 30872
26654 30111
26658 29621
26665 30491
26696 31161
26696 37420
26706 49016
26710 37371
26712 42847
26725 40875
26773 28119
26776 29513
26798 36338
26800 27565
26820 39241
26850 32942
26880 50675
26896 28156
26913 36831
27036 45596
27038 42184
27042 46398
27106 39714
27133 40335
27171 44791
27173 39499
27182 38280
27239 44501
27251 30558
27275 32136
27287 33346
27287 35139
27311 28716
27335 29796
27335 39018
27406 28610
27406 45103
27427 38898
27441 35145
27465 30327
27481 39875
27487 41410
27504 48655
27513 42179
27525 32733
27528 42469
27528 50867
27561 47827
27580 33115
27584 44928
27594 34072
27596 30100
27602 32155
27602 34273
27602 36528
27606 42598
27644 30678
27815 28628
27821 34470
27894 43113
27898 35320
27945 40476
27946 29251
27946 36189
27955 28602
27965 45551
27977 45227
28021 49630
28065 32904
28101 39790
28119 41129
28127 36859
28141 45476
28163 39085
28234 42521
28234 45951
28247 35020
28261 46805
28274 45986
28357 35171
28357 46606
28359 35945
28360 32985
28382 31184
28383 28761
28398 44153
28417 37472
28482 35665
28482 37394
28492 29445
28508 44000
28520 33277
28546 42348
28564 30927
28569 36079
28571 30570
28574 31366
28588 45952
28600 45675
28623 33108
28641 35805
28698 31074
28714 34771
28724 46145
28741 49577
28743 33360
28765 47009
28775 46944
28792 32788
28867 40781
28922 31758
28936 42671
28943 31705
28951 50926
28958 29598
28995 39683
29003 35205
29033 46761
29034 30516
29077 34361
29091 48555
29107 39448
29122 44618
29123 32327
29135 31419
29139 46162
29155 37164
29172 32485
29185 43557
29187 30840
29223 39116
29247 30091
29251 41876
29254 35641
29267 39018
29311 44440
29374 39235
29379 33166
29416 39416
29429 31567
29432 34396
29433 34266
29436 32344
29439 43145
29461 43620
29517 32444
29517 40368
29523 33910
29529 41488
29534 37025
29562 50183
29573 42285
29583 39694
29617 46930
29623 48527
29631 40191
29674 44178
29691 46750
29745 50787
29788 46807
29830 43884
29890 45263
29894 30682
29907 31322
29929 44475
29939 50903
29948 31574
29958 47283
29965 35281
29987 30522
30029 50809
30052 32723
30113 45625
30136 37767
30162 44895
30172 35332
30187 49867
30192 46890
30201 32011
30231 34737
30233 33276
30245 47444
30280 36611
30289 32759
30290 40344
30292 48243
30301 30952
30301 50365
30334 47447
30366 40229
30373 37548
30422 44467
30424 32014
30424 33658
30477 44576
30493 31362
30509 33908
30512 44415
30541 33652
30584 43971
30588 34042
30628 34483
30632 35982
30633 36197
30637 35124
30641 38846
30669 43855
30673 42816
30695 45274
30696 43538
30709 31589
30720 47307
30722 42542
30724 47568
30741 37453
30776 32329
30780 32830
30791 48518
30841 35615
30881 41162
30900 40906
30931 32972
30941 42928
30991 47656
31008 42054
31045 35180
31111 32572
31138 48042
31143 47900
31149 35277
31167 45325
31218 34887
31237 36584
31242 33731
31248 38270
31249 40212
31249 43819
31290 33499
31297 38007
31298 33263
31351 32266
31358 41757
31363 32556
31366 46081
31436 35684
31436 45689
31447 38751
31457 38191
31458 35936
31461 46383
31488 43376
31500 41664
31535 33457
31548 34555
31548 35700
31548 37951
31559 34691
31565 40805
31576 41122
31599 35041
31609 44775
31623 39612
31632 34115
31634 32723
31648 49435
31650 41497
31650 43126
31655 42930
31681 43794
31687 33323
31688 45109
31701 45355
31740 39040
31744 35921
31744 36753
31758 43575
31783 43167
31804 42698
31823 40433
31823 47567
31897 41259
31931 41672
31973 33350
31973 39373
32018 45323
32031 34098
32072 35918
32083 36782
32087 33187
32102 32313
32107 33513
32136 40629
32155 43378
32217 36729
32221 37840
32237 34548
32269 48739
32286 40710
32297 32673
32317 37401
32329 36843
32370 34212
32372 40048
32372 43592
32388 47382
32407 41157
32421 34548
32444 32757
32444 43762
32494 33037
32550 34780
32614 34818
32615 42553
32628 46291
32641 37981
32648 46899
32653 42048
32721 39849
32734 36767
32737 33957
32746 38076
32759 38280
32769 33894
32792 49966
32801 38013
32824 44777
32835 40766
32836 45094
32897 40315
32902 43952
32926 38013
32955 47728
32966 33217
33027 36231
33032 43205
33052 44716
33052 47272
33105 33503
33151 38297
33161 49781
33166 44729
33171 34367
33237 44182
33240 50639
33263 34756
33273 43289
33276 46594
33287 42277
33288 42572
33288 43379
33314 42571
33314 46683
33326 43855
33333 42052
33333 44910
33344 46493
33347 35347
33347 40634
33347 49945
33366 39943
33366 48458
33375 44146
33402 35577
33402 45724
33538 39247
33540 43534
33566 38207
33623 34331
33652 36332
33652 41645
33678 34771
33687 46153
33687 47365
33697 42686
33697 50824
33708 44991
33726 35596
33775 37806
33786 37853
33860 37425
33863 41336
33894 34373
33908 43775
33920 37993
33922 47678
33926 43133
33952 48506
33955 35094
34020 42474
34029 43978
34103 45591
34113 41334
34145 50973
34173 46339
34224 46358
34262 35166
34268 43293
34273 36219
34290 36195
34311 46683
34325 42418
34330 39567
34350 36081
34385 48334
34399 36536
34399 37600
34482 44570
34500 46058
34511 41162
34539 43727
34543 48191
34548 43004
34566 47480
34566 50957
34567 35189
34567 43762
34589 36255
34649 39211
34659 38783
34690 41490
34700 48981
34763 50700
34785 36461
34817 34855
34821 39313
34829 42109
34868 36084
34868 37505
34906 40216
34946 41091
34946 50299
34958 43875
35028 39513
35037 42419
35048 47341
35051 35435
35096 42931
35132 47713
35171 44226
35182 46116
35190 41680
35192 45434
35233 36634
35238 45556
35311 46128
35362 37787
35362 40650
35374 48857
35418 36219
35488 46630
35501 42572
35615 41652
35644 42580
35678 38836
35690 48414
35694 40196
35711 44199
35781 39837
35786 38778
35805 43651
35860 48709
35901 43752
35939 38052
36004 38486
36049 37996
36051 38396
36054 40682
36057 48653
36065 49089
36118 40445
36219 44912
36260 38388
36271 50688
36356 42156
36401 41022
36414 40114
36557 39506
36583 37940
36584 48790
36605 38211
36612 44127
36614 44463
36693 48568
36727 37492
36748 45834
36753 45290
36765 44460
36831 39313
36831 39526
36865 41681
36891 41458
36893 46626
36921 40910
36931 42920
36955 48078
36955 48328
36964 48261
37042 37485
37060 40619
37061 42481
37063 41211
37099 44030
37122 40224
37140 46231
37228 45579
37243 46718
37251 48624
37289 50188
37349 38549
37357 41568
37446 38271
37449 46731
37488 44192
37492 48354
37496 43169
37503 47280
37526 43688
37526 48800
37528 39254
37582 43688
37624 39597
37673 39502
37687 39526
37737 47740
37741 38388
37767 37787
37839 44000
37842 47982
37847 39478
37847 43117
37879 48627
37889 40723
37981 43562
37996 48554
38020 39019
38214 45571
38309 46023
38322 49581
38405 50535
38468 48882
38476 40681
38529 44225
38549 45564
38659 38752
38718 40449
38764 43978
38802 40596
38846 43761
38879 43627
39016 39194
39077 50824
39119 44073
39202 39499
39202 42219
39235 45001
39248 47866
39274 42081
39353 47511
39399 47753
39414 49294
39427 45094
39431 42499
39447 44712
39468 44758
39511 46398
39628 40757
39662 45890
39669 48646
39725 48840
39730 47353
39833 40198
39842 41342
39922 45325
39985 44622
40118 42162
40168 45031
40174 42030
40183 44590
40352 49701
40422 43554
40424 46410
40428 41211
40447 43265
40465 43562
40481 42195
40496 47741
40563 44947
40573 47385
40643 43513
40673 46157
40798 44948
40926 43307
40946 50275
41001 46987
41035 47052
41077 48755
41128 48198
41132 47365
41135 47052
41143 42556
41159 42548
41247 44716
41282 48980
41311 47568
41337 48445
41652 43284
41807 44880
41984 42072
42031 46866
42031 47541
42114 45721
42145 48527
42163 43854
42184 47247
42211 50821
42222 47148
42224 43112
42247 50185
42444 47258
42446 50389
42463 50070
42613 48628
42725 46328
42960 48963
42971 43628
43105 48101
43135 43559
43137 43703
43480 49678
43720 48958
43733 48818
43734 47080
43847 47836
43905 45680
43914 50639
43951 47120
43951 49487
43973 48889
43979 47128
44037 49637
44105 45514
44191 47691
44227 46675
44341 47482
44464 49330
44513 49263
44519 49330
44530 48555
44626 48884
44715 45763
44745 46969
44928 50560
44998 45781
45064 45228
45064 47656
45115 49302
45265 49263
45269 48616
45417 50885
45444 48430
46033 46233
46058 47219
46486 49418
46586 49014
46866 50708
47076 47511
47133 49593
47143 50677
47455 50107
47534 50781
47585 50574
47688 50593
47726 50365
47729 48493
47732 50473
47971 49085
48334 48958
48628 50392
48632 49073
48941 50127
49052 50916
49718 50244
50324 50708
50814 50865
