5000
5 1216
5 5849
5 5956
7 5016
7 8877
7 9151
8 7867
8 8851
10 1396
11 2769
11 7976
11 9036
12 7639
12 9185
13 605
13 8528
14 1351
14 4032
14 4154
15 8436
16 6185
16 7700
16 8853
17 907
17 2406
17 6189
18 504
19 329
19 3874
19 4457
19 7886
20 4287
20 6078
20 7327
24 848
24 2264
24 3482
24 5963
24 7661
25 992
25 2977
25 4063
26 252
26 1911
27 309
28 402
28 421
28 764
28 1261
28 4219
28 5820
28 7075
28 7956
28 8018
29 3429
29 6755
29 9046
30 258
30 8414
31 43
31 3947
32 6518
32 7528
33 259
33 3583
34 1314
34 5165
35 5379
35 6737
35 9785
36 6769
37 5695
38 4395
38 9152
39 347
40 481
40 5103
40 8006
41 7860
42 925
42 6039
44 279
44 846
44 4119
45 7718
45 9186
46 3010
46 6616
46 7661
47 5875
48 3986
48 7612
48 8703
49 9644
50 2131
50 4144
51 6217
51 7914
51 8599
52 2952
52 8726
52 8953
53 298
53 6664
53 7537
54 1755
54 7050
55 8760
56 502
56 4023
56 4823
56 6626
57 3429
57 4613
57 6093
57 7650
57 7706
58 864
58 1473
58 6706
69 116
251 4290
251 7060
252 414
252 8565
252 8873
253 8457
254 2963
254 4158
254 6012
257 3597
257 8527
258 1188
259 1112
259 4855
260 3527
260 4274
260 6591
268 904
269 1030
269 3255
269 5695
269 6013
270 3483
270 3734
271 5368
271 7159
271 7745
272 2091
272 4523
272 6120
274 3567
274 7497
279 1268
279 4593
283 5977
283 6214
283 6816
285 1306
285 1560
285 3059
285 4163
285 4394
285 5951
287 7885
288 3617
288 8947
289 8032
291 4121
292 4468
293 646
293 3435
293 3630
293 5975
294 7157
294 8568
295 3804
295 4502
295 7877
295 8460
297 774
297 2315
297 4460
298 518
298 1554
300 2413
301 4500
301 4876
302 327
302 1167
302 7694
302 8822
304 3639
305 4466
307 429
307 8404
309 2920
309 8427
309 9194
311 8551
313 1140
315 2514
315 3962
317 1750
321 3463
321 3471
321 8519
323 902
323 3294
323 6746
323 9650
325 1297
325 4573
325 7678
326 7360
326 8612
327 8618
328 440
328 2243
328 3527
328 4501
329 7861
330 708
330 1030
330 1459
330 7125
330 7489
331 7981
331 9770
332 8936
333 7649
336 501
336 2987
336 7873
336 8711
337 2754
337 4082
337 8487
337 9017
338 2132
338 6202
338 7151
339 907
339 8968
340 7972
340 8394
341 1164
341 5355
341 6748
342 4283
342 6654
343 4461
344 596
344 1909
344 3573
344 4012
344 6787
344 7153
344 7644
346 499
346 8836
369 4060
369 6827
369 8465
370 1718
370 2342
370 9193
371 976
371 3720
371 5957
372 7044
373 2762
374 4532
374 6739
374 7637
376 2990
376 4250
377 5531
377 5704
378 3481
378 5750
378 6696
378 8652
379 1345
379 2343
379 3573
379 6704
380 1329
380 3963
380 5826
382 3085
382 4219
383 1675
383 2231
383 8428
384 2264
384 3804
384 7108
385 3613
386 3528
386 8645
402 2025
402 6712
402 8516
403 3044
403 6823
406 3030
407 3455
407 6672
407 9013
408 1334
408 7116
409 617
409 3059
409 6101
409 7485
409 7859
410 1411
410 4380
410 5540
410 6063
410 6716
411 1948
411 3040
412 522
412 8991
413 992
413 2265
413 3786
413 6804
413 7898
414 3739
414 6737
414 7676
415 547
415 6628
415 6707
417 1515
417 7706
417 8983
418 1190
418 2929
418 3288
418 4251
418 8484
419 847
419 1315
419 1687
419 7968
420 701
421 2584
421 2985
421 9784
422 804
423 5944
423 9002
424 518
424 1104
424 5839
425 5194
425 6646
426 1037
426 1166
426 1342
426 3534
426 4868
426 8957
427 4135
428 3544
428 3573
428 4825
428 6724
428 6747
430 1017
430 4418
430 8882
433 5533
433 7158
434 551
434 2288
434 5915
435 3575
435 4501
435 7145
436 5784
436 7690
436 8498
436 8514
437 1127
437 2356
437 3698
437 4589
437 6581
437 6685
437 8958
438 8735
439 3477
441 3651
441 7872
442 4609
442 7932
443 2584
443 8744
444 1109
445 502
445 4018
445 5106
445 9159
446 948
446 9154
447 4258
447 7871
447 7943
448 883
448 2103
448 5505
449 1679
450 735
450 3505
450 5840
451 4874
451 5072
452 1679
452 6751
453 696
453 2045
453 2415
453 2929
455 4501
455 7325
456 947
456 5854
456 6669
457 627
457 4597
457 5747
458 494
458 1365
458 9146
461 3764
461 5746
461 6735
462 4038
462 4379
462 4484
463 3435
463 4014
463 5523
463 7897
463 9680
464 1096
464 2270
464 5082
465 3025
466 1684
466 2149
466 8500
467 772
467 2100
467 4565
468 4214
469 4411
469 7123
469 7893
470 2936
470 3592
470 4875
470 9210
471 4396
472 8552
473 2142
474 7635
475 981
475 8008
475 9644
476 4121
476 4463
476 8844
477 2163
477 4467
477 8490
477 9003
478 6225
479 3584
480 711
480 4534
481 6196
481 8615
483 851
483 4030
483 5960
483 6729
483 7674
484 6583
485 7927
485 8824
486 7065
486 8407
487 1253
488 1378
489 4020
490 3265
491 2068
491 4606
491 7362
492 2584
492 2771
492 3717
492 7088
492 7335
492 7527
492 7693
493 1197
493 4026
493 6751
494 4005
494 6673
494 8517
495 3664
496 1350
496 2231
496 4483
497 2540
498 2230
498 3319
499 940
499 3606
499 6608
500 511
500 571
500 7637
501 4184
501 7206
501 7698
502 1226
502 3342
502 5966
503 884
503 4158
503 6656
504 5824
504 6014
505 6787
505 8652
506 5819
507 4029
507 4282
507 5385
508 4179
508 8415
508 8538
509 2939
509 6034
510 1773
510 3662
510 5917
510 7113
511 1670
511 5695
511 6697
512 2543
515 2296
515 3930
515 6669
515 8504
516 6645
516 6729
517 3704
517 6012
517 7464
519 971
519 3532
520 707
520 5499
520 7370
520 8505
521 602
521 9710
522 4208
522 5103
522 5812
524 7910
525 915
525 3646
525 6659
527 1139
527 4316
527 5678
527 6771
541 4115
542 2180
542 6593
543 6565
544 3332
544 3346
544 4857
544 6211
545 1227
545 3613
545 7076
545 7957
547 1773
547 4273
547 6719
548 9676
549 1223
549 3965
550 2018
551 4597
552 745
562 9147
563 1397
563 2489
563 5722
563 6608
565 6518
565 7336
567 1980
567 2139
569 3410
569 4607
571 894
575 8469
575 9206
576 6804
576 9194
577 904
577 3465
577 4070
577 7071
577 9022
578 2173
578 7527
584 6199
585 1677
585 3349
586 4425
586 9181
586 9785
587 3994
587 6653
587 7361
588 3750
591 7352
591 7854
596 3569
597 7065
598 4019
598 6058
599 3579
599 8407
600 1919
600 3990
600 6076
601 2765
602 1933
603 4980
605 4507
605 7701
607 608
610 1731
610 1935
610 2409
610 4092
610 6590
611 2928
611 3560
612 4166
612 4249
612 7523
612 9650
617 1165
617 2356
620 1217
621 1680
622 1272
622 6671
623 1140
623 1565
623 3757
623 4424
623 6833
623 7431
624 2921
625 1172
625 2928
625 4569
626 4464
637 4400
637 5975
638 3323
638 4305
642 5355
644 1038
644 8428
645 1010
645 1334
647 8708
648 7097
649 4132
649 5747
650 4008
650 7703
651 6584
652 3319
653 2958
653 7437
654 3456
654 6194
654 7103
654 7108
656 1903
656 9628
658 3062
658 4616
658 7446
658 8557
664 2401
668 5507
669 2577
669 3409
669 4536
669 8652
672 2552
672 2972
672 7359
674 694
674 1104
677 893
678 3544
678 4127
678 4148
678 7754
688 4136
688 5730
692 3735
692 7864
693 772
693 9216
696 2351
696 3650
696 8463
701 1687
703 2959
703 8429
705 3689
705 5956
705 8551
707 1386
707 7235
708 3621
709 722
709 8889
710 4596
710 6000
710 7717
711 7335
713 3260
713 7325
715 6823
715 7341
716 5381
716 7697
718 1979
718 3610
718 3687
718 3804
719 724
719 5709
719 6788
719 9024
720 1246
720 3266
720 3920
720 4469
720 7112
721 1125
721 3714
721 4043
722 1674
722 5565
723 2985
723 7091
725 1364
725 5783
725 8437
725 9001
726 814
726 8018
727 1036
727 5157
729 2024
729 3564
731 1190
731 7918
733 853
733 4883
733 8535
734 2400
735 3912
736 3704
736 4463
736 5876
736 6063
736 8618
737 3597
738 999
738 3789
738 8701
739 5959
739 6710
740 934
740 1123
741 1908
741 2998
742 4283
742 5727
744 6062
744 6594
744 6655
744 8536
745 2484
746 4589
746 9683
751 3484
751 3936
751 7137
752 5121
752 5835
752 8642
753 5734
754 7634
754 7854
754 8502
755 6803
757 2436
757 4397
757 7883
758 5107
758 5709
758 8633
759 6745
760 3764
760 5753
761 1374
761 3690
761 5156
761 7055
761 9199
762 9149
764 1268
764 3760
764 6212
766 1132
766 5465
766 7165
766 8460
768 1475
768 3792
769 5116
772 2925
772 3530
772 7364
772 8395
774 8558
776 2939
776 5743
776 5921
777 3614
778 4093
778 7459
781 6780
781 7719
782 2220
784 2145
785 7478
786 5116
786 6656
786 9640
802 2396
802 4033
802 4561
804 8638
806 1211
813 3648
814 7063
817 2055
817 2999
817 8472
820 8402
820 9638
824 3522
824 4149
826 1012
827 2526
827 6162
827 8825
828 5498
828 7250
828 7317
829 1718
829 4019
834 2760
834 7341
834 9043
840 3731
840 5396
843 3267
844 4049
846 4864
846 8027
847 3030
847 3554
847 7145
848 1529
848 7636
848 8818
849 1247
849 1750
849 3963
849 5073
849 7613
851 1273
851 1670
851 7466
852 5207
852 7671
853 1905
853 3009
853 4616
853 7350
854 3578
854 3706
854 5760
854 6724
855 4254
855 6701
855 7641
857 6660
858 4120
859 1021
859 1737
860 2924
860 4066
860 4515
863 3646
863 4127
863 7735
864 7463
864 7918
866 2750
866 6795
866 7061
867 5464
868 2952
868 4607
868 4876
868 9029
869 1749
869 3259
870 5545
870 7872
872 9150
873 2934
873 6199
875 7649
876 1231
876 2283
877 2018
877 7975
878 5672
878 8876
878 9012
879 4167
879 9006
880 6575
880 7699
881 1022
881 3364
881 5499
882 3102
883 2488
884 1975
886 3267
887 902
887 8828
888 4286
889 2140
889 5845
889 6120
893 2379
893 5144
893 7448
894 7336
895 1927
895 2970
896 1205
896 7428
898 907
898 1221
898 7642
899 4559
899 8575
900 1258
900 2267
900 3001
900 7450
900 7498
900 7889
901 3000
902 2538
902 5165
902 6171
903 2752
904 3430
904 6153
905 1357
905 1911
906 3961
906 4185
906 6084
907 8900
907 9157
908 2441
908 6570
909 992
909 2314
909 4511
909 4885
909 5496
910 3746
913 4495
913 8849
914 6754
914 9035
915 952
916 2250
916 3453
916 3975
917 1131
917 7706
919 1097
919 3310
919 3620
920 2343
920 7100
920 7639
921 5743
922 9185
923 4011
923 5071
923 5398
923 6790
923 8436
923 8708
924 1113
924 2330
924 3622
925 8647
927 3304
928 1251
928 2314
928 8991
930 2930
930 3502
930 4467
930 7940
931 4017
932 5782
932 9036
933 3290
935 5116
935 8851
936 7950
937 2541
937 2591
937 2947
937 8881
938 1734
938 7171
938 8552
939 4099
939 4572
939 7671
940 6590
940 8428
941 2146
941 3085
941 5070
941 8018
943 1911
944 4375
944 6528
945 3220
945 6031
945 7261
946 8710
947 985
947 4131
947 7645
947 9043
952 5384
952 5397
952 7461
952 7891
952 7982
952 8863
953 3644
954 1325
954 4026
954 7918
955 4070
956 6591
957 3305
959 1569
959 2290
961 1721
962 1504
963 7072
964 2012
964 7063
965 7933
967 4394
967 8701
968 3923
968 6823
968 8434
969 3484
969 7088
969 8404
970 1000
970 4593
970 5492
971 6052
971 8486
972 4133
973 3740
973 3809
973 7922
974 1000
974 3748
974 3792
975 3590
976 5530
977 2542
977 3732
977 6563
977 7436
977 8553
978 8737
981 4611
981 8462
982 5931
984 8727
984 8940
984 8998
985 3632
985 3649
985 3995
985 6713
986 2243
987 1565
987 3364
987 5735
987 8800
989 1268
989 1360
989 1750
990 3815
990 5832
990 7892
992 2212
992 7121
993 4078
993 6716
994 1208
994 4215
994 7485
995 3591
995 3965
995 4081
995 8531
996 1475
996 3342
996 5369
996 6667
997 5101
997 7052
998 1698
998 2139
998 4085
998 4394
998 5201
998 8508
999 7349
1001 1030
1001 2262
1001 3735
1001 8520
1002 1342
1002 3358
1002 4421
1002 7658
1004 3701
1004 4477
1005 3751
1005 7439
1007 1379
1007 6741
1008 2318
1009 1113
1009 1249
1009 5370
1010 3559
1010 8450
1011 6706
1011 6752
1011 8518
1012 6218
1013 5742
1014 8979
1014 9037
1016 3706
1017 5368
1019 2962
1019 5759
1020 3586
1020 8878
1021 6824
1021 7693
1022 8526
1023 5001
1025 1335
1025 5847
1025 7877
1025 7896
1026 2543
1026 8893
1027 3043
1027 6738
1027 7080
1028 4257
1028 7048
1028 8431
1029 3291
1029 3604
1029 6194
1030 5838
1030 6674
1033 2579
1035 3538
1035 7530
1035 9199
1036 3265
1037 2930
1037 4150
1037 6570
1095 8884
1096 1250
1096 4571
1097 6049
1097 8819
1098 1263
1100 7654
1101 2590
1102 4880
1102 9215
1103 2400
1103 6803
1103 8959
1104 4186
1104 4420
1104 8612
1105 5497
1106 3971
1107 3924
1108 3522
1109 3690
1109 5735
1109 7447
1110 3538
1110 5759
1110 7460
1110 8513
1111 4462
1111 9200
1112 1366
1112 1744
1112 4008
1112 4495
1113 5782
1115 5368
1115 6810
1115 8600
1117 9006
1117 9015
1119 3313
1119 4062
1119 4413
1119 6144
1119 7958
1119 8560
1120 2935
1120 6779
1121 1123
1121 1173
1121 2975
1123 1199
1123 3948
1123 7109
1123 8544
1123 9182
1125 5490
1125 6745
1126 3614
1126 7432
1127 8428
1128 8841
1129 6722
1129 7143
1129 8835
1130 1680
1130 3742
1131 3695
1131 7639
1131 9711
1134 4558
1134 4869
1134 7878
1135 4052
1135 6058
1139 3240
1139 8744
1164 3504
1164 6782
1164 7975
1164 8827
1165 4176
1166 4164
1166 4638
1168 9710
1169 4567
1171 4126
1171 6571
1172 7501
1172 7880
1172 8036
1174 3612
1174 4569
1176 2586
1176 7525
1178 2483
1178 4852
1181 1750
1181 3035
1185 5983
1185 6603
1185 7158
1185 8391
1185 8980
1187 2185
1187 8556
1187 9018
1188 5945
1189 1351
1190 2544
1190 6710
1190 8984
1191 1504
1191 1997
1191 4107
1191 7861
1193 3318
1193 3805
1193 6626
1193 7256
1193 8541
1195 4146
1196 2994
1196 5356
1196 6597
1197 2282
1199 1832
1200 3356
1203 2763
1203 3033
1203 9011
1204 1218
1204 9148
1205 3180
1205 5486
1205 8453
1206 3734
1206 3966
1206 6671
1207 2765
1207 6785
1209 4284
1209 7723
1210 4523
1210 5782
1212 5946
1212 7628
1213 2523
1213 7726
1215 4564
1215 7115
1215 8610
1216 7923
1217 4105
1217 4106
1217 7690
1220 5838
1221 4139
1221 4309
1221 6809
1221 8457
1221 8721
1223 4482
1223 6592
1226 3802
1226 4274
1226 8577
1227 2018
1227 2552
1227 4236
1227 7084
1227 7251
1231 4138
1232 7614
1233 2052
1233 3451
1233 4612
1233 9151
1234 3909
1236 1948
1236 3021
1236 7956
1238 2040
1238 6603
1240 2315
1240 6201
1240 7084
1241 1342
1241 3446
1242 4299
1242 6679
1242 7152
1243 1349
1243 5252
1245 3543
1245 6796
1245 7924
1246 3991
1246 5462
1246 9770
1247 2335
1247 2577
1247 2975
1247 8435
1247 8497
1249 3345
1249 3521
1249 5506
1249 6771
1249 7158
1249 7937
1249 8521
1249 9029
1250 3011
1250 8418
1251 4858
1251 4874
1251 7871
1252 7485
1253 3541
1253 7630
1253 9007
1254 9193
1255 2082
1255 2966
1255 8860
1258 4039
1258 4888
1258 4941
1258 5366
1258 6145
1260 6679
1260 9162
1261 3844
1261 4375
1261 5822
1263 3528
1263 4461
1263 4574
1263 5495
1266 3180
1266 3350
1266 4108
1266 6014
1266 8801
1266 8870
1267 3532
1267 4375
1267 4397
1267 6006
1268 8569
1269 2240
1269 6180
1269 7859
1270 1316
1270 6637
1270 7498
1270 8460
1270 9030
1272 7092
1272 8885
1273 2146
1273 7892
1275 2952
1275 8735
1276 1414
1276 3325
1276 3845
1276 5093
1276 6799
1279 1340
1279 5921
1279 5983
1279 7092
1279 8835
1280 7931
1281 3963
1281 8404
1297 2763
1297 5988
1297 7883
1297 9638
1298 4231
1298 8468
1299 3741
1299 4499
1299 8550
1300 3442
1300 8460
1301 1772
1301 2023
1302 2301
1302 3459
1303 7496
1304 2309
1304 3459
1304 7926
1307 5073
1307 6707
1307 8411
1308 7935
1308 8970
1311 6212
1311 6650
1311 6659
1312 8485
1314 7928
1315 3354
1315 3542
1315 7164
1315 7498
1316 4547
1318 6659
1318 8496
1321 1929
1321 3809
1321 6623
1325 4189
1325 4639
1325 5356
1328 1750
1328 5835
1329 1473
1329 3889
1331 1680
1331 2140
1331 4574
1334 1969
1334 3602
1334 4463
1334 6666
1334 7171
1334 8983
1335 1922
1335 3572
1335 3608
1335 6012
1336 7047
1336 9153
1337 1569
1337 2949
1337 3555
1337 3697
1338 1371
1338 1790
1339 3541
1339 4170
1339 5398
1339 8470
1339 8826
1340 5166
1340 8826
1341 4099
1341 7848
1341 8877
1344 2758
1344 3030
1344 4883
1344 4982
1344 7879
1344 8599
1344 8887
1345 2421
1345 8969
1346 2403
1346 4018
1346 4418
1348 3281
1348 5705
1348 7456
1348 8908
1350 2533
1350 5109
1350 5523
1351 1938
1352 1910
1352 7151
1352 7633
1353 3606
1354 5545
1354 7160
1356 3311
1356 5084
1358 2450
1358 3633
1358 8569
1359 1736
1359 6746
1360 1722
1360 6198
1360 7976
1360 8435
1361 6093
1362 4416
1362 8578
1363 5382
1363 7105
1364 2488
1364 7114
1365 6813
1366 3619
1367 6204
1368 3024
1368 3851
1371 3990
1371 6822
1371 7982
1372 6079
1373 2544
1373 2592
1377 4315
1377 4493
1377 7905
1377 8438
1378 2953
1378 7857
1379 7155
1379 9015
1380 4052
1380 5107
1380 6005
1380 7649
1384 1977
1384 8780
1385 5533
1386 4558
1386 6637
1386 7650
1392 6646
1392 7351
1392 8996
1397 5912
1397 6231
1397 7757
1399 2160
1410 3795
1410 7141
1411 2758
1411 5975
1463 7143
1463 8484
1465 5949
1466 3644
1466 7896
1475 3902
1475 4573
1478 1930
1478 3730
1478 5152
1482 1752
1482 2153
1495 1775
1495 6753
1496 3479
1497 6571
1497 8894
1503 3582
1503 3717
1503 7670
1514 7148
1515 7918
1517 8881
1522 3287
1526 4886
1526 7103
1529 3291
1529 3833
1529 3975
1529 7695
1539 7152
1539 8980
1540 3502
1541 4491
1554 2981
1554 4545
1554 8834
1560 7335
1560 7697
1564 8643
1565 1790
1565 2535
1565 2538
1565 3056
1565 5101
1565 7044
1565 8949
1568 2095
1569 7699
1569 9019
1569 9218
1570 4059
1668 3474
1669 4097
1669 7465
1669 7715
1672 8726
1673 6833
1673 8556
1675 2930
1675 6015
1677 4192
1677 7895
1677 8036
1678 3298
1680 3449
1681 4160
1681 6801
1682 4253
1682 5672
1683 3456
1683 5382
1684 4000
1684 4114
1686 4262
1686 5486
1686 9192
1687 4890
1687 6003
1687 6715
1688 3943
1688 5157
1689 6073
1689 7972
1689 8648
1690 2051
1691 2337
1691 4878
1691 5907
1692 4051
1694 4177
1694 4560
1694 5084
1694 8407
1695 3293
1696 3334
1696 6606
1698 3787
1698 5759
1698 6083
1699 4192
1699 7935
1700 7525
1701 2956
1701 3296
1701 5070
1705 7735
1705 7873
1706 3831
1709 4206
1709 5366
1709 7877
1710 4026
1710 5750
1710 8958
1711 2132
1711 4395
1711 6753
1711 7896
1711 8592
1714 3522
1714 3561
1714 4262
1714 7171
1714 9042
1717 4146
1717 6685
1717 7851
1717 7920
1718 3034
1718 5867
1719 7058
1721 2476
1721 3334
1722 4401
1722 6040
1722 7724
1722 8502
1723 5950
1723 7902
1731 3420
1731 6625
1731 7072
1733 2999
1734 7069
1734 8993
1737 8484
1738 3330
1738 7496
1739 3180
1740 2009
1740 6528
1740 6656
1744 3470
1744 3671
1744 4873
1745 2491
1745 4136
1748 5713
1748 7152
1749 3558
1750 7049
1751 3537
1751 6565
1751 7904
1752 6703
1772 2447
1772 7482
1773 5783
1773 5784
1775 2963
1779 3582
1779 7626
1790 2012
1790 6633
1790 8832
1805 1808
1832 5723
1832 8006
1833 3980
1843 3038
1843 4068
1843 4486
1881 3997
1881 5085
1881 7076
1886 3043
1886 3581
1886 7122
1898 4398
1898 5021
1898 7138
1899 3414
1899 3973
1899 4857
1899 6830
1901 2488
1901 6770
1905 3524
1905 5518
1908 6199
1909 7043
1909 8760
1910 3564
1910 3696
1910 5540
1910 6143
1911 8395
1912 4395
1913 7848
1913 8895
1920 3293
1920 5167
1924 3001
1929 8556
1930 4092
1930 5017
1932 2294
1932 8603
1933 3605
1933 8966
1934 4056
1934 4202
1934 7087
1935 4291
1935 4391
1935 7083
1935 8900
1935 9005
1936 5840
1936 8984
1937 2934
1937 3583
1937 6186
1937 6574
1938 7061
1941 3809
1948 6741
1950 3578
1950 3973
1950 4082
1950 4375
1950 6211
1950 7070
1952 7918
1952 8647
1952 8731
1954 3962
1954 4096
1954 7513
1956 4250
1957 7707
1958 2476
1958 7358
1959 4164
1959 4573
1959 6564
1960 6127
1960 6688
1960 8606
1962 2394
1962 3648
1966 2587
1966 4078
1966 7047
1968 2592
1968 4994
1969 3813
1969 3829
1970 6829
1971 3406
1971 7689
1971 7923
1971 8406
1971 8431
1971 9006
1972 4553
1972 7482
1973 8953
1974 2262
1974 7360
1975 3731
1976 2155
1976 3856
1976 5162
1976 5750
1976 7523
1976 7528
1977 3959
1977 9667
1978 8523
1979 2005
1979 6075
1979 6206
1981 2932
1981 6744
1997 3435
1997 7063
1998 3407
1998 4226
1999 2753
1999 4315
2000 3814
2000 4096
2000 5762
2003 4460
2003 7119
2003 8823
2004 4395
2005 2977
2005 6567
2005 9683
2007 7908
2012 6162
2013 2534
2013 3741
2013 5168
2014 3228
2014 8485
2015 4609
2015 6805
2015 8021
2018 2416
2018 5101
2018 5487
2021 8427
2021 8895
2022 3057
2023 5713
2024 3445
2024 5743
2024 7732
2025 2551
2025 9209
2026 6804
2027 2516
2027 3831
2027 4456
2028 4032
2028 8532
2029 4236
2029 4545
2029 6778
2029 8432
2030 3996
2030 5002
2040 6703
2040 7716
2045 4472
2045 6798
2045 7148
2046 4852
2046 9016
2048 3025
2048 6812
2049 6814
2049 7921
2049 8594
2052 8613
2053 5112
2053 6818
2053 7527
2053 8649
2054 2077
2054 3355
2055 2304
2056 3360
2056 5973
2056 6634
2065 6629
2067 8834
2068 3806
2068 7690
2069 2574
2069 5552
2071 8522
2072 7881
2074 8546
2077 3902
2078 3559
2078 4205
2079 8401
2079 8880
2082 6763
2082 7864
2082 8454
2082 8961
2084 7528
2084 8606
2086 4105
2086 6045
2091 3668
2096 2270
2096 3760
2096 8010
2098 3802
2098 8992
2099 3479
2100 4875
2100 5739
2100 7432
2103 2170
2103 6723
2103 6730
2103 8890
2138 5715
2138 7654
2139 4851
2139 6765
2139 7151
2140 6593
2142 4050
2143 3056
2143 7066
2144 4422
2144 5749
2144 7931
2145 2284
2145 7063
2145 7082
2149 3421
2151 4232
2153 3570
2153 4154
2155 7661
2156 7374
2156 8409
2157 2932
2157 2943
2157 3240
2157 4050
2157 4573
2157 7049
2157 8452
2158 3283
2160 7738
2163 3313
2163 5950
2164 7959
2170 6764
2172 4472
2172 8594
2180 3476
2180 8639
2185 3303
2187 5180
2212 5987
2212 7653
2214 6199
2214 8909
2217 3475
2219 8652
2220 3792
2220 6093
2225 6562
2230 5483
2230 6805
2231 4104
2231 4515
2231 7471
2232 8780
2238 2972
2238 7113
2240 5017
2241 4133
2243 3062
2245 2262
2245 4137
2245 9652
2247 8593
2247 8892
2249 5909
2249 7906
2250 7541
2250 8431
2250 8536
2250 8987
2251 8472
2252 4886
2258 2438
2258 7734
2261 3441
2261 7625
2263 3622
2263 4892
2263 8600
2264 3514
2266 5809
2266 6807
2267 6010
2268 4044
2270 2284
2270 4467
2270 6659
2271 8966
2272 5711
2272 5760
2272 7194
2276 4186
2276 7981
2278 6711
2281 3310
2281 3755
2281 7317
2281 7555
2282 4212
2282 8963
2283 4313
2284 7161
2284 8727
2284 9002
2288 5681
2289 4277
2289 4477
2289 9166
2290 4607
2290 7360
2293 8456
2294 3700
2294 4149
2294 6835
2296 7711
2301 5479
2301 8853
2302 3443
2303 3124
2303 4105
2304 2315
2304 3033
2305 4173
2305 6003
2309 6030
2309 6678
2315 3043
2315 3631
2315 8864
2316 3789
2316 3815
2317 6682
2317 8936
2318 3340
2318 4004
2318 4113
2319 3582
2320 8454
2321 5724
2321 7741
2330 6204
2330 7526
2333 8552
2335 4399
2335 5979
2335 6010
2335 6211
2335 8019
2336 4521
2336 7068
2337 6675
2337 7853
2338 5356
2341 2429
2342 3287
2342 3528
2342 6584
2342 7931
2342 8484
2343 6083
2343 8888
2345 5106
2345 7120
2351 8406
2351 8529
2355 4167
2355 7144
2355 8957
2356 3489
2365 8983
2366 3991
2366 4079
2378 3438
2378 6093
2379 2750
2379 3489
2380 7885
2391 3358
2391 3644
2391 6574
2395 6587
2395 7909
2396 6671
2400 8652
2401 2933
2401 3966
2401 4276
2401 6584
2401 9044
2406 5840
2406 9782
2409 4033
2412 7699
2415 3349
2415 7686
2416 5109
2416 6831
2418 4401
2418 7325
2418 8828
2419 6768
2419 7242
2421 6688
2427 4420
2429 2951
2429 3634
2429 7093
2430 6523
2430 6718
2436 3660
2436 6698
2436 7639
2436 7684
2438 3650
2438 3696
2438 4499
2441 5975
2441 8558
2441 9039
2442 3022
2442 7087
2442 7721
2442 8499
2442 8899
2447 6773
2447 9782
2451 5785
2454 4039
2473 5066
2476 4201
2476 4509
2477 3930
2480 2481
2482 2944
2482 5000
2482 6568
2482 7250
2482 7868
2483 4862
2483 5819
2483 7891
2484 2531
2484 7087
2484 7139
2485 8458
2486 3969
2486 6613
2486 7157
2487 4051
2487 6611
2488 2995
2488 4504
2489 7862
2489 7903
2491 2523
2491 5945
2510 6206
2510 8413
2513 5363
2513 8997
2514 2523
2514 3638
2515 2591
2515 4280
2515 5073
2515 9208
2516 3344
2516 4857
2516 6810
2516 8966
2518 5165
2521 7348
2522 4043
2522 5089
2522 7904
2523 5945
2523 7666
2526 3558
2526 4892
2526 6029
2526 6207
2526 7453
2527 4188
2527 8455
2527 9149
2528 7661
2531 3542
2531 5875
2531 9017
2532 6722
2532 7247
2532 7458
2533 2580
2536 3240
2537 4825
2538 3586
2538 5365
2539 7111
2540 4106
2541 4084
2542 7355
2543 3443
2543 6631
2543 8542
2544 4639
2544 8737
2544 8840
2545 5521
2545 5785
2545 9207
2546 6762
2546 9195
2547 3616
2547 3811
2547 6169
2548 9887
2549 3522
2549 6632
2552 7142
2573 3578
2573 3758
2573 4089
2574 4861
2574 4892
2574 7610
2575 5089
2575 5835
2576 6120
2576 6680
2577 5843
2579 4876
2579 5379
2579 8842
2580 7904
2580 8999
2581 4105
2582 8854
2583 2928
2583 3150
2583 3619
2583 7324
2586 2926
2586 3035
2586 3788
2587 3433
2590 3466
2590 3588
2590 7523
2591 3801
2593 2949
2593 6044
2634 2651
2663 2668
2750 3457
2750 4395
2750 7921
2750 8397
2751 4215
2751 4542
2752 7092
2753 7357
2754 7088
2755 3691
2755 7631
2756 3833
2757 6633
2757 8484
2759 8852
2760 4052
2760 8954
2761 4942
2761 8397
2762 6803
2763 6660
2764 6813
2767 3551
2767 4501
2767 6636
2767 7358
2768 5382
2769 6765
2770 5728
2811 2816
2867 2880
2920 5821
2921 2935
2921 7662
2924 4479
2924 4989
2924 7903
2925 2998
2926 3475
2926 4182
2927 4311
2927 4574
2927 6062
2928 5359
2928 5370
2929 3049
2930 2969
2930 6802
2931 3584
2931 7708
2931 8509
2932 3325
2932 7111
2933 6583
2933 7715
2934 8453
2935 3549
2936 6620
2936 6840
2936 8985
2938 7153
2938 8458
2940 3546
2940 6803
2940 8997
2940 9217
2941 7705
2942 8572
2943 2947
2943 3009
2943 4009
2943 8877
2946 3736
2946 6764
2946 7448
2947 6134
2947 8648
2950 6637
2950 8962
2951 3436
2951 4189
2951 8819
2952 5986
2952 6575
2953 6699
2954 6196
2955 4971
2956 4135
2957 4025
2959 7898
2960 4482
2960 5912
2960 7509
2962 6217
2962 8453
2963 3055
2963 9770
2965 4268
2966 8900
2967 4279
2967 8855
2968 6701
2971 4004
2971 8996
2972 5672
2972 6718
2976 4894
2976 6144
2977 3296
2979 5808
2980 7256
2980 7923
2985 3972
2986 6760
2991 3802
2991 4391
2991 6134
2991 7069
2994 3469
2994 6052
2996 3350
2996 8034
2997 9195
2998 5844
2999 3336
3000 4501
3000 6649
3001 4467
3002 3312
3002 3343
3002 3583
3002 3806
3004 3220
3005 4134
3005 7071
3006 7677
3007 7943
3008 3028
3008 4256
3010 7897
3011 4115
3011 4561
3011 8735
3012 6014
3013 7861
3015 6761
3016 6044
3017 8955
3018 7615
3018 7728
3021 8816
3022 3440
3022 7075
3022 8512
3022 8741
3023 5486
3023 6039
3023 8547
3024 3603
3024 8463
3025 4885
3025 5165
3026 3694
3026 4408
3027 3647
3028 3299
3028 4175
3028 5965
3028 7374
3029 3049
3029 5378
3030 9668
3033 9205
3035 6209
3036 6565
3036 8854
3038 4876
3041 6764
3041 7149
3041 7915
3042 4122
3042 6231
3042 8728
3042 8946
3044 8412
3045 6048
3046 3599
3046 3917
3046 5872
3046 6659
3046 7252
3046 9047
3048 7124
3050 4201
3051 4623
3051 6828
3054 3406
3055 6195
3058 3674
3058 7329
3059 7646
3061 8394
3061 8423
3062 3650
3062 3971
3062 4112
3085 3630
3085 4486
3085 5877
3085 5981
3102 5088
3102 8707
3124 6811
3139 4035
3139 9681
3150 7689
3150 7730
3163 5547
3163 5867
3180 7358
3180 8652
3209 8512
3214 3218
3220 9153
3220 9214
3239 3635
3240 8612
3255 5919
3256 7861
3258 8867
3260 5362
3260 7694
3260 8577
3261 4023
3261 8823
3264 3680
3264 4865
3265 3406
3265 5364
3266 4543
3266 5710
3266 7095
3266 7610
3268 3714
3268 9887
3269 5000
3270 6794
3270 8028
3278 6130
3278 9008
3278 9028
3279 6828
3279 7720
3281 7364
3283 3671
3283 6130
3284 3995
3286 6714
3287 7457
3287 7521
3287 8031
3288 3315
3288 3803
3288 4417
3288 6132
3288 8496
3289 4481
3290 3566
3290 7454
3292 6766
3292 6775
3293 6611
3293 7653
3294 8740
3295 7704
3297 7889
3297 8446
3298 4108
3298 4465
3298 6725
3299 5825
3299 7362
3303 3328
3303 6629
3303 7243
3304 6003
3304 6062
3310 4205
3310 4566
3311 7671
3311 8864
3313 5144
3313 5706
3315 3759
3315 9020
3315 9656
3316 4429
3316 6617
3317 5082
3318 3438
3319 4501
3319 4512
3319 6207
3323 8033
3325 6201
3325 6602
3329 6159
3329 6232
3329 8410
3330 4496
3330 5512
3331 4465
3333 3917
3334 7953
3336 3533
3338 3795
3338 4167
3338 6560
3338 6779
3338 6796
3339 4020
3340 3735
3341 6051
3341 6635
3341 7631
3341 8982
3342 8882
3343 6696
3343 7630
3344 4084
3344 8521
3345 3574
3345 6201
3347 3368
3347 3603
3347 7893
3348 6145
3349 7359
3349 8438
3350 7120
3350 7253
3352 6041
3353 4052
3353 7048
3354 4012
3354 8548
3355 3457
3355 4105
3356 6827
3356 6838
3357 3615
3357 6617
3357 7086
3358 4612
3360 5523
3360 6139
3360 6203
3361 4010
3361 6617
3361 7114
3362 5917
3363 3737
3363 4489
3364 3569
3364 4022
3368 6145
3368 7165
3369 4406
3391 4825
3391 8955
3405 4394
3405 7428
3407 3936
3408 8488
3408 8639
3409 7630
3410 7335
3410 7475
3411 9195
3412 8539
3413 4256
3413 8955
3414 3478
3414 4495
3420 4064
3422 4982
3422 7462
3422 8469
3423 4147
3424 4893
3424 7052
3424 7658
3425 4571
3425 7110
3427 4069
3427 5502
3427 7526
3428 6001
3430 7670
3431 4891
3432 4130
3432 4259
3432 5089
3433 6832
3434 4056
3434 4159
3434 4234
3434 7850
3434 8030
3434 8413
3435 7466
3436 8547
3437 6040
3439 4260
3439 7704
3441 5372
3441 5539
3441 5673
3441 7345
3442 3703
3442 7094
3444 5809
3445 5713
3445 8021
3446 4413
3449 4106
3450 5348
3451 3525
3451 3948
3451 8565
3452 8975
3452 9147
3453 3594
3453 5982
3453 6832
3454 6821
3455 3557
3457 5911
3458 4188
3458 5849
3458 8828
3459 7361
3459 8438
3460 4223
3460 4552
3461 7530
3461 8032
3462 5817
3462 8986
3463 4123
3463 4254
3464 5358
3466 4104
3466 7449
3467 7151
3467 7884
3467 9153
3469 5855
3469 7473
3470 4465
3471 4161
3471 4473
3471 6185
3474 3695
3474 7908
3475 7907
3475 7913
3476 3595
3476 5673
3479 8025
3481 4556
3482 4000
3482 8962
3482 9650
3483 7110
3483 7171
3484 7345
3484 8846
3486 3680
3486 6724
3487 5676
3487 6128
3488 5349
3488 5483
3488 5808
3488 8803
3489 6762
3490 6146
3490 7704
3491 7905
3496 3714
3496 7045
3502 7243
3503 3544
3503 5003
3503 5103
3504 4165
3504 5841
3504 6825
3514 7361
3514 7661
3514 9164
3518 4457
3518 6702
3518 7086
3520 9681
3521 3752
3524 5210
3524 7151
3525 3789
3525 4315
3525 6217
3527 8647
3528 6685
3528 8588
3529 4426
3529 5085
3529 6194
3531 7162
3531 7957
3531 8404
3531 9202
3532 9147
3534 3997
3535 5200
3536 8637
3537 4413
3537 6084
3537 7078
3537 8545
3538 4590
3538 8947
3539 4871
3539 6199
3539 6769
3540 3874
3540 6667
3541 6743
3542 5382
3542 5523
3545 5165
3545 8963
3547 4268
3548 7556
3549 4027
3551 3792
3553 5695
3553 7448
3553 7754
3553 8495
3553 8585
3555 5912
3556 8503
3557 7073
3557 8525
3558 7853
3558 8728
3560 6195
3561 6052
3561 7110
3562 7520
3562 7627
3564 7351
3564 7720
3564 7969
3565 3613
3565 8455
3566 6216
3566 6679
3566 6832
3567 4469
3567 7485
3567 8054
3568 3589
3568 4105
3568 7660
3569 7851
3570 5755
3570 6767
3571 3703
3572 6050
3572 6720
3572 7101
3574 3787
3574 8493
3575 3803
3576 4064
3576 9167
3577 3596
3577 5168
3578 3996
3579 4401
3579 7464
3580 6056
3580 9637
3581 7977
3582 8031
3582 8424
3583 3943
3583 7860
3585 4069
3585 7454
3586 4380
3586 7893
3587 8642
3588 5353
3588 6205
3589 5621
3591 5350
3595 5513
3595 6736
3596 4574
3596 7956
3597 4050
3597 4177
3597 6795
3597 8463
3597 8565
3600 3969
3600 4567
3600 6716
3601 6670
3601 7909
3601 8460
3602 8054
3603 6810
3605 3989
3606 3608
3606 4095
3607 4231
3607 8525
3607 8565
3607 9639
3608 5531
3608 6210
3609 5538
3609 8401
3610 7362
3611 5812
3611 7371
3612 7933
3612 7950
3614 8873
3616 8734
3617 3714
3617 3802
3617 6766
3617 8966
3617 9680
3618 8391
3619 4081
3620 8565
3621 6816
3622 6131
3625 6790
3625 8481
3629 7686
3631 3962
3631 6094
3632 4403
3632 6049
3633 3719
3634 5984
3634 9039
3635 4165
3635 7349
3635 7633
3635 7982
3635 8535
3635 9160
3638 4180
3638 6212
3640 4405
3641 3820
3644 8019
3645 9782
3646 6812
3647 7861
3647 8740
3648 8852
3649 4220
3649 4542
3649 7045
3649 8558
3649 9008
3650 5348
3651 5549
3657 4150
3657 4473
3662 7916
3664 4274
3665 3702
3666 8485
3666 8720
3667 4291
3667 6683
3667 6687
3673 7629
3675 3733
3675 8575
3677 5200
3677 6076
3677 6190
3677 6208
3677 8539
3680 3916
3680 4890
3680 6745
3680 8899
3681 4029
3681 5952
3681 8729
3681 8999
3682 5736
3684 5358
3684 5790
3687 6650
3689 4462
3689 5347
3689 7161
3689 8430
3690 4398
3691 7348
3691 7356
3692 5816
3693 4404
3693 8504
3694 8863
3696 4141
3696 7505
3696 7909
3696 8608
3697 6837
3698 5943
3700 4173
3701 7889
3701 8643
3702 4004
3703 6659
3703 7105
3703 9147
3704 3806
3704 5754
3705 5782
3705 7945
3706 5920
3706 8492
3713 7676
3717 3753
3717 6801
3717 7958
3719 4207
3719 6601
3719 8473
3721 5760
3723 4219
3723 4603
3723 6588
3723 7254
3723 8407
3724 4885
3724 6201
3725 7657
3725 8497
3725 8704
3726 4028
3730 3820
3730 7898
3731 8741
3733 6080
3734 8032
3736 6773
3736 8599
3737 5965
3738 5066
3738 5370
3740 6193
3741 8427
3742 5088
3742 6045
3743 4044
3743 7863
3745 8950
3747 5462
3747 8017
3748 5710
3748 7237
3749 5075
3749 5106
3749 7149
3749 7328
3750 6831
3751 3963
3751 8465
3752 7880
3755 8427
3755 8477
3756 3856
3756 7924
3756 9637
3759 3802
3759 8431
3760 3889
3760 7976
3761 7242
3761 8450
3762 6199
3762 6812
3762 9638
3763 8644
3786 7956
3788 4860
3789 4299
3789 9022
3790 7358
3793 6799
3793 8893
3794 4980
3795 5178
3795 5506
3795 5852
3795 8529
3800 5980
3800 9004
3801 6149
3801 6580
3801 6715
3801 7338
3801 8846
3801 8951
3803 4883
3803 8611
3804 7643
3805 7486
3806 7358
3807 4096
3807 4479
3807 7448
3807 7735
3807 7984
3808 4423
3808 4502
3809 4988
3809 5729
3811 8533
3812 4099
3812 7618
3813 8954
3814 7949
3818 6076
3819 7732
3829 3919
3829 6149
3829 8500
3829 8879
3831 8873
3833 7690
3834 4538
3834 6628
3834 6694
3845 8022
3845 8488
3847 7500
3847 9679
3851 3965
3873 4099
3902 5486
3909 4156
3909 8996
3911 4523
3911 6812
3916 4179
3916 5837
3916 6736
3917 6809
3919 4492
3919 7923
3921 4482
3921 5551
3923 4077
3923 4091
3923 4214
3924 7957
3938 4544
3939 5755
3943 8882
3945 5382
3947 6569
3948 6636
3958 4571
3958 5355
3959 7095
3959 7956
3961 5116
3961 5972
3962 4892
3963 7151
3964 4213
3965 4217
3965 4264
3965 4467
3965 5827
3965 6161
3966 5742
3969 4062
3969 7637
3971 3986
3971 8437
3973 4596
3974 4558
3974 4825
3974 6120
3975 4070
3975 4117
3975 6628
3986 4500
3986 7456
3986 7624
3989 4604
3993 6712
3993 7371
3994 5395
3994 6781
3995 6667
3996 7139
4000 7647
4000 8460
4001 4065
4001 7199
4003 6014
4003 8029
4004 6201
4004 7713
4005 4182
4005 8714
4006 8030
4006 8983
4007 8948
4009 4424
4009 8829
4010 7526
4010 8522
4011 5206
4012 4407
4012 5112
4012 8517
4013 9186
4015 6612
4017 4261
4018 8436
4019 4293
4019 8635
4020 5084
4021 5137
4021 7430
4021 7487
4021 9215
4023 5000
4023 5676
4023 6655
4023 9196
4025 6768
4025 7716
4025 9185
4026 6661
4027 7099
4027 8514
4027 9031
4028 6208
4028 8006
4028 8734
4029 4118
4029 5120
4029 6790
4031 7877
4031 8532
4033 8423
4033 9165
4034 4941
4034 5790
4034 6743
4035 7351
4038 6191
4039 4051
4039 5353
4039 6190
4040 4151
4040 8844
4041 5358
4041 8524
4041 8636
4043 7051
4046 8705
4047 8394
4048 8400
4048 8968
4049 5692
4049 7920
4049 8498
4049 8560
4050 6207
4051 4087
4051 8703
4052 4468
4052 8394
4053 4188
4053 6752
4053 7471
4053 8739
4056 8654
4057 6190
4058 5484
4058 7541
4058 8951
4059 6646
4059 8431
4061 5759
4061 7756
4062 5508
4062 8404
4063 7625
4065 4259
4068 7088
4070 4394
4070 5943
4070 6607
4070 8550
4076 5112
4076 5121
4076 7167
4076 7861
4076 8561
4077 7437
4080 4091
4082 9888
4084 6784
4084 7922
4084 8514
4085 8834
4086 6712
4086 7076
4088 4178
4090 7438
4090 8481
4091 9034
4092 6006
4093 7427
4093 8987
4094 8560
4095 8835
4096 4398
4098 7143
4098 7375
4099 5181
4099 7090
4099 7717
4100 5840
4100 5977
4107 4161
4107 6637
4107 7664
4108 4175
4108 6201
4110 5479
4110 7369
4111 8977
4113 6835
4114 7155
4114 8966
4115 4865
4115 5103
4115 7735
4115 8569
4115 8743
4116 5436
4116 7166
4117 5386
4117 7889
4117 9168
4119 4215
4121 4856
4121 8546
4122 4567
4122 7913
4123 4519
4123 5539
4124 8459
4125 5974
4125 7651
4125 8642
4126 6675
4127 8715
4128 6817
4128 8420
4129 7656
4130 9004
4131 8987
4132 5999
4132 7674
4132 7745
4134 5753
4134 6669
4135 6030
4135 6044
4135 7656
4136 4612
4136 6696
4136 8590
4140 4232
4140 4590
4140 7959
4141 4857
4144 5153
4144 7164
4144 7962
4146 5676
4147 4611
4147 5623
4147 6598
4147 6730
4148 6830
4150 7704
4151 8596
4151 8900
4153 7757
4155 7120
4157 6142
4157 6758
4157 7500
4157 7612
4157 8606
4159 7912
4160 4983
4160 7947
4161 6230
4161 7935
4164 6728
4164 7044
4165 4202
4166 4545
4166 8881
4166 9782
4170 7884
4173 9656
4175 6048
4176 7077
4177 4854
4177 6647
4178 7114
4179 5620
4180 7680
4183 5462
4183 7630
4183 7932
4185 8707
4186 7041
4187 7058
4187 7120
4188 8445
4188 8800
4189 4462
4193 9650
4194 5533
4194 7689
4194 9200
4195 7119
4195 8525
4199 7090
4201 8445
4206 6690
4207 4212
4207 5823
4208 4215
4209 6668
4211 4506
4211 7081
4211 7643
4212 6731
4214 7257
4216 4871
4217 4555
4218 7075
4218 7330
4218 8655
4220 5973
4221 6149
4221 7713
4224 7168
4224 8542
4224 9165
4225 5922
4225 6677
4225 8432
4226 4565
4226 6618
4227 6572
4228 4297
4230 7700
4230 8633
4231 4255
4231 7149
4231 8610
4232 4517
4233 4638
4233 7335
4234 4265
4234 4278
4234 5556
4235 5579
4237 5951
4237 7248
4249 5201
4251 5348
4251 7362
4251 8505
4251 8570
4252 4423
4252 5790
4252 5911
4252 7897
4252 8427
4253 5497
4253 9195
4254 7153
4254 7713
4254 7720
4254 8543
4254 8744
4255 4419
4256 5972
4256 8573
4257 8496
4259 5676
4259 7113
4262 7724
4262 8739
4263 7980
4264 5085
4265 7753
4266 6592
4266 8907
4267 9047
4268 6588
4268 6661
4268 8605
4269 8502
4270 6776
4270 6821
4271 5968
4274 8570
4274 8973
4275 4886
4278 5137
4279 7665
4279 9158
4280 7871
4283 9044
4287 7124
4290 5844
4290 6149
4290 6691
4291 6763
4291 7103
4293 6026
4294 7613
4294 8417
4295 5783
4295 8855
4296 5824
4296 5973
4298 8492
4298 8634
4306 4610
4306 7609
4306 7646
4308 7100
4309 6811
4309 7918
4311 7698
4311 8816
4313 5737
4313 8477
4313 8777
4314 9030
4315 8973
4316 6688
4374 6679
4374 8880
4374 9005
4376 7345
4376 8417
4378 5985
4378 7260
4378 9637
4379 6839
4379 8548
4381 7113
4391 5123
4391 6196
4391 7351
4392 8701
4392 9189
4394 7122
4394 7919
4395 7116
4396 4546
4399 4574
4401 4454
4401 4547
4401 5875
4401 6675
4401 8636
4402 7526
4402 8950
4404 4869
4404 5381
4405 5821
4408 4988
4410 7499
4411 5914
4413 5750
4413 7679
4414 8838
4415 8479
4416 4567
4416 8707
4417 6607
4418 6079
4418 7342
4419 5086
4420 7501
4423 9035
4424 8743
4427 7972
4427 8577
4428 5161
4429 5548
4430 6095
4430 6192
4454 5836
4455 8504
4456 6161
4456 7069
4458 7927
4460 9200
4461 7065
4461 7641
4461 8480
4462 6630
4463 6191
4463 7337
4463 7948
4464 4634
4464 5396
4465 6675
4465 7060
4465 7686
4466 7489
4468 8600
4468 8728
4468 9888
4471 6602
4471 8975
4472 5200
4473 4565
4473 6781
4477 5200
4477 9193
4478 7885
4479 4618
4479 6633
4480 4942
4480 7254
4481 8957
4483 5949
4483 6653
4483 9004
4483 9192
4485 7885
4486 6598
4486 8412
4486 8534
4487 9682
4488 8706
4489 6127
4491 7057
4492 7110
4492 7719
4492 8708
4493 6630
4493 7906
4495 7074
4496 6567
4497 5712
4497 5967
4497 7349
4499 6000
4502 8419
4503 7721
4504 5115
4504 7235
4504 9187
4505 6694
4507 7500
4507 7923
4507 9020
4510 5787
4511 5017
4511 5484
4512 7094
4513 8544
4517 9201
4521 6699
4524 5085
4526 9006
4528 6607
4528 7048
4530 8483
4532 5370
4533 6828
4534 6230
4534 7728
4534 8725
4535 6591
4541 7139
4542 5725
4544 5791
4544 7073
4545 6206
4545 7608
4547 5152
4547 5950
4547 7363
4550 6217
4550 7159
4551 5854
4553 8760
4556 5505
4557 8473
4559 8404
4559 9676
4560 9042
4561 7062
4564 7731
4564 9046
4564 9782
4565 5948
4566 6746
4566 7627
4568 7927
4569 8853
4571 6198
4571 6219
4573 6014
4573 7357
4573 7884
4574 8977
4574 9651
4589 4979
4589 7728
4590 8728
4593 8823
4594 4890
4594 7101
4594 8015
4596 7683
4596 8601
4597 8458
4603 9668
4604 6186
4605 7933
4606 7156
4607 6219
4609 5753
4609 8031
4613 8986
4614 7681
4615 7194
4615 8037
4616 8912
4618 7091
4623 7809
4638 6826
4773 4814
4822 5088
4822 5849
4822 8422
4823 8968
4825 7649
4853 8430
4853 8500
4854 6016
4856 4987
4856 7086
4856 7700
4856 8421
4857 7485
4857 8482
4859 5001
4859 6203
4859 6699
4859 8832
4859 8838
4861 8999
4862 9181
4865 7885
4866 5784
4867 5809
4868 8581
4869 5740
4870 5020
4870 8468
4871 6601
4871 8968
4873 5908
4873 7677
4873 8519
4873 8826
4873 9028
4876 6768
4876 7645
4878 5837
4878 7680
4879 8573
4880 8431
4881 7975
4882 4890
4882 6586
4883 5565
4885 6748
4885 8864
4888 8522
4891 6232
4891 7057
4892 6145
4892 8984
4893 5969
4893 7652
4893 8602
4941 8912
4971 5525
4971 6819
4972 6809
4982 5635
4983 7901
4988 8969
4994 6131
4994 8736
5000 6068
5001 8424
5002 7938
5003 7669
5016 7871
5016 8618
5016 9147
5017 6749
5057 5565
5057 5975
5066 7342
5071 8993
5072 7105
5072 8430
5076 5079
5076 5873
5077 6759
5077 7687
5081 7489
5081 8027
5083 8803
5084 9024
5084 9198
5085 6062
5086 8542
5089 6684
5089 8401
5090 8544
5101 8990
5101 9031
5102 6562
5102 6577
5102 8590
5103 6694
5106 5727
5111 7107
5113 7168
5114 5824
5115 7359
5119 7503
5120 5690
5121 7726
5123 7157
5123 7936
5123 8441
5134 9186
5137 5531
5137 7148
5137 7608
5144 8512
5152 5965
5153 7650
5156 6661
5156 7437
5156 8879
5156 9015
5157 7440
5165 6703
5165 7635
5168 6167
5168 8730
5169 7971
5169 9710
5178 7446
5179 7984
5194 8989
5199 6203
5199 7450
5207 5835
5210 7087
5210 7902
5210 9169
5212 7352
5212 8428
5212 8974
5213 6791
5252 7754
5346 5836
5348 8567
5350 8439
5352 6014
5353 5359
5353 5842
5353 6130
5354 7665
5354 8576
5355 6572
5355 7045
5356 6051
5356 6754
5358 6669
5358 7956
5359 8834
5360 7475
5360 9712
5361 6659
5361 8890
5363 7350
5364 7085
5365 6759
5367 5750
5367 6726
5368 5549
5368 6816
5369 9014
5371 6218
5372 7363
5373 7437
5374 7460
5374 7612
5376 6560
5378 5961
5378 7939
5378 8702
5379 8494
5381 6132
5382 6237
5382 7453
5384 8816
5385 6582
5385 7463
5387 8410
5395 6833
5397 7064
5398 7470
5398 8529
5436 5846
5465 6723
5465 6826
5465 8701
5475 5549
5476 6766
5477 6563
5477 7678
5484 8545
5484 8870
5486 6574
5486 7863
5487 5730
5488 8525
5489 8502
5489 9186
5492 6069
5493 8803
5494 5920
5494 7694
5494 7946
5495 5967
5495 6707
5495 7064
5495 8883
5496 7725
5497 6095
5498 6704
5498 7683
5499 8502
5499 8715
5500 7349
5501 8602
5504 8562
5505 5754
5505 9181
5506 5727
5510 5785
5510 8007
5511 8894
5512 6562
5512 8960
5514 7645
5514 7676
5516 6636
5517 8403
5522 6007
5522 7703
5523 6765
5525 9198
5525 9212
5530 5921
5530 9029
5533 9024
5535 5785
5535 7138
5535 7713
5535 8422
5540 6661
5547 7985
5551 8587
5554 9158
5578 8407
5579 6146
5579 6199
5579 6202
5579 6204
5620 6814
5620 8592
5621 7363
5623 8398
5623 9785
5672 7145
5672 8425
5673 8567
5677 6638
5677 8392
5678 7142
5681 6146
5690 5965
5693 7432
5704 5826
5704 6704
5708 8517
5709 7721
5709 9021
5710 5840
5712 6031
5715 9031
5716 8475
5724 6140
5725 5956
5725 6634
5725 7363
5725 8009
5727 7247
5729 7148
5730 8016
5730 8541
5735 8426
5737 5915
5738 6838
5742 5820
5746 5951
5749 7923
5750 7934
5753 7720
5753 7972
5754 6607
5754 7897
5755 8606
5758 9202
5759 6211
5760 7066
5760 7089
5760 7101
5762 5959
5762 8741
5782 6811
5784 6041
5785 6207
5787 6822
5789 8776
5790 8399
5791 6030
5791 6201
5791 7630
5804 5944
5804 7640
5808 6193
5808 9210
5809 5966
5810 7718
5812 6185
5812 6565
5813 7852
5820 8478
5826 8571
5835 6058
5837 9044
5840 7431
5842 7074
5842 7629
5842 8977
5846 5949
5847 8005
5847 8441
5848 9784
5849 7726
5851 8644
5852 7036
5852 7186
5852 9027
5855 7439
5867 7676
5867 7678
5872 8024
5873 8401
5873 8707
5874 8843
5875 8475
5875 8711
5907 6833
5908 7137
5908 7436
5909 6803
5909 7937
5910 6802
5912 7700
5913 6194
5914 6041
5914 8393
5915 8595
5917 8531
5918 7338
5919 7375
5920 6139
5920 7958
5920 8898
5921 7900
5921 8412
5921 8980
5922 8560
5923 6017
5941 6573
5941 7710
5943 5956
5943 6198
5944 6695
5946 8394
5949 6693
5950 7159
5951 5958
5951 7872
5955 8450
5955 8512
5956 8909
5960 7251
5961 8021
5962 7457
5963 6605
5964 6829
5964 8564
5965 7427
5965 8479
5965 8720
5967 8854
5968 6048
5968 8839
5969 6202
5972 6171
5972 7874
5974 6753
5976 7489
5976 7931
5976 9021
5978 8640
5979 6614
5980 8850
5981 7137
5981 8022
5982 8739
5986 9011
5988 7638
5988 8495
5988 8566
5988 8849
5994 6765
6003 7083
6006 7460
6007 8883
6012 7079
6016 7330
6026 6732
6026 7704
6028 7677
6028 7975
6029 8852
6031 8873
6034 9213
6040 7254
6044 8593
6051 6185
6058 8593
6062 7249
6068 8652
6069 7105
6069 7684
6073 6638
6074 7883
6075 6683
6076 6685
6078 6171
6078 9213
6080 7613
6084 7237
6084 9214
6091 6161
6094 6196
6095 7352
6101 6107
6120 8488
6120 9216
6128 7186
6128 8777
6128 9220
6130 6714
6131 8816
6131 8833
6133 8884
6134 9189
6138 7710
6139 6821
6140 6676
6144 7500
6149 6792
6159 8456
6159 9197
6161 7690
6162 6591
6162 7125
6168 7717
6168 8611
6170 8469
6170 8512
6171 6645
6178 8947
6181 7251
6185 8570
6186 6667
6186 9770
6189 7142
6190 8822
6191 7085
6191 7735
6191 8640
6193 7246
6195 8560
6196 6637
6196 8417
6201 6791
6201 9006
6203 7362
6207 6784
6207 7878
6210 6753
6210 7106
6210 8420
6210 8445
6212 8507
6230 9015
6231 7897
6232 7166
6232 8398
6232 8490
6517 6724
6518 7732
6522 7086
6522 7675
6560 7666
6561 6769
6563 7036
6563 7199
6564 9667
6565 8446
6566 8436
6569 7343
6569 7440
6569 8827
6570 6725
6570 6774
6570 8517
6570 9149
6573 6709
6574 8707
6576 7143
6577 6629
6577 8507
6577 8541
6578 8834
6580 7980
6581 6612
6581 6697
6584 7960
6591 8440
6592 6637
6594 9014
6595 7050
6596 6808
6599 9047
6600 8393
6600 8833
6603 8493
6604 8704
6605 6637
6606 6790
6607 6611
6607 7888
6608 7523
6611 7084
6611 7901
6616 6728
6617 6805
6619 7428
6619 7958
6619 8421
6619 8530
6619 9169
6625 6690
6625 7902
6629 8416
6629 8650
6630 8776
6632 7117
6633 6646
6634 8504
6634 8946
6635 9667
6640 7628
6640 7919
6642 6712
6642 9157
6649 6829
6652 8450
6654 9160
6655 7091
6655 8398
6655 8445
6655 9155
6658 7338
6660 9188
6662 6833
6662 7672
6664 9639
6666 9011
6670 7645
6673 7861
6674 8581
6674 8891
6677 9046
6678 8448
6680 7738
6681 7895
6682 9159
6683 7375
6683 8991
6687 8992
6688 7655
6691 7077
6693 7870
6693 8880
6693 9669
6695 6743
6696 7459
6696 9167
6697 7868
6698 8778
6700 8655
6701 9022
6701 9683
6702 7947
6702 8022
6703 8800
6708 7449
6713 7254
6713 8023
6715 7139
6715 7713
6716 6776
6721 6786
6721 7095
6721 8429
6724 7675
6725 7247
6725 7862
6727 8035
6729 9213
6730 8490
6731 8776
6733 6757
6733 6835
6734 8959
6743 9014
6744 7520
6745 7639
6746 8007
6747 9169
6748 7110
6749 7171
6750 7359
6750 7483
6752 8477
6753 8968
6755 8612
6757 8431
6757 8508
6759 7497
6763 8574
6766 8741
6768 8710
6769 7256
6769 8467
6771 8896
6771 8977
6774 8420
6775 7045
6776 8026
6776 9015
6776 9035
6777 7848
6778 8603
6781 8470
6785 6788
6785 7960
6786 9670
6788 9190
6792 8466
6793 8596
6797 8398
6801 7635
6804 7947
6806 7656
6806 8411
6808 7375
6810 7655
6812 7626
6813 7199
6817 7739
6818 7481
6820 7094
6820 8603
6820 9679
6822 8830
6823 7515
6828 8851
6828 9152
6830 8604
6832 8458
6832 8894
6836 7709
6836 8735
6836 9190
6841 8907
6848 6879
6852 6886
6906 6916
6938 6944
6939 6982
6987 7016
6987 7516
7014 7029
7036 8577
7043 7850
7046 8703
7047 7857
7047 8517
7053 7430
7053 9016
7056 7447
7057 8641
7058 8877
7062 9711
7063 8611
7065 7166
7066 7929
7068 7199
7068 9032
7069 9638
7073 7863
7073 7871
7075 7870
7077 7519
7078 7809
7080 7756
7080 8744
7085 8510
7089 7370
7090 7450
7092 7898
7092 8574
7094 9649
7097 7142
7097 7251
7097 8545
7099 7890
7101 8819
7102 7641
7106 8018
7117 7906
7117 9014
7125 9025
7129 7972
7138 8023
7140 8803
7142 8729
7143 7939
7145 8564
7147 8603
7149 8569
7150 8738
7154 8439
7155 8714
7158 7672
7161 8819
7162 7509
7162 8963
7164 8909
7166 9214
7170 8502
7170 8972
7171 7482
7199 8957
7235 8487
7243 9187
7244 7910
7246 8852
7251 7955
7252 7370
7252 7624
7253 8710
7256 8461
7316 7530
7317 8638
7324 7489
7326 8601
7328 8644
7331 7709
7331 8817
7331 9004
7334 7511
7334 8427
7342 8887
7343 7684
7343 8518
7345 8780
7348 7487
7348 8428
7361 7498
7361 8401
7365 8017
7365 8890
7366 8979
7370 8398
7370 8876
7371 7954
7372 8851
7375 7720
7430 7628
7433 8594
7433 9192
7436 7649
7436 8876
7439 7651
7439 7697
7440 7906
7440 8015
7441 7644
7447 8469
7448 8034
7449 9783
7450 7636
7450 7934
7453 8641
7454 7901
7456 8514
7457 8527
7464 7850
7466 7498
7466 8969
7470 9739
7472 8500
7475 7726
7480 7707
7482 8513
7487 8439
7492 8570
7495 8521
7496 8506
7501 8839
7505 8610
7512 7917
7512 8821
7515 8017
7519 7898
7519 8523
7521 7901
7524 7900
7524 8858
7526 8422
7526 9021
7530 7541
7537 8954
7538 8421
7538 8826
7550 7551
7608 7956
7611 8986
7613 8701
7614 8524
7618 9682
7626 8408
7629 7676
7630 8963
7632 7934
7632 9168
7634 8612
7646 7980
7646 8776
7647 8400
7650 8854
7654 8853
7655 8638
7655 8736
7655 9739
7656 7680
7657 9150
7659 8457
7661 7932
7671 8973
7671 9018
7676 8573
7676 8720
7677 8801
7678 8542
7680 7917
7680 8460
7682 9016
7683 8608
7691 8032
7693 7720
7694 8008
7696 7745
7697 8640
7697 8841
7698 7898
7699 9147
7701 8436
7701 8524
7703 7928
7703 8468
7707 7890
7715 7985
7716 7912
7720 9044
7739 9010
7740 8452
7745 8640
7745 9009
7850 9039
7859 8843
7861 8425
7866 7877
7866 8496
7867 8562
7867 8994
7872 8835
7876 7951
7878 8473
7881 7896
7882 9155
7888 9026
7892 8908
7895 8819
7897 8611
7899 8484
7904 7976
7910 8826
7912 8612
7914 8019
7915 8450
7915 8954
7916 8744
7917 7929
7918 8007
7920 8525
7926 8493
7931 8531
7932 8637
7933 8547
7937 9670
7938 8559
7948 8816
7949 9710
7952 8521
7959 8635
7968 9043
7977 8514
7981 8485
7982 8852
7983 8831
8008 8947
8011 8963
8017 9163
8020 9016
8021 8551
8021 9206
8024 8633
8033 9020
8054 8619
8063 8152
8064 8128
8066 8092
8068 8360
8073 8104
8073 8217
8079 8122
8079 8152
8082 8187
8082 8317
8085 8107
8098 8220
8111 8345
8117 8184
8117 8264
8127 8370
8129 8241
8132 8182
8136 8285
8145 8378
8186 8246
8187 8319
8206 8240
8219 8251
8219 8274
8256 8300
8329 8380
8354 8390
8394 8397
8394 8858
8396 8421
8400 9205
8405 8466
8405 8610
8412 8415
8417 9035
8417 9667
8425 8561
8426 8437
8430 8972
8431 8835
8433 9785
8435 8977
8445 8817
8449 8656
8461 8596
8464 9159
8467 8730
8470 8516
8471 9037
8483 8610
8485 8996
8490 8891
8493 8727
8502 8522
8502 8860
8519 8558
8519 9024
8521 8527
8523 8612
8525 8711
8530 8735
8532 8573
8535 8854
8543 9198
8547 9004
8547 9019
8553 8707
8554 9155
8569 8741
8575 9676
8593 8611
8610 9021
8611 8640
8612 8948
8612 9638
8615 9023
8623 8630
8636 9656
8641 9030
8645 8655
8701 9652
8702 8760
8729 9021
8730 8906
8731 8993
8736 9196
8743 9207
8743 9210
8816 8997
8828 9200
8834 9198
8851 9167
8860 8994
8864 9785
8867 9152
8876 9162
8877 9022
8889 8899
8898 9035
8941 8943
8949 8966
8956 8994
8978 9201
9002 9041
9010 9196
9044 9147
9105 9107
9135 9137
9667 9710
9849 9872
9865 9879
