5000
1 767
1 3248
1 4931
1 5121
1 6677
1 6764
1 7871
1 10068
1 10691
1 11319
26 1416
32 489
32 981
32 1324
49 425
56 1134
60 419
61 395
96 138
103 2290
104 127
109 111
138 2284
139 2433
143 2275
145 2431
146 197
159 190
165 762
165 4513
165 6824
165 10220
172 198
215 254
392 1420
416 982
421 1410
427 1386
515 713
515 3865
515 5706
515 5879
515 6682
515 9880
527 533
536 3434
536 3708
536 3897
536 5079
536 5983
536 8538
537 614
537 2923
537 4900
537 5554
537 7027
537 10565
538 3916
538 5573
538 5854
538 7017
538 10261
538 10280
539 2665
540 3372
540 3815
540 3914
540 5076
540 5517
540 7365
540 10331
541 610
541 2854
541 4321
541 9977
541 10250
542 2779
542 3902
542 4115
542 6290
542 11349
543 1495
543 2927
543 3377
543 10322
544 3234
544 3360
545 4360
545 5325
545 6676
546 3373
546 4287
546 4533
546 6743
546 7378
546 10243
547 1510
547 3710
547 5245
547 7134
548 3109
548 8474
548 10245
549 7419
549 8437
549 9092
549 10222
549 10347
550 3260
550 4534
551 4313
551 5073
551 5976
551 7427
551 8907
551 9404
551 10341
552 1617
552 2657
552 8713
552 11130
553 1550
553 1612
553 1679
553 3098
553 6454
553 9097
553 10201
554 607
554 2159
554 2854
554 3226
554 3337
554 3855
554 4118
554 5246
554 5248
554 5277
554 5342
554 5512
554 6824
554 10329
567 569
607 1578
607 1598
607 5194
607 5940
607 5974
607 9824
608 748
608 5135
608 5575
608 6027
608 6761
608 10205
608 10248
608 10255
608 10259
608 10334
609 3234
609 3264
609 4534
609 5586
610 3699
610 7516
610 9014
610 10284
611 2920
611 6446
611 9105
612 3263
612 3848
612 4524
612 5283
612 5900
612 7877
612 10259
613 761
613 1652
613 3380
613 5258
613 5947
613 6823
614 1598
614 4519
614 5508
614 6671
614 7513
615 1694
615 2800
615 4778
615 5334
615 6181
615 10277
616 1487
616 2055
616 4529
616 4780
616 5080
616 6026
616 10302
617 4283
617 9407
618 3243
618 3250
618 4282
618 6290
618 7427
619 3013
619 3165
619 4308
619 9019
619 9945
619 11127
620 1580
620 1613
620 2671
620 3096
621 5300
621 7015
621 7412
621 9828
621 10547
660 4785
660 4934
660 6024
660 6133
660 8527
661 1476
661 6197
661 7360
661 10199
661 10559
662 6156
662 6741
662 6761
662 6821
663 2621
663 3016
663 6831
663 6962
663 7525
663 9908
663 10308
664 3707
664 5634
664 9605
664 10200
665 1594
665 3100
665 6831
666 2049
666 2939
666 3413
666 10314
667 2617
667 3099
667 4312
667 4767
667 5166
667 5502
667 5924
667 7024
668 7365
668 7841
669 3025
669 5193
669 5729
669 5853
669 8452
669 9441
669 9606
670 725
670 1596
670 2939
670 4518
670 6026
671 2804
671 4287
671 6761
671 6848
671 10239
671 10523
672 5268
672 5312
672 5954
673 2154
673 3234
673 3816
673 5197
673 5261
673 6916
674 3179
674 3233
674 3377
674 4182
674 5335
674 5514
674 5846
674 8454
674 8494
674 8527
696 1616
696 2663
696 7853
696 9642
696 11350
705 746
705 1678
705 5076
705 5142
705 11331
706 5854
706 7875
707 5289
707 5941
707 6913
707 9410
708 1474
708 2098
708 2923
708 2929
708 3228
708 3419
708 5849
708 6284
708 7878
708 10237
709 1957
710 773
710 1576
710 3674
710 4309
710 5340
710 6284
710 10610
711 1574
711 2653
711 3681
711 9994
712 2656
712 2929
712 3344
712 5925
712 7024
712 10226
712 10320
713 746
713 2651
713 4520
713 5199
714 3367
714 3914
714 5081
714 9971
715 746
715 5316
716 761
716 6665
718 5565
718 5739
718 6041
718 6637
718 7395
725 3858
725 5324
725 7872
725 7873
726 773
726 5290
726 5569
726 8709
726 9112
726 10275
726 10341
726 11304
726 11354
727 3257
727 3889
727 4121
727 4386
727 4654
727 5301
727 5922
727 7015
727 7420
727 9994
728 1511
728 3711
728 8448
728 10551
729 7423
729 10296
732 735
746 3846
746 4058
746 4901
747 4690
747 4789
747 5291
747 11328
748 5118
748 5953
748 8709
748 10611
749 1573
749 2158
749 3438
749 3916
749 4911
749 5636
749 10561
749 11124
750 4309
751 6915
751 9117
751 10550
751 11305
752 3902
752 5079
752 5274
752 5337
753 6037
753 9057
754 5850
754 7025
755 4122
755 6664
755 10548
756 5874
756 6195
756 6199
756 7015
756 10276
756 11352
757 3894
757 4121
757 6042
757 7753
757 9117
758 2659
758 2855
758 4253
758 5338
758 5636
758 10238
758 10510
759 4931
759 10251
760 2657
760 3334
760 4121
760 7756
760 9442
760 9914
760 10221
760 10227
760 10300
761 1596
761 3864
761 4386
761 5311
761 10221
762 5714
762 6680
762 10689
763 1738
763 4321
763 5283
763 6743
763 8529
763 10328
763 10524
764 5463
764 9013
765 3233
765 3432
765 5845
765 6293
765 8709
765 9014
765 9849
766 774
766 3170
766 3260
766 5258
766 7387
767 1514
767 2877
767 3170
767 5251
767 6028
768 3705
768 3901
768 5330
768 5339
768 7138
768 7422
768 7428
769 9097
769 10200
769 10212
770 1485
770 4517
770 6963
770 7421
770 8453
770 8709
771 9105
771 10688
772 2673
772 5199
772 5557
772 8450
772 8452
772 10294
773 1607
773 1985
773 3223
773 4654
773 5353
773 7847
774 4514
774 6042
774 10207
774 10319
776 1695
776 4780
776 5303
776 5740
777 1752
777 2799
777 5312
777 5318
777 7362
777 8520
777 10315
778 3008
778 3864
778 5921
778 7414
778 8718
778 10217
778 10257
778 10259
778 11333
779 1604
779 2693
779 2926
779 3015
779 4535
779 5967
780 2776
780 3248
780 3337
780 10294
780 10559
780 11346
781 3017
781 5273
781 5467
781 7526
781 8525
781 10337
781 11318
781 11345
953 1175
981 1423
982 1327
1008 1011
1012 1375
1164 3706
1164 6037
1164 9407
1164 10318
1442 5905
1442 8520
1442 10225
1442 10269
1443 1655
1443 6028
1443 9100
1443 10212
1443 10247
1444 4789
1444 5842
1444 6670
1444 10289
1444 11328
1445 4900
1445 5206
1445 5499
1445 5883
1445 6447
1445 10261
1445 11325
1446 3226
1446 4318
1446 7383
1446 7523
1446 7877
1446 10323
1446 11339
1447 1611
1447 2778
1447 3372
1447 4513
1447 5469
1447 5707
1447 5945
1447 7417
1447 8909
1457 2137
1472 3025
1472 8521
1474 3019
1474 3888
1474 4286
1474 4774
1474 5190
1474 5246
1474 8538
1475 3225
1475 4290
1475 4359
1475 5133
1475 7397
1475 8711
1476 3370
1476 9098
1476 9851
1477 1612
1477 2054
1477 2663
1477 3243
1477 5285
1477 5317
1477 5320
1477 10546
1479 4690
1479 5206
1479 8871
1479 9434
1484 3374
1484 5710
1484 6850
1484 10246
1484 10452
1484 10639
1484 10688
1485 4899
1485 5289
1485 5317
1485 8716
1485 10314
1485 10527
1486 3233
1486 3901
1486 5508
1486 5694
1486 5835
1486 6033
1486 8506
1486 10260
1487 3440
1487 4931
1487 10641
1488 4282
1488 4802
1488 5879
1488 7372
1488 10274
1489 10565
1492 3369
1492 3889
1492 7025
1492 7390
1493 3712
1493 6017
1493 10278
1494 4522
1494 8523
1494 10300
1495 2094
1495 9822
1495 10227
1496 7880
1496 9101
1497 5260
1497 7746
1497 9106
1507 3855
1507 8718
1508 3410
1508 3674
1508 5637
1508 7410
1508 8712
1508 9918
1508 11334
1509 3175
1509 5517
1509 9037
1510 3227
1510 3350
1510 4386
1510 5851
1510 7846
1510 8504
1510 9412
1510 10226
1511 2672
1511 2808
1511 3848
1511 4396
1511 5134
1511 6028
1512 2798
1512 3164
1512 4194
1512 8506
1514 3267
1514 7848
1514 7872
1525 10088
1529 10100
1531 10080
1534 10105
1536 2258
1540 10092
1541 2870
1541 4315
1541 5301
1541 9853
1547 4774
1547 10612
1548 5846
1548 6027
1548 7022
1548 7390
1548 8530
1548 9053
1548 9104
1548 10224
1548 11303
1549 2936
1549 3696
1549 5070
1549 8706
1549 9035
1550 3868
1550 5107
1550 5902
1550 5967
1551 3367
1551 3374
1551 4298
1551 4787
1551 5310
1551 5815
1551 5925
1551 7747
1551 7847
1551 7877
1551 11133
1573 2692
1573 3173
1573 10266
1574 1678
1574 3372
1574 4312
1574 5945
1574 6454
1574 9103
1575 4304
1575 5507
1575 5923
1575 5931
1575 7748
1576 10696
1577 1581
1577 3344
1577 3708
1577 5843
1577 7022
1577 7387
1577 7519
1577 10521
1578 2929
1578 4304
1578 5837
1578 10267
1578 11338
1580 6880
1580 9407
1580 10697
1581 1590
1581 2156
1581 4181
1581 5076
1581 5229
1581 9110
1582 3001
1582 5277
1582 5346
1582 8709
1582 10346
1583 2049
1583 2687
1583 3004
1583 4289
1583 6665
1583 6764
1583 7428
1583 9436
1594 3264
1594 3363
1594 5211
1594 6043
1594 7378
1594 7425
1594 11128
1595 3419
1595 10273
1596 6026
1596 6823
1596 6829
1597 3377
1597 3703
1597 5577
1597 5944
1597 7390
1597 10289
1597 11305
1598 3697
1598 4671
1598 4970
1598 5853
1598 6156
1598 6672
1598 9055
1598 9109
1598 9977
1599 3434
1599 7749
1600 2049
1600 3849
1600 4520
1600 10212
1600 10689
1601 4776
1601 5233
1601 5305
1601 10218
1601 10262
1602 2157
1602 10302
1604 10266
1604 10547
1604 11351
1605 2926
1605 3362
1605 4111
1605 5573
1605 6193
1605 7015
1605 7847
1605 8492
1606 1685
1606 3226
1606 3267
1606 5519
1606 7417
1606 10280
1606 10604
1607 2921
1607 5327
1607 6740
1607 9828
1607 10068
1608 2659
1608 2660
1608 3225
1608 3676
1608 5837
1608 5906
1608 10641
1609 5347
1609 5847
1609 9604
1609 10547
1610 4737
1610 6761
1610 7138
1610 10641
1611 5242
1611 6744
1611 6827
1611 10204
1611 10218
1611 10309
1612 5838
1612 8474
1612 9827
1612 11125
1613 1978
1613 4194
1613 5469
1613 11336
1614 3849
1614 5199
1614 5731
1614 8453
1615 6913
1615 7392
1615 8909
1615 10262
1615 10306
1615 10319
1615 10514
1616 2050
1616 4286
1616 6667
1616 7362
1616 7752
1616 8489
1616 10279
1617 3248
1617 5075
1617 7519
1618 3009
1618 7936
1618 10694
1623 10969
1633 10912
1633 10954
1634 10908
1639 10934
1651 5735
1651 7871
1652 3375
1652 7759
1652 10247
1652 10296
1655 3376
1655 4535
1655 5513
1655 6454
1655 10201
1655 10225
1655 10297
1656 3017
1656 5569
1656 8603
1656 11189
1675 1872
1676 5499
1677 4109
1678 3033
1678 3230
1678 3863
1678 4182
1678 4511
1678 7423
1678 9596
1678 11133
1679 5514
1679 5815
1679 10217
1679 10276
1679 10687
1680 2858
1680 4882
1680 5954
1680 6822
1680 8475
1680 8710
1680 11303
1681 5246
1681 5512
1681 9912
1684 2795
1684 5936
1684 7855
1685 3682
1685 4853
1685 5209
1685 5283
1685 7376
1685 9410
1690 2656
1690 5261
1690 5739
1690 6028
1690 8488
1690 8494
1690 9798
1694 2603
1694 2800
1694 4321
1694 5312
1694 6293
1694 6824
1694 10641
1695 2936
1695 3376
1695 3857
1695 5730
1695 8521
1695 10299
1709 6092
1712 6107
1717 1748
1729 4386
1729 5268
1733 6156
1733 7017
1733 9409
1734 3165
1734 4074
1734 5067
1734 5956
1734 6741
1734 9012
1734 9101
1734 10200
1734 10516
1736 5464
1736 5921
1737 2655
1737 4784
1737 5706
1737 10290
1738 3004
1738 8695
1738 9437
1738 9945
1738 10066
1741 5612
1750 3707
1750 5469
1750 6827
1750 10248
1751 3007
1751 7410
1751 8458
1752 2651
1752 4308
1752 5345
1752 7871
1753 2920
1753 3865
1753 5817
1753 6292
1754 3169
1754 3892
1754 4934
1754 6680
1754 7396
1755 1839
1760 1835
1766 1836
1770 1831
1771 1781
1790 1812
1798 1831
1808 1813
1809 7381
1809 7385
1809 10267
1816 1836
1825 1830
1825 1859
1841 1864
1842 1857
1871 1920
1874 1940
1880 3902
1880 4312
1880 5466
1880 7370
1884 1935
1890 1917
1908 1937
1913 10449
1917 1937
1927 3892
1927 4280
1927 4786
1927 9437
1946 3334
1946 3907
1946 5235
1946 5816
1946 8504
1946 10561
1948 5272
1948 11303
1950 1952
1957 2654
1957 3007
1957 3028
1957 3415
1957 5636
1966 2007
1977 3008
1977 5072
1977 6831
1977 9107
1977 10517
1977 10551
1978 2779
1978 5715
1985 3025
1985 4741
1985 6133
1985 7383
1985 7842
1985 10557
2008 2015
2014 2018
2027 4113
2027 6449
2027 6764
2027 6798
2027 11131
2033 10472
2038 10491
2046 4797
2049 2806
2049 5246
2049 7138
2049 7851
2050 5120
2050 5520
2052 3439
2052 5234
2052 8517
2052 10607
2053 3440
2053 10259
2053 10276
2053 11328
2054 3817
2054 3847
2054 4111
2054 5715
2054 6043
2054 7877
2055 2797
2055 5064
2055 5554
2055 5703
2055 5948
2055 6880
2083 11198
2083 11206
2093 2937
2093 3682
2093 5260
2094 2688
2094 10211
2095 3241
2095 6068
2095 6852
2095 7381
2095 9880
2095 11337
2096 3015
2096 3379
2096 4316
2096 10334
2096 11333
2097 5234
2097 7872
2097 9404
2098 4882
2098 5749
2106 2128
2106 9486
2108 2135
2108 2141
2110 2119
2114 2123
2115 2128
2120 9500
2154 3368
2154 3710
2154 4287
2154 4521
2154 6134
2154 8519
2155 2692
2155 3169
2155 3893
2155 5244
2155 5940
2156 4771
2156 5561
2156 5878
2156 6198
2157 10510
2158 3410
2158 5134
2158 10527
2159 3363
2159 5190
2159 7369
2159 9881
2159 10239
2159 10321
2162 2424
2163 2391
2164 2406
2165 2207
2169 2197
2172 2183
2174 2389
2182 2382
2188 2191
2188 2421
2191 2415
2193 2410
2218 2219
2225 2242
2232 10096
2242 2247
2249 2264
2266 10090
2275 2280
2281 2441
2295 11240
2296 11256
2297 11235
2300 2308
2302 2512
2303 2345
2304 2512
2305 2513
2316 2333
2325 2494
2331 2482
2342 2497
2352 10795
2353 9557
2355 9517
2359 11157
2360 9514
2362 9509
2364 9557
2380 2391
2432 2435
2433 2455
2437 2452
2467 2511
2475 2479
2480 2514
2506 2510
2520 4574
2521 4574
2522 4572
2538 4561
2544 4555
2548 4550
2565 4549
2566 4572
2567 4585
2570 4558
2570 4568
2579 10703
2582 10710
2600 10718
2603 2798
2603 2858
2603 4312
2603 4930
2603 5073
2603 10638
2617 4516
2617 5080
2617 5636
2617 5843
2617 11315
2621 2669
2621 3363
2621 5288
2621 5504
2621 8488
2621 10222
2644 3576
2649 3253
2649 4517
2651 5163
2651 5166
2651 6830
2651 7750
2651 7841
2651 9013
2651 10238
2652 3093
2652 3910
2652 4778
2652 5738
2652 5878
2652 5976
2652 7424
2652 10210
2653 3908
2653 5815
2653 9036
2654 4386
2654 5515
2654 6447
2654 11303
2655 3375
2655 4529
2655 5135
2655 6745
2656 4106
2656 4303
2657 2807
2657 2926
2657 5350
2657 5874
2657 10290
2657 11318
2657 11340
2658 2798
2658 3855
2658 5322
2658 7383
2659 2687
2659 3224
2659 4110
2659 7514
2659 8496
2659 8707
2659 9112
2659 11131
2660 6033
2661 4285
2661 4316
2661 5079
2661 5325
2661 7385
2662 5636
2662 5819
2662 7411
2662 8471
2662 9110
2663 5293
2663 5303
2663 5925
2663 8523
2663 9094
2663 10258
2663 10308
2664 2875
2664 2931
2664 3102
2665 3701
2665 4259
2665 4386
2665 5066
2665 7365
2665 10279
2666 3906
2666 10275
2667 3172
2667 3369
2667 4109
2667 5274
2667 8489
2667 10691
2668 7362
2668 9017
2668 11129
2669 5574
2669 6135
2669 9853
2669 9910
2670 5135
2671 3170
2671 4058
2671 4190
2671 6851
2671 10208
2672 4188
2673 5819
2673 6194
2673 7384
2673 7936
2673 10328
2673 10510
2674 4300
2674 4529
2674 5199
2674 5246
2674 5756
2674 7855
2674 8447
2674 8720
2675 2800
2675 4314
2675 4741
2675 4878
2675 5227
2676 10201
2677 3363
2677 10236
2687 4356
2687 4771
2687 5711
2687 5846
2687 6913
2687 9054
2687 9711
2687 11324
2688 3438
2688 5729
2689 2796
2689 9412
2689 9880
2690 2923
2690 3678
2690 5253
2690 7413
2690 7524
2690 8709
2690 10692
2691 5285
2691 9453
2691 10230
2692 5942
2692 8455
2692 8715
2692 10316
2693 3021
2693 3377
2717 4939
2724 3107
2724 4532
2724 5347
2724 5967
2724 6888
2724 6977
2727 3028
2727 6798
2727 10265
2727 10283
2727 10290
2727 10310
2773 3411
2773 4106
2774 10258
2775 3007
2775 3907
2775 5198
2775 5952
2775 6036
2775 8907
2775 10327
2776 5167
2776 5836
2776 7388
2777 2876
2777 9849
2777 10259
2778 2935
2778 5337
2778 6821
2778 7376
2778 8704
2778 8711
2779 4188
2779 4304
2779 7363
2779 8518
2779 9102
2779 9912
2793 3001
2793 3703
2793 5133
2793 5299
2793 5562
2793 5939
2793 7880
2793 8696
2793 10309
2794 5254
2794 9914
2794 10295
2794 10558
2795 4312
2795 10264
2796 2935
2796 4357
2796 4512
2796 5557
2796 7514
2796 8507
2796 9058
2796 9095
2796 9104
2797 3002
2797 4788
2797 5071
2797 5317
2798 4181
2798 5311
2798 5326
2798 10343
2799 3410
2799 5570
2799 8474
2800 3267
2800 5944
2800 6680
2800 9918
2800 9994
2800 10285
2800 10640
2801 3678
2801 5285
2801 10230
2801 10345
2802 2854
2802 3010
2802 3099
2802 4113
2802 10015
2803 3407
2803 3853
2803 4530
2803 4853
2803 5330
2803 5932
2803 10282
2804 5195
2804 11132
2804 11137
2804 11346
2805 3103
2805 3432
2805 5142
2805 5190
2805 5264
2805 5298
2806 3027
2806 3413
2806 3681
2806 4183
2806 8874
2806 9016
2807 2879
2807 5900
2808 3028
2808 3239
2808 3264
2808 4385
2808 5131
2808 5140
2808 5922
2808 7389
2846 5467
2846 5503
2846 5906
2846 10213
2846 10241
2852 3110
2852 3375
2852 3905
2852 4533
2852 6890
2852 10891
2852 11303
2853 3025
2853 3335
2853 4113
2853 6041
2854 2934
2854 3264
2854 5207
2854 5572
2854 8445
2854 8475
2855 4123
2855 5562
2855 7519
2855 8695
2855 9852
2855 10574
2856 4789
2857 3256
2857 5518
2858 4315
2858 5120
2858 10273
2864 4302
2864 4791
2864 6024
2864 7751
2870 3401
2870 3917
2870 7026
2870 10068
2870 10201
2872 2933
2872 9106
2873 3697
2873 7844
2873 8448
2873 10285
2873 10314
2874 3369
2874 4881
2874 6915
2874 9986
2875 2935
2875 4778
2875 6833
2875 7875
2876 5178
2876 5338
2876 5570
2876 7370
2876 9094
2876 10693
2877 5740
2877 6848
2877 9914
2877 10239
2877 10264
2879 5200
2879 7377
2879 10226
2879 10695
2881 3404
2881 5951
2881 6447
2881 6823
2881 7022
2881 7365
2881 10271
2883 4110
2883 4115
2883 5883
2883 8524
2891 2892
2920 4935
2920 5834
2920 6034
2920 6743
2920 8519
2920 10293
2920 10317
2920 10641
2921 3250
2921 4512
2921 5314
2921 7388
2921 7850
2922 3680
2922 5130
2922 7028
2922 7369
2922 7752
2922 9093
2923 3903
2923 3912
2923 4788
2924 3093
2924 3238
2924 3259
2924 3846
2924 5562
2924 6026
2924 6275
2924 8493
2924 10240
2925 3908
2925 4895
2925 5078
2925 5330
2925 6156
2925 10299
2925 11331
2926 3164
2926 5729
2926 8707
2926 8713
2926 9053
2926 10302
2927 3102
2927 3917
2927 4193
2927 11351
2928 3104
2928 9097
2928 10337
2928 10581
2929 3167
2929 4359
2929 5835
2929 6026
2929 7027
2929 9117
2929 10317
2929 10523
2930 4516
2930 4895
2930 5250
2930 5945
2930 6668
2930 8695
2930 9407
2930 9852
2932 5072
2932 5504
2932 10333
2933 4523
2933 7391
2933 7410
2933 9107
2934 5273
2934 7027
2935 3344
2935 6825
2935 7427
2935 8526
2935 9100
2935 10317
2936 5253
2936 8488
2936 9036
2936 9849
2936 9982
2936 11127
2937 6761
2937 11130
2938 4934
2938 5836
2938 9437
2938 10301
2938 10524
3001 6241
3002 5118
3002 5273
3002 6284
3002 7396
3002 7521
3002 7748
3003 3335
3003 5167
3005 8524
3005 8705
3005 10236
3005 11305
3006 4121
3006 5277
3007 5730
3007 7746
3007 9949
3008 3888
3008 5331
3008 7877
3008 11337
3009 5633
3009 9095
3009 9850
3009 10215
3009 10312
3010 3097
3010 5235
3010 5557
3010 5561
3010 7844
3010 8909
3011 3366
3011 5586
3011 7769
3011 10313
3012 6677
3012 8495
3012 11336
3013 4315
3013 5261
3013 6828
3013 7392
3013 10553
3014 5952
3014 7016
3015 3702
3015 3891
3015 5707
3015 7391
3015 9914
3015 10244
3015 11350
3016 5305
3016 6880
3016 7420
3016 7849
3016 9038
3017 3416
3017 5343
3017 9105
3018 4785
3018 5247
3018 5925
3018 6761
3018 8528
3019 3100
3019 3109
3019 3165
3019 3855
3019 4110
3019 7515
3019 9883
3020 3911
3020 5195
3020 7380
3020 8524
3020 9033
3020 10308
3020 11352
3021 4074
3021 4385
3021 4532
3021 6040
3021 10250
3022 3375
3022 3857
3022 3866
3022 5335
3022 5714
3022 7379
3022 10335
3022 11131
3023 5301
3023 6916
3024 3676
3024 5520
3024 5936
3024 7429
3024 10200
3024 11332
3025 4114
3025 6743
3025 8474
3026 6828
3026 7417
3026 9037
3026 9040
3026 10339
3027 3107
3027 8719
3027 10510
3028 3698
3028 3867
3028 7423
3028 9102
3028 10255
3029 3109
3029 3907
3029 4933
3029 9604
3029 10641
3030 3683
3030 5167
3030 5633
3030 5922
3031 7520
3031 8445
3032 3162
3032 3374
3032 10257
3032 11328
3033 4359
3033 4787
3033 5327
3033 10249
3093 5466
3093 6822
3093 7398
3094 3894
3094 5199
3094 5818
3094 7411
3095 3374
3096 10296
3097 3372
3097 4776
3098 5140
3098 5194
3098 5199
3098 6675
3098 10241
3099 5677
3099 10221
3099 11127
3100 5337
3100 5952
3100 6027
3100 8471
3101 3709
3101 4321
3101 5261
3101 10250
3101 10255
3101 10691
3102 3344
3102 4690
3102 5925
3102 8715
3103 3256
3103 3414
3103 4516
3103 6681
3103 8471
3103 10581
3104 5573
3104 6094
3104 6181
3104 10322
3105 3360
3105 4785
3105 5067
3105 8525
3106 5944
3106 7379
3107 4128
3107 5502
3107 6823
3107 7386
3107 8492
3107 9853
3107 9914
3107 10552
3107 10606
3108 4932
3108 5837
3108 9404
3109 4305
3109 8523
3162 5874
3162 5959
3162 11136
3163 5140
3163 5711
3163 8522
3163 8719
3164 3905
3164 5322
3164 10209
3165 3367
3165 4764
3165 4789
3165 5257
3165 5470
3165 6798
3165 9409
3165 9452
3165 10313
3166 3907
3166 5507
3166 5694
3166 6828
3167 3679
3167 6680
3167 9106
3168 3361
3168 9978
3169 5107
3169 8529
3170 3908
3170 4182
3170 4253
3170 7020
3170 9605
3171 5273
3171 7389
3171 7514
3172 5469
3172 8910
3172 10333
3173 3816
3173 4779
3173 5559
3173 5740
3173 7873
3173 11351
3174 4192
3174 4853
3174 5305
3174 5322
3174 5902
3174 7417
3175 5313
3175 6882
3175 7025
3175 10270
3176 3414
3176 3908
3176 5132
3176 5843
3176 6671
3176 10257
3177 5070
3177 6825
3178 5258
3178 5816
3178 8913
3179 3439
3179 5106
3179 6977
3220 3260
3220 3408
3220 5558
3220 5634
3220 6828
3220 7513
3220 7749
3220 7750
3220 9880
3221 6681
3221 6848
3221 8493
3221 8505
3221 10219
3222 3262
3222 5258
3222 5288
3222 5353
3222 5853
3222 5904
3222 6666
3222 10199
3223 3863
3223 4319
3223 7367
3223 8455
3224 3367
3224 3433
3224 4194
3224 5199
3225 4789
3225 5320
3225 8522
3225 9977
3226 3252
3226 9824
3226 10295
3226 10588
3227 7377
3228 5261
3228 6829
3228 9608
3228 10687
3228 11128
3229 6682
3229 7873
3229 9987
3230 5851
3230 7411
3230 8715
3230 10258
3231 3893
3231 4321
3231 5140
3231 6038
3231 10613
3232 4779
3232 5069
3232 7019
3232 9019
3233 6833
3233 10260
3233 10319
3234 3418
3234 6034
3237 5179
3237 5292
3237 5338
3237 7878
3237 8508
3237 9004
3238 3365
3238 5208
3238 7515
3239 4512
3239 5818
3239 9054
3240 5707
3240 5886
3240 7855
3240 9946
3240 9985
3240 10291
3240 10320
3241 5262
3241 5293
3241 7424
3242 3364
3242 5937
3242 10322
3243 4888
3243 5134
3243 5874
3244 6026
3244 6882
3244 9012
3244 10253
3245 3371
3245 8458
3245 10063
3246 3676
3246 5932
3246 9117
3246 9979
3246 10692
3247 3362
3247 3408
3247 6036
3247 6916
3247 7375
3247 10265
3247 10303
3248 3681
3248 4122
3248 7367
3248 8907
3248 11355
3249 3896
3249 10314
3249 10588
3250 5299
3250 6668
3250 7520
3250 9094
3250 9454
3250 10690
3251 7388
3251 10555
3252 3366
3252 11324
3253 5922
3253 9093
3254 3674
3254 6663
3254 8474
3254 10218
3254 10521
3255 4186
3255 5851
3255 6068
3255 7843
3256 5301
3256 5847
3256 11336
3257 4888
3257 5248
3257 6826
3258 3365
3258 5955
3258 7428
3258 7845
3258 10272
3259 8489
3260 7515
3261 3897
3261 5901
3261 6915
3261 7019
3261 9412
3262 9015
3263 4319
3263 5333
3263 5349
3263 5851
3263 6198
3263 10259
3263 10552
3263 11338
3264 3372
3264 4743
3264 5953
3264 9057
3265 5928
3265 6836
3265 7844
3265 11329
3266 5227
3266 9022
3267 9437
3267 10202
3332 5702
3332 5874
3332 6027
3333 6836
3333 7850
3334 7386
3334 8508
3334 9014
3334 11348
3335 4074
3335 4853
3335 5273
3335 10257
3335 10321
3335 10695
3335 11339
3336 3434
3336 5843
3336 6821
3336 8874
3337 3344
3337 7853
3337 9097
3337 11338
3344 3678
3344 6290
3344 7384
3344 8475
3344 9607
3344 9879
3344 9987
3350 6740
3350 7021
3350 10264
3360 4058
3360 5074
3360 5326
3360 5834
3360 6132
3360 9826
3361 5245
3361 8912
3361 10255
3362 5710
3362 5853
3362 5901
3362 8707
3362 8721
3362 10292
3363 5952
3363 9036
3365 5310
3365 5979
3365 6742
3366 5233
3366 11124
3367 10067
3367 10279
3368 5326
3368 5951
3369 8710
3369 9454
3369 10288
3370 4528
3370 4768
3370 8472
3370 8506
3370 10689
3371 4182
3371 5134
3371 6037
3371 7359
3371 10553
3372 6181
3372 8911
3373 3869
3373 4780
3373 5736
3373 6885
3373 10252
3374 3408
3374 3676
3374 5874
3374 6828
3375 3899
3375 4267
3375 6827
3375 7523
3376 5332
3377 7385
3377 9404
3378 3912
3378 3915
3378 4771
3378 5855
3379 3859
3379 4314
3379 5694
3379 5846
3379 8712
3380 7383
3380 7754
3380 8871
3392 3397
3401 4290
3401 4385
3401 5564
3401 5923
3401 5937
3401 6293
3402 3697
3402 10243
3402 11335
3404 4880
3404 5586
3404 6744
3404 11304
3404 11350
3405 3676
3405 3901
3405 4775
3405 4933
3407 5167
3407 6761
3409 4767
3409 6838
3409 9824
3409 11135
3409 11331
3410 3860
3410 4190
3410 4310
3410 5851
3410 11128
3411 4267
3411 5323
3411 9450
3412 5345
3412 6043
3412 10220
3413 7019
3413 9850
3414 4357
3414 4970
3414 5305
3414 5318
3414 5635
3414 5901
3414 5935
3414 7364
3414 7394
3414 8489
3415 4118
3415 5208
3415 5249
3415 7028
3416 5503
3416 5940
3416 6137
3416 6829
3416 6832
3417 3433
3417 3849
3417 4317
3417 4791
3417 6679
3418 9054
3419 4779
3419 5906
3419 6880
3419 9853
3420 4356
3420 5242
3420 6291
3432 5706
3432 5816
3432 7370
3433 4532
3433 4878
3433 5853
3433 10261
3434 5337
3434 5346
3434 5734
3434 8704
3434 9945
3436 3862
3436 7745
3437 3705
3437 4901
3437 5900
3437 11132
3438 4111
3438 5262
3438 5740
3438 5901
3438 8716
3438 8909
3438 11352
3439 5069
3440 5518
3440 5955
3440 6033
3454 3459
3583 4896
3583 5069
3583 7747
3583 10270
3595 3599
3618 4919
3621 4126
3621 4520
3621 5072
3621 6294
3621 6681
3621 7847
3621 10418
3673 4895
3673 5285
3674 5276
3674 7427
3674 7871
3675 4282
3675 4775
3675 5274
3675 5558
3675 10249
3675 10337
3676 4530
3676 9037
3677 5715
3677 7138
3677 9949
3678 5731
3678 6044
3679 4075
3679 4935
3679 5519
3679 6916
3679 8529
3679 9881
3679 10280
3680 5244
3680 7019
3680 8474
3681 5513
3681 7020
3681 7398
3681 8705
3681 10281
3682 5333
3682 5967
3682 6888
3682 9609
3682 9824
3682 9944
3683 4768
3683 5167
3683 5207
3683 6742
3684 4813
3684 5135
3684 5195
3684 5940
3685 5979
3685 7518
3696 5953
3696 7019
3696 7525
3697 3904
3697 4527
3697 7359
3698 5502
3698 5676
3698 8445
3698 8455
3698 9094
3698 10343
3699 5314
3699 5326
3699 10252
3699 11124
3701 7519
3701 9452
3701 10240
3702 5516
3702 7749
3702 10203
3703 4118
3703 5294
3703 6038
3703 7755
3703 7876
3703 8527
3703 8703
3705 5288
3705 8717
3705 10312
3705 10891
3706 4784
3706 7395
3706 9111
3706 11347
3707 3866
3707 10277
3708 5293
3708 5349
3708 5586
3708 5977
3708 7022
3708 7365
3708 10261
3709 4279
3709 5332
3709 5945
3709 7843
3709 8495
3709 10312
3710 6156
3711 6673
3711 9882
3712 4528
3712 5636
3712 6037
3712 9982
3712 10263
3712 10559
3712 11326
3786 3791
3806 6097
3815 9849
3815 10290
3815 10327
3816 3858
3816 4767
3816 7753
3816 10514
3816 10521
3816 11328
3817 4114
3846 4513
3846 5259
3846 5934
3846 6798
3846 6809
3846 8714
3846 8913
3847 3897
3847 5513
3847 7936
3847 10525
3848 4802
3848 5928
3848 6275
3848 7134
3848 7418
3848 9902
3848 10214
3848 10270
3849 4058
3849 4308
3849 5253
3849 5946
3850 5955
3850 6026
3850 6034
3850 9850
3850 11329
3851 4898
3851 5292
3851 6673
3851 7422
3851 10200
3852 5276
3852 5878
3852 6833
3852 8712
3852 9407
3852 10225
3853 5260
3853 5351
3853 6133
3853 7373
3853 7750
3853 9004
3853 10063
3853 11315
3854 4186
3854 7018
3854 10561
3855 4531
3855 6135
3855 6976
3855 7747
3855 7853
3855 10317
3857 4307
3857 5273
3857 5932
3858 5192
3858 6291
3858 11353
3860 4743
3860 5284
3860 5836
3860 9096
3861 4522
3861 5077
3861 6294
3861 7388
3861 10302
3861 10556
3862 4259
3862 6976
3862 7024
3862 11350
3863 4512
3863 9911
3863 10218
3864 4767
3865 5081
3865 5834
3865 8448
3865 10253
3865 11350
3866 5227
3866 5738
3866 6156
3866 6962
3866 9034
3866 11329
3867 3889
3867 5512
3867 5558
3867 7373
3867 7751
3867 9882
3867 10603
3868 4775
3868 5318
3868 11189
3869 3914
3869 4309
3869 5846
3869 10558
3888 4074
3888 9104
3888 9977
3888 10293
3888 10556
3891 10321
3892 5636
3892 10341
3893 4935
3893 5316
3893 10299
3893 11128
3893 11133
3894 4320
3894 6194
3894 10339
3895 4528
3895 4670
3895 5921
3895 9596
3896 5288
3896 5346
3897 7020
3897 8703
3898 5467
3898 6976
3898 7418
3898 7871
3898 10343
3899 5967
3900 4286
3900 8507
3900 9944
3901 4109
3901 4187
3901 5337
3901 9037
3902 5075
3902 8715
3902 9033
3902 9038
3902 11320
3903 5317
3903 5945
3903 9454
3904 6181
3904 7412
3904 10307
3904 10548
3904 11320
3904 11346
3905 5850
3906 5951
3906 10207
3907 4386
3907 5849
3907 5922
3907 8439
3907 9110
3907 9883
3907 10558
3907 11320
3908 5329
3908 9798
3908 9878
3908 10257
3908 10296
3909 4181
3909 4358
3909 4396
3909 8454
3909 9451
3910 4780
3910 5941
3910 5948
3910 7520
3910 8457
3911 4318
3911 5943
3911 7381
3911 7518
3912 4284
3912 10524
3914 4191
3914 5305
3914 6033
3915 6453
3915 9056
3915 11125
3915 11319
3916 5334
3916 5932
3916 8907
3917 7844
4074 4298
4074 7423
4074 8525
4075 5903
4075 5947
4106 5190
4106 5923
4106 7871
4106 8524
4107 4302
4107 4385
4107 4531
4107 4813
4107 10303
4107 10510
4108 9980
4109 6136
4109 8505
4109 10310
4109 11328
4110 4789
4110 5469
4110 10315
4110 10546
4111 5556
4111 5852
4111 8709
4113 6681
4113 6763
4113 7846
4114 4786
4114 5564
4115 5120
4115 5845
4115 7849
4116 4743
4116 5562
4116 6670
4116 11315
4117 6963
4117 9946
4118 5066
4118 5268
4118 7016
4118 9850
4118 9977
4118 10316
4118 10525
4119 4385
4120 5851
4120 9111
4120 11326
4121 5324
4121 10067
4121 10245
4121 10275
4122 5336
4123 6824
4123 7877
4126 5716
4126 7389
4126 7411
4126 9093
4126 10246
4126 10308
4126 11328
4128 6290
4151 4888
4151 7412
4151 11329
4152 4183
4152 4930
4152 6882
4152 7748
4152 7848
4152 11127
4181 4386
4181 6137
4181 10225
4181 10308
4182 4279
4182 4520
4183 5301
4183 5715
4183 7389
4183 10259
4183 10637
4184 4305
4186 4322
4186 9711
4186 11136
4187 5064
4187 10246
4188 5190
4188 5954
4188 6977
4188 10298
4189 5845
4189 8525
4189 10315
4189 10557
4190 6135
4190 9412
4192 4358
4192 4519
4192 5503
4192 5814
4192 9453
4193 4514
4193 4789
4193 5121
4193 6666
4193 10281
4194 4516
4194 4533
4194 5246
4194 5499
4194 11130
4195 7414
4196 4533
4196 5940
4219 5835
4219 7878
4219 10553
4253 10696
4259 6036
4259 7748
4267 5903
4278 5336
4278 6290
4278 10280
4279 5252
4279 8444
4279 8719
4279 9110
4279 10286
4280 5257
4280 5343
4280 7522
4280 10217
4281 5247
4281 5499
4281 10588
4282 4296
4282 5815
4282 5905
4283 4698
4283 5316
4283 7027
4283 7384
4283 9450
4284 5106
4284 10266
4285 5296
4285 5302
4285 5323
4285 6042
4285 10613
4286 5107
4286 5305
4287 4741
4287 5315
4287 6833
4287 10695
4288 5561
4288 6673
4288 8451
4288 10675
4289 5233
4289 7517
4290 5296
4290 7417
4290 7853
4290 10235
4296 4813
4296 5937
4296 8449
4296 11189
4298 6917
4299 5701
4299 5954
4299 5977
4299 6826
4299 7021
4300 5471
4300 9880
4300 10066
4300 10312
4301 5285
4301 5694
4301 6674
4301 9092
4302 5283
4302 8451
4302 8454
4302 8716
4303 4310
4303 4880
4303 5334
4303 6138
4303 10521
4303 11328
4304 9902
4305 4900
4305 10030
4305 10315
4306 5711
4307 4788
4307 5121
4307 6665
4307 8457
4307 9055
4307 10242
4307 10551
4307 11339
4308 7138
4309 9978
4309 10238
4310 5838
4310 10226
4311 5499
4311 11323
4312 6667
4312 6822
4312 6976
4312 11133
4313 11124
4314 4690
4314 5703
4314 8871
4314 10219
4314 10266
4315 5511
4315 10611
4317 5229
4317 5293
4317 8508
4318 9912
4319 7388
4319 10318
4320 4497
4320 5714
4320 7751
4321 5106
4321 5268
4321 6455
4321 7028
4322 5273
4322 6832
4322 9058
4322 9453
4324 5311
4324 9012
4324 9828
4324 10226
4346 4347
4355 4772
4355 4896
4355 5192
4355 6035
4356 4771
4356 4932
4356 5229
4356 5925
4356 10294
4357 5296
4357 10256
4358 5293
4358 5737
4358 5977
4358 6027
4358 6963
4358 8517
4359 4690
4359 8443
4360 5278
4360 5317
4360 11128
4360 11318
4385 5708
4385 5923
4385 5974
4385 11318
4386 4526
4386 6068
4386 8517
4396 4880
4396 5327
4396 7513
4398 10478
4497 5071
4497 5287
4497 6284
4498 6663
4498 6885
4498 7517
4511 4529
4511 5254
4511 8871
4512 6156
4512 7371
4513 8491
4513 9947
4514 4791
4514 5734
4514 6882
4515 6043
4515 9946
4515 10263
4516 4671
4516 4881
4516 4934
4516 5925
4516 6043
4516 6682
4517 4775
4517 7936
4518 5066
4518 5299
4518 10319
4518 10328
4518 10565
4519 4932
4519 9879
4520 4774
4520 4899
4520 5703
4520 8717
4520 9989
4521 5314
4521 5937
4521 9404
4522 5948
4523 5932
4523 9853
4524 7366
4524 8439
4524 10334
4525 7842
4525 9852
4526 5163
4526 6044
4527 6291
4527 8713
4527 10231
4527 11326
4528 5198
4528 7026
4528 8493
4528 9850
4528 10236
4529 5886
4529 6677
4529 7412
4529 9883
4529 9976
4529 10248
4530 5814
4530 5906
4530 10249
4531 5074
4532 5077
4532 5298
4532 5976
4532 7749
4532 7755
4533 5945
4533 5952
4533 7380
4534 5325
4534 5353
4534 7017
4534 9798
4535 9605
4535 10206
4536 5352
4536 9016
4537 5922
4537 8475
4537 9975
4537 9977
4552 4562
4553 4567
4641 6676
4641 7429
4641 9978
4654 5702
4654 6284
4670 5195
4670 5285
4670 5734
4670 6962
4671 5635
4671 8456
4671 8504
4671 11135
4690 5565
4690 7880
4698 4783
4698 4897
4698 8470
4698 10223
4698 10524
4717 4731
4729 5921
4729 8473
4729 8508
4729 8719
4737 5199
4737 5513
4737 9605
4737 11128
4741 5313
4741 5519
4741 5947
4741 10275
4741 10307
4743 4820
4743 5254
4743 5287
4743 5704
4743 5705
4743 7360
4743 8711
4743 9111
4743 10690
4752 5806
4764 4900
4764 5163
4764 7853
4764 9057
4764 10066
4765 8508
4767 5289
4767 5318
4767 5514
4767 7374
4767 7391
4767 8443
4767 8703
4767 10605
4768 7752
4768 7849
4768 10267
4768 10309
4768 10347
4771 10248
4772 5566
4772 7419
4773 5313
4773 6017
4773 9021
4773 9989
4774 5261
4774 5463
4774 8871
4775 5852
4775 11130
4776 5904
4778 10265
4778 11318
4779 5714
4779 6850
4779 8713
4779 9642
4780 4933
4780 11345
4781 10516
4783 9034
4783 9985
4784 9848
4784 9982
4785 5130
4785 5132
4785 10688
4786 9977
4787 5942
4787 6680
4788 5211
4788 5278
4788 6829
4788 8517
4788 9096
4788 9978
4789 5198
4789 9978
4789 10242
4791 6888
4791 8444
4791 8493
4802 5318
4802 7396
4802 9982
4802 11345
4813 5934
4813 7134
4813 9021
4813 10214
4813 10248
4853 5201
4853 5823
4853 5923
4878 5634
4878 5940
4878 6449
4878 8910
4878 9012
4878 9019
4878 11304
4879 6674
4879 7872
4879 9455
4880 10250
4881 6888
4881 10639
4882 6036
4882 11303
4887 5313
4887 5939
4887 6809
4887 10324
4887 10521
4888 5520
4888 10522
4895 10227
4896 8911
4898 5336
4898 6676
4898 9441
4898 10275
4899 6293
4899 8715
4899 8871
4900 5066
4900 7874
4900 10235
4901 5296
4901 6763
4901 8528
4901 9101
4901 10070
4901 10295
4901 10331
4911 5677
4930 5730
4930 5854
4930 5974
4930 6447
4930 6976
4930 7398
4930 8603
4930 9609
4930 10295
4931 7375
4932 5842
4932 11351
4933 6666
4933 9609
4933 10338
4934 5163
4934 5318
4934 10302
4935 8704
4935 10203
4935 10207
4935 10220
4935 11135
4970 5248
4970 7371
4970 10336
4970 11128
4970 11339
5064 5317
5065 8492
5066 5178
5066 5731
5066 8527
5066 9056
5066 9093
5066 10291
5067 5562
5067 5906
5067 6829
5067 7853
5067 8721
5067 9979
5067 10070
5070 6068
5070 7017
5070 7841
5070 10346
5071 7382
5071 7410
5071 8871
5072 5167
5072 5704
5072 6744
5072 6810
5072 11330
5073 5468
5073 6822
5073 6890
5073 10030
5073 10604
5074 5140
5074 5343
5074 5507
5074 6024
5074 7391
5076 10272
5077 5886
5077 5940
5077 9111
5077 9434
5077 10690
5078 5557
5078 5845
5078 8441
5078 10553
5079 5834
5079 11134
5080 10296
5080 11131
5081 8494
5081 9908
5081 10224
5082 5706
5082 9451
5106 5339
5106 9453
5106 9911
5107 5332
5107 10296
5107 10611
5118 8439
5118 10199
5118 10255
5118 10323
5118 10560
5119 5835
5119 11353
5121 5272
5121 10236
5121 10978
5130 6455
5130 10232
5130 10303
5130 11331
5131 6133
5131 8449
5131 10262
5132 5740
5132 7363
5133 5206
5133 5934
5133 5944
5133 7398
5134 6637
5134 7020
5134 7853
5134 9453
5134 11346
5135 6913
5135 8907
5135 9018
5135 9982
5140 7375
5140 10338
5142 5249
5142 7420
5142 8475
5163 6454
5163 7023
5166 5302
5166 5519
5166 10208
5167 5267
5167 6676
5178 5326
5178 8438
5178 10294
5179 7525
5179 10299
5190 9095
5192 5574
5192 5702
5192 7393
5192 7524
5192 7844
5192 8496
5192 10271
5192 10602
5193 10234
5193 11345
5194 5735
5194 6744
5194 8603
5194 10639
5195 9606
5195 9607
5196 6017
5196 6822
5196 9020
5196 10267
5197 6977
5197 7024
5197 7386
5197 7748
5197 8493
5197 9982
5197 11325
5199 5712
5199 6045
5199 6156
5199 7360
5199 11347
5200 9607
5201 5289
5201 5819
5201 7391
5201 10546
5206 7519
5206 10249
5207 5925
5207 6673
5207 8442
5208 5502
5208 6852
5208 10068
5208 10338
5209 5258
5209 7517
5209 9110
5211 5586
5211 5932
5211 6763
5211 7134
5211 10334
5227 10274
5229 7369
5229 7380
5229 9094
5230 8440
5230 10228
5234 5563
5234 6036
5234 7429
5234 8504
5234 10271
5235 6916
5235 7749
5242 5570
5242 9828
5242 10320
5243 7846
5243 9109
5243 11323
5244 7138
5244 10233
5244 10253
5245 6673
5245 7876
5246 5329
5246 11330
5247 5328
5247 5504
5247 9642
5247 10603
5248 5332
5248 5935
5248 7376
5248 9038
5248 9985
5248 10215
5248 10552
5248 10978
5249 5555
5249 7745
5249 9455
5249 9979
5249 10552
5250 5296
5250 5704
5250 6882
5250 10275
5250 10290
5251 6284
5251 10290
5252 5845
5253 10329
5253 10581
5253 11131
5254 9040
5257 5554
5257 6882
5258 6848
5258 8506
5258 10321
5259 5707
5259 6275
5259 9948
5259 10452
5260 5515
5260 5585
5260 6034
5260 7377
5261 5287
5261 5336
5261 8518
5262 9977
5264 6454
5264 8456
5264 8715
5264 9038
5264 11340
5265 8525
5265 9609
5265 11127
5267 5336
5267 7875
5267 9437
5268 6787
5268 7424
5268 7769
5268 10281
5272 6666
5272 10331
5273 7748
5274 5906
5274 7385
5274 9056
5274 10207
5274 10517
5276 6668
5276 7020
5276 7427
5277 5946
5277 6035
5278 5933
5278 7880
5278 11337
5283 5329
5283 5704
5283 6134
5283 7514
5283 9113
5283 10314
5284 5338
5284 7751
5284 10694
5285 6742
5285 8524
5285 10556
5286 8505
5286 9604
5286 10221
5286 10282
5287 9053
5288 8528
5288 10213
5289 6198
5289 8492
5289 9946
5291 5736
5291 7877
5292 9944
5292 10608
5293 7850
5293 10225
5294 10238
5295 5570
5295 6880
5295 9034
5295 9986
5296 5928
5296 8496
5296 8507
5296 10288
5296 10558
5297 5464
5297 5467
5297 7365
5298 11330
5299 6042
5299 9022
5300 5519
5300 10204
5301 5316
5301 5340
5301 7853
5301 9020
5303 5814
5303 6134
5303 6156
5304 5928
5304 8710
5304 9883
5304 10301
5304 10319
5305 7849
5305 10245
5305 10293
5305 10302
5306 5943
5306 6761
5306 8875
5310 5814
5310 6829
5310 10253
5311 6682
5312 5923
5312 7413
5313 6888
5313 7759
5315 8720
5315 10240
5316 5633
5316 10200
5316 10224
5317 5934
5317 9117
5318 5705
5318 7750
5318 11304
5319 8489
5319 9980
5319 10226
5320 8521
5320 10030
5320 10547
5321 10267
5322 7848
5322 9033
5322 9829
5323 7425
5323 8474
5324 7880
5326 9011
5326 9057
5326 10292
5327 7873
5328 10323
5329 7520
5330 8490
5330 9100
5331 6449
5331 6670
5332 8517
5332 9827
5333 6024
5333 6663
5333 8494
5333 9881
5334 5565
5334 5734
5334 5956
5334 7428
5334 9989
5334 10561
5334 10608
5334 11327
5335 10239
5335 10259
5335 10588
5336 5705
5336 6667
5336 6917
5336 7387
5336 10227
5337 7845
5337 10637
5337 11331
5338 7392
5338 8438
5338 9711
5338 10237
5339 8909
5339 10224
5339 10282
5339 10318
5340 5563
5340 10235
5341 7769
5341 9035
5341 11331
5342 6670
5343 6035
5343 6826
5343 8517
5343 10565
5344 5511
5344 7026
5345 7421
5345 11335
5346 10640
5347 5565
5347 5819
5347 5951
5347 7515
5349 5573
5349 6674
5349 10226
5349 10522
5351 6825
5351 7367
5352 6825
5353 5694
5353 6885
5464 6681
5464 8718
5464 10270
5466 6033
5466 6976
5466 7750
5466 8538
5466 10286
5467 7134
5467 7381
5467 9036
5468 5705
5468 6886
5468 10690
5469 6034
5469 6665
5469 7853
5470 9104
5470 9918
5471 10305
5471 10554
5499 6850
5499 7851
5502 7359
5503 6284
5503 8453
5503 10640
5503 11324
5504 5739
5504 9827
5504 10242
5507 8910
5508 5967
5510 7366
5510 11328
5511 8458
5511 9098
5512 6034
5512 7842
5512 11332
5513 6637
5513 10218
5513 10510
5514 6668
5514 10341
5515 6292
5515 7853
5515 10418
5515 10676
5516 9408
5516 9913
5517 5956
5517 8523
5518 7392
5518 9106
5518 10207
5518 11133
5519 6134
5519 9883
5519 10517
5520 6291
5520 8717
5521 8911
5554 5945
5554 9908
5554 11321
5555 7364
5555 10296
5556 10691
5557 10524
5558 9642
5558 9910
5558 9914
5558 10267
5558 10329
5559 5883
5559 7022
5561 9056
5562 5838
5562 7518
5562 8716
5563 6977
5563 8456
5563 9004
5563 9989
5564 8443
5564 10227
5564 10328
5565 5575
5565 5635
5565 5955
5565 9013
5566 6849
5569 5952
5569 7852
5569 8440
5569 8492
5570 6809
5570 7028
5570 8523
5570 8708
5570 10637
5572 5737
5572 5951
5572 7425
5572 10214
5573 7423
5573 8717
5574 7015
5574 9110
5574 11315
5575 5930
5575 8508
5575 10346
5577 6181
5577 6742
5585 8452
5585 9412
5586 6135
5586 7846
5586 11339
5607 5621
5612 6079
5617 5914
5619 6075
5622 5914
5627 6075
5627 6101
5633 5926
5633 6825
5634 6833
5634 7427
5634 8522
5634 10271
5634 10336
5634 10551
5635 10312
5677 5705
5677 7391
5677 7423
5694 5934
5701 9107
5701 11330
5702 5940
5702 7874
5702 7881
5702 8508
5702 10261
5703 5833
5703 8443
5703 9437
5703 9825
5703 10694
5704 6743
5704 8443
5707 6040
5708 9114
5708 9987
5709 6026
5709 10552
5709 11125
5710 6837
5710 8910
5711 5853
5711 7396
5711 8472
5711 10260
5711 11133
5712 6674
5712 8912
5714 5817
5714 8527
5714 8715
5715 10030
5716 7871
5716 8448
5716 9982
5716 10279
5725 9594
5730 6740
5730 8704
5730 9098
5731 8711
5731 9881
5733 6294
5735 9883
5735 11127
5736 8909
5737 10555
5738 6917
5738 9404
5739 10241
5740 7429
5749 7755
5749 7769
5749 10308
5749 11347
5756 5883
5756 6207
5756 6740
5756 6829
5756 7416
5756 7871
5756 8442
5756 9883
5814 6156
5814 8910
5814 9016
5814 10203
5814 10252
5815 6041
5815 7361
5815 10328
5816 10263
5817 6744
5817 9880
5818 9848
5818 10223
5819 10263
5819 10268
5819 11350
5823 7365
5823 8524
5823 10207
5833 11328
5834 8708
5834 8721
5834 9097
5835 5942
5835 7396
5835 7429
5835 10068
5835 11337
5836 11130
5837 9987
5838 6890
5838 9946
5838 10328
5842 10309
5843 5943
5843 6045
5844 6033
5844 6455
5844 7377
5844 9015
5844 10204
5844 11350
5845 10534
5846 7417
5846 9441
5846 10555
5847 10211
5849 6446
5849 6786
5849 6888
5849 10292
5850 7367
5850 8517
5850 10311
5850 11354
5851 7853
5851 8524
5852 9117
5852 10209
5853 8524
5853 10203
5853 10262
5855 7855
5855 8714
5855 8907
5855 10209
5874 5933
5874 9979
5874 9989
5874 10208
5878 5948
5878 6664
5878 6888
5878 8527
5878 9971
5879 6037
5879 7376
5879 8530
5879 9948
5883 6828
5883 7884
5883 8451
5883 8706
5883 10205
5883 10688
5886 5905
5886 8519
5886 9880
5886 10258
5886 11350
5900 7028
5900 8530
5900 11337
5902 11348
5903 8910
5903 9434
5904 9452
5904 10228
5905 10250
5905 10688
5905 11331
5906 10240
5906 10282
5916 10186
5921 9980
5921 10236
5922 8874
5923 10261
5923 10324
5924 9097
5924 9107
5925 5934
5925 10211
5926 7364
5926 7428
5926 8721
5928 9016
5928 10534
5929 9004
5929 10588
5930 5974
5930 7372
5930 10315
5930 10552
5930 11130
5931 6135
5931 7521
5932 5940
5932 6977
5932 9945
5932 10452
5933 6017
5933 6880
5934 10256
5934 10347
5934 10574
5934 11305
5937 9975
5937 10891
5939 10225
5939 10282
5939 11338
5940 6913
5941 6851
5941 8913
5941 9011
5941 9094
5944 5955
5944 5967
5944 6851
5944 6913
5944 7380
5946 6134
5946 7852
5946 10606
5947 11332
5951 6028
5951 7879
5951 9451
5952 6969
5952 8442
5952 9056
5952 9882
5952 10285
5953 10286
5953 11353
5954 5974
5954 9114
5955 7853
5956 7017
5956 7879
5956 9107
5956 10223
5959 9092
5967 9605
5967 10249
5967 10637
5974 9119
5976 7019
5976 10522
5977 6668
5977 9113
5980 7420
5980 8437
5983 6888
5983 9911
6024 10262
6026 9435
6026 10220
6027 6241
6027 6825
6027 10314
6028 7520
6028 9994
6028 10318
6028 11351
6033 6835
6033 7015
6033 7422
6033 9092
6033 9109
6034 7517
6034 7852
6034 10278
6035 9019
6037 6827
6038 7413
6038 8517
6038 10278
6040 6917
6040 8488
6040 9101
6041 6836
6041 8911
6041 10213
6041 11325
6042 7871
6042 8507
6043 9103
6043 10208
6043 10605
6045 10266
6068 6823
6068 6834
6094 10257
6132 6798
6132 10298
6133 6207
6133 7853
6133 9852
6133 10217
6133 10697
6135 7021
6135 10290
6135 10554
6136 6834
6136 6885
6138 8447
6138 11324
6156 6962
6156 9022
6156 9106
6181 6809
6193 6672
6193 9037
6194 7385
6194 10517
6194 10581
6194 11305
6195 6834
6195 7426
6197 7397
6197 10328
6197 11129
6198 10301
6199 7360
6199 7769
6199 7850
6199 10694
6199 11334
6275 8712
6275 9436
6284 7523
6290 7017
6290 7369
6290 8452
6291 10553
6292 9851
6293 7388
6293 7398
6293 10516
6447 6853
6449 9042
6449 10326
6449 11127
6454 8720
6454 8874
6455 7371
6663 8452
6663 10978
6664 7876
6664 9012
6664 10284
6664 10328
6665 6890
6665 6962
6665 10254
6666 9878
6666 11353
6668 11134
6670 7385
6671 7424
6671 8523
6671 10262
6672 6849
6672 7843
6672 7845
6672 9113
6672 10240
6673 7016
6673 7417
6673 11322
6674 7517
6675 7380
6675 8448
6676 11137
6677 10317
6678 9607
6678 9989
6678 10221
6679 7936
6679 8708
6679 11336
6680 10603
6681 6798
6681 10247
6682 10246
6682 10689
6682 11324
6740 9035
6740 10228
6742 7397
6742 7877
6742 8507
6742 10238
6742 11346
6745 6848
6745 7523
6745 9119
6745 9911
6761 7749
6761 7754
6761 9979
6761 10203
6761 10241
6761 10296
6761 11334
6786 11133
6787 9117
6798 11322
6809 8716
6809 10331
6809 11349
6810 10246
6821 7025
6821 9913
6821 11124
6822 7843
6822 11345
6823 9850
6823 10242
6824 8494
6824 10339
6825 10203
6826 8445
6826 10199
6826 10418
6828 9850
6828 9971
6828 11126
6829 7423
6829 8458
6829 9013
6829 9594
6830 8445
6830 10560
6832 10637
6833 6913
6833 10303
6834 6850
6834 8703
6834 10300
6835 8454
6836 7756
6836 8438
6836 10565
6837 8708
6837 8911
6837 10336
6838 6917
6838 9058
6848 10558
6849 10551
6849 10581
6850 6915
6850 7428
6850 7759
6851 10510
6851 10581
6852 7016
6852 7755
6852 8711
6852 9454
6852 10214
6852 10517
6880 7415
6880 11352
6886 7417
6886 7879
6886 9020
6890 10238
6890 10296
6902 6907
6913 7364
6913 10211
6914 9596
6914 10565
6916 7526
6916 10314
6916 11128
6917 7841
6962 8493
6962 9018
6962 9879
6963 7024
6963 9827
6963 9853
6969 7522
6976 7523
6976 7845
6977 9453
7016 9911
7017 8521
7017 10261
7018 10514
7019 11137
7020 9605
7020 10559
7021 7751
7021 9879
7022 9878
7022 9902
7022 10269
7023 7769
7023 10288
7024 8449
7024 9947
7025 7517
7026 9110
7028 10235
7029 8492
7134 8707
7138 8907
7138 9975
7318 7324
7359 7853
7359 8508
7359 10690
7360 7520
7360 7850
7360 8523
7360 9851
7360 10257
7361 10560
7362 10248
7362 11335
7363 7750
7363 7759
7363 9985
7364 10561
7365 10225
7366 11330
7370 7418
7370 7876
7371 10552
7372 7520
7372 9979
7373 10555
7373 10606
7374 7871
7374 9015
7375 7878
7375 9057
7377 8439
7377 9407
7377 10228
7377 10239
7377 10280
7378 7421
7379 9606
7379 10308
7380 7850
7380 10637
7381 10312
7383 7424
7383 7759
7383 8495
7383 10243
7384 9948
7384 10551
7384 11133
7385 7519
7386 8505
7386 10288
7388 8711
7388 9117
7388 10259
7388 11349
7389 8705
7389 9095
7390 9596
7391 8526
7391 9848
7392 8704
7393 8527
7393 10343
7394 10697
7395 10066
7395 10251
7395 11128
7395 11134
7396 8527
7397 7844
7397 9883
7397 11303
7398 10239
7398 10612
7398 11347
7410 10696
7411 9914
7412 7755
7412 9020
7413 10261
7413 11318
7414 10588
7415 9987
7416 7752
7417 7875
7417 11346
7418 7518
7418 8472
7419 9607
7419 9994
7419 10235
7421 8704
7421 10227
7421 10554
7422 9451
7423 8443
7423 9829
7423 10315
7424 7851
7424 10285
7424 10602
7425 10588
7426 8297
7426 8525
7426 9389
7426 10345
7427 10555
7428 10010
7428 11337
7429 10275
7513 9607
7513 10251
7513 11352
7514 10254
7515 10255
7516 8913
7517 7844
7517 8871
7518 7752
7519 8496
7519 11337
7519 11353
7520 9434
7520 9608
7520 10218
7520 10266
7520 11327
7521 7876
7521 9107
7521 10694
7522 8451
7522 10261
7523 9012
7524 10343
7525 7873
7525 8529
7525 8708
7526 11124
7745 9851
7745 10259
7745 10697
7746 7846
7746 10552
7747 10226
7748 10581
7749 11315
7749 11331
7750 8506
7750 10299
7751 10324
7752 8909
7752 11335
7753 10070
7753 10275
7754 10333
7755 10239
7756 8718
7756 9107
7756 10245
7757 8444
7757 8707
7758 8716
7758 9971
7758 10243
7759 9110
7759 11315
7769 9442
7842 9033
7843 8711
7843 10336
7844 9608
7844 9914
7846 8474
7846 10534
7847 9020
7847 10231
7849 10222
7850 8721
7850 10270
7850 10335
7851 10516
7851 10697
7852 10297
7853 10676
7872 9055
7872 9109
7874 11129
7875 8907
7876 7879
7876 11337
7877 8472
7877 9822
7879 9100
7879 10281
7879 10524
7879 11127
7880 8695
7880 11347
7884 8717
7884 9004
7948 7950
7997 8085
7997 8281
8002 8270
8004 8587
8005 8131
8009 8278
8041 8048
8061 8126
8061 8228
8065 8284
8071 8294
8072 8267
8078 8294
8080 8118
8086 8118
8115 8276
8116 8590
8120 8302
8123 8289
8125 8220
8128 8586
8132 8226
8222 8282
8222 8297
8230 8274
8266 8586
8302 8571
8437 9098
8437 9436
8437 9883
8437 10221
8438 9985
8438 10550
8438 10556
8439 9410
8439 10208
8440 10556
8441 8489
8442 9101
8442 10340
8445 10231
8447 10230
8447 10553
8448 9098
8448 10249
8449 9019
8449 9435
8450 10694
8451 11312
8452 10565
8453 10214
8453 10891
8454 10204
8454 10516
8454 11135
8454 11329
8455 11126
8456 10222
8457 8526
8457 10574
8458 10219
8458 10603
8472 8706
8473 10691
8474 8871
8488 10338
8493 10266
8495 9014
8496 10249
8504 9994
8504 10258
8505 10224
8505 10253
8505 11323
8506 10239
8507 8913
8508 9913
8508 10550
8508 10607
8508 10639
8517 10221
8523 9058
8525 10334
8528 10524
8529 10687
8530 9878
8530 10581
8538 10335
8538 10516
8603 10282
8603 10319
8603 10638
8611 8628
8613 8730
8613 8740
8613 8741
8634 8655
8658 8778
8660 8662
8696 9040
8696 9980
8696 10220
8703 10280
8705 10301
8707 9407
8710 10235
8711 9054
8711 9798
8711 10588
8712 10293
8712 10581
8714 10551
8715 9882
8717 11325
8719 9442
8726 8790
8729 8795
8749 8813
8756 8815
8763 8768
8776 8778
8778 8780
8871 10262
8871 10330
8875 10293
8907 10226
8909 10296
8909 10534
8912 10063
9011 10697
9013 9409
9013 9879
9015 9848
9015 10693
9016 10603
9017 10324
9017 10611
9018 9455
9019 10278
9019 10309
9020 9825
9021 11318
9033 10603
9034 11335
9036 10547
9037 10203
9038 10641
9038 11325
9040 10030
9042 10280
9042 10307
9053 9977
9053 10221
9053 10691
9054 9986
9056 11353
9057 9114
9057 9404
9057 10345
9058 9099
9058 10265
9092 10524
9094 10300
9094 10311
9094 10332
9094 10559
9096 9910
9096 10215
9097 9450
9097 9454
9097 10693
9098 10254
9098 11135
9100 9404
9100 10280
9100 11340
9102 10329
9103 9450
9104 10224
9104 10320
9106 9947
9106 10344
9106 10602
9106 11312
9107 9798
9107 10271
9110 9986
9110 10272
9112 10243
9114 11332
9117 10260
9117 10418
9119 10639
9176 9181
9375 9382
9407 10288
9409 11353
9410 11322
9434 11312
9436 10560
9442 10236
9442 11332
9458 9460
9465 9498
9467 9477
9470 9477
9477 9484
9519 9521
9531 11357
9534 11172
9552 11163
9553 11146
9556 11172
9594 9822
9596 10552
9605 10067
9606 11335
9607 10199
9607 10279
9607 10320
9608 11346
9642 9982
9661 9704
9676 9697
9822 11340
9826 10555
9827 10550
9829 10236
9878 10307
9879 10527
9879 11333
9882 10297
9883 10248
9902 10305
9908 10228
9908 10332
9918 10070
9918 10219
9945 10066
9945 10546
9946 10302
9948 10612
9949 10297
9949 10608
9971 10229
9975 10327
9975 11336
9976 11324
9977 10418
9978 10280
9982 10205
9982 10607
9985 10280
9985 11337
9986 10225
9987 11125
9989 11315
9994 10282
10030 10546
10063 10558
10066 10245
10066 11126
10070 11337
10081 10100
10088 10091
10199 10276
10199 11338
10200 10314
10200 11318
10200 11326
10202 10300
10202 10695
10203 10242
10204 10330
10206 11325
10207 10252
10209 10324
10211 10236
10213 10248
10214 10978
10214 11303
10218 11348
10219 10295
10219 10559
10220 10510
10222 10275
10223 10329
10226 10320
10227 10606
10228 11321
10230 10273
10232 11126
10233 11319
10237 10239
10240 10675
10242 10639
10242 11349
10243 10282
10249 10307
10249 10641
10250 10294
10250 10524
10252 10581
10253 11336
10262 10604
10263 10298
10263 10581
10264 11352
10265 11335
10266 10277
10267 11126
10268 10294
10272 11325
10279 10312
10281 10311
10282 11334
10284 10287
10284 11323
10285 11321
10290 10309
10291 10303
10291 10551
10291 10676
10292 10306
10296 10611
10297 11333
10300 11134
10301 11134
10302 10551
10305 10312
10307 11129
10314 10554
10315 11331
10321 10602
10324 11125
10328 10588
10337 10512
10338 11327
10357 10368
10361 10410
10364 10426
10376 10396
10376 10438
10378 10421
10378 10430
10379 10389
10383 10386
10388 10419
10395 10407
10404 10443
10408 10436
10466 10485
10512 10550
10517 11322
10522 10551
10522 11323
10523 10555
10534 11321
10546 10557
10547 10551
10548 11332
10550 10692
10599 11189
10602 10695
10604 11327
10608 11350
10613 11353
10675 11305
10688 11333
10689 11354
10696 11127
10720 10734
10737 10773
10741 10796
10750 10771
10754 10769
10756 10813
10758 10766
10772 10800
10776 10824
10788 10828
10790 10827
10802 10831
10809 10833
10815 10832
10845 10846
10846 10852
10894 10942
10914 10936
10919 10935
10932 10973
10936 10959
10941 10970
10943 10967
10960 10968
11126 11322
11132 11353
11162 11170
11191 11258
11204 11213
11214 11260
11223 11255
11231 11247
11248 11267
11252 11275
11261 11264
11305 11347
11325 11352
