5000
345 525
413 417
522 542
572 586
575 9536
576 680
576 9951
578 640
580 9534
581 638
640 10138
706 10038
749 831
753 822
788 844
915 958
951 969
956 957
1031 1560
1031 4010
1032 3909
1033 1500
1034 1250
1034 1437
1034 1506
1034 3958
1035 1082
1035 3510
1035 3674
1035 3821
1037 1283
1038 1263
1038 2815
1039 1398
1039 2880
1039 3518
1039 3681
1039 3716
1040 2839
1040 3915
1041 1334
1041 3305
1041 3502
1041 3650
1041 3710
1042 1579
1042 3828
1044 1302
1045 2947
1045 3554
1046 3768
1046 3857
1046 3868
1047 2055
1048 1131
1048 1521
1049 1508
1049 3501
1049 3883
1049 3898
1050 3241
1051 1139
1051 3935
1051 3980
1052 1256
1052 1663
1052 2824
1052 3663
1054 1235
1054 1346
1054 2021
1054 3622
1056 3636
1057 3966
1058 1821
1058 2030
1058 3756
1059 1816
1059 2837
1060 1179
1060 3678
1061 1411
1062 3532
1062 3561
1062 3580
1063 1172
1063 1417
1063 2071
1063 2885
1064 1141
1064 3611
1065 1406
1068 3525
1069 1630
1069 3402
1070 3319
1071 1294
1071 2081
1071 2774
1071 2775
1071 3832
1072 1307
1072 3814
1073 1642
1073 3621
1075 1194
1075 1472
1075 2011
1077 1142
1077 1508
1077 2846
1077 3933
1077 4007
1078 3627
1079 1698
1079 2863
1079 3816
1080 1330
1080 2858
1080 3523
1080 3635
1082 1267
1082 1394
1082 3319
1083 3981
1084 1225
1084 3964
1085 1130
1085 1383
1086 2011
1086 2882
1087 1419
1087 1832
1087 2823
1087 2837
1087 2853
1087 3831
1087 3939
1088 3221
1088 3545
1088 3558
1089 3949
1091 1935
1092 1659
1093 3441
1094 1518
1095 1912
1095 2839
1095 3657
1095 3998
1098 1306
1098 1365
1098 2034
1099 1410
1099 3438
1099 3770
1099 3892
1100 1488
1100 2887
1100 3493
1100 3711
1100 3770
1100 3885
1100 3942
1101 3395
1101 3676
1102 1449
1103 3914
1103 3961
1104 1905
1105 2863
1105 3972
1106 1684
1106 3514
1107 3505
1108 2831
1108 3235
1108 3470
1108 3750
1108 3779
1109 1796
1109 1828
1110 1137
1110 1264
1110 3939
1111 1311
1111 1519
1112 1250
1112 2859
1112 3814
1113 1195
1113 2825
1113 3893
1114 1279
1116 1318
1116 2044
1116 2757
1116 3710
1116 3868
1116 3916
1117 1831
1117 3772
1118 1634
1118 2057
1118 4016
1119 1740
1119 3486
1122 2809
1122 3721
1122 3888
1123 1542
1123 1636
1124 1397
1124 3928
1124 3981
1125 3661
1127 1142
1128 1829
1129 3751
1131 1467
1132 1143
1132 3454
1132 3776
1133 1358
1133 1408
1133 2000
1133 3852
1134 1408
1134 2006
1135 2871
1135 3403
1135 3470
1135 3489
1135 3966
1137 3527
1137 3962
1138 1346
1138 3366
1138 3515
1139 2078
1140 1644
1140 1654
1141 1487
1142 1463
1142 3296
1143 1145
1143 2833
1143 2834
1143 3790
1144 1587
1144 2013
1144 3949
1145 1931
1145 1940
1145 3575
1145 3580
1145 3644
1146 2007
1146 2850
1147 3191
1148 1316
1148 2058
1148 3729
1149 1639
1149 3527
1151 3645
1151 3650
1152 3494
1152 3548
1153 1906
1157 3983
1159 1360
1159 1524
1159 1916
1159 2946
1159 3868
1160 1169
1160 3817
1161 1445
1161 3633
1161 3634
1161 3916
1162 1722
1162 2206
1162 3855
1162 4014
1164 1364
1164 1421
1164 1484
1165 1182
1165 1609
1165 2040
1165 3203
1165 3425
1166 1526
1166 1546
1166 1613
1170 2039
1170 3632
1171 2067
1171 3862
1172 1828
1173 2008
1173 3920
1174 3366
1174 3636
1174 3778
1174 3890
1176 2060
1176 3337
1177 3355
1177 3945
1178 1724
1178 1967
1178 2887
1178 3583
1179 2076
1179 3701
1180 1292
1180 1466
1180 3481
1181 1470
1181 2775
1182 1276
1182 1759
1182 3344
1183 1745
1183 2809
1183 2854
1183 3819
1185 1263
1185 1830
1186 1369
1187 1512
1189 1248
1189 1414
1189 1918
1189 3731
1190 2007
1190 3489
1191 3686
1192 3714
1192 3730
1192 3874
1193 1639
1194 1936
1194 3521
1194 3554
1195 1704
1195 2852
1195 3888
1195 3999
1196 1327
1196 1354
1198 1254
1198 1263
1199 1464
1199 3504
1199 4013
1200 1276
1200 1564
1200 1608
1200 3660
1202 3365
1202 3695
1203 1684
1203 3629
1204 1707
1204 1813
1205 1274
1205 3566
1205 3676
1205 3691
1207 1736
1207 3844
1208 3452
1209 2893
1211 3373
1212 2020
1212 2079
1213 3964
1214 1843
1215 1254
1215 1278
1216 1348
1216 3449
1218 2830
1218 3516
1219 3742
1220 2084
1220 3550
1220 3744
1221 1270
1223 3995
1224 3489
1224 3768
1224 4006
1227 1775
1227 3587
1227 3715
1230 1332
1230 3702
1230 3819
1231 1567
1231 2063
1231 2868
1231 3453
1231 3973
1232 1378
1232 2066
1232 3654
1233 1921
1234 1430
1234 3486
1235 3475
1236 1627
1236 2029
1237 1700
1237 1909
1237 2949
1237 3829
1238 1559
1238 1744
1238 2813
1239 3520
1239 3663
1239 3825
1240 3650
1242 1335
1242 1552
1242 3570
1243 2783
1243 3901
1244 1620
1244 2859
1244 3399
1244 3509
1244 3588
1245 1357
1245 1805
1245 3501
1246 3816
1247 2872
1247 3821
1248 3503
1248 3607
1249 3840
1251 3861
1252 2840
1252 3203
1252 3747
1252 3906
1252 3933
1253 1672
1253 1829
1253 3700
1254 3330
1255 1287
1255 3276
1255 3454
1257 1308
1257 1368
1258 1268
1258 3458
1259 1745
1259 1829
1260 2945
1261 1421
1261 3454
1262 1349
1262 2033
1262 3707
1264 2072
1265 2076
1265 3872
1266 1703
1266 1746
1267 1736
1267 3151
1267 3985
1268 3776
1269 3914
1271 1299
1271 1536
1271 1647
1271 3377
1272 1902
1273 1692
1273 1736
1273 1924
1274 1675
1275 2000
1275 4012
1276 3606
1276 3839
1277 1652
1278 1462
1279 1731
1279 1939
1279 3602
1279 3636
1280 2880
1280 3883
1282 1484
1282 1580
1283 1911
1283 1932
1283 2034
1283 2069
1283 3949
1284 1902
1285 1610
1285 3731
1285 3995
1286 3631
1287 1325
1287 3528
1288 1538
1288 3518
1288 3600
1288 3789
1289 3519
1290 2775
1291 1331
1291 1386
1291 1646
1291 3634
1292 3438
1292 3837
1293 2842
1294 1516
1295 1470
1295 3648
1297 1351
1297 1677
1297 3282
1297 3729
1298 1688
1298 3685
1298 3768
1301 1375
1302 1416
1302 2838
1302 3751
1303 1477
1303 1676
1304 1914
1304 2035
1305 3939
1306 3529
1306 3749
1306 3810
1308 1390
1308 2835
1308 3662
1310 1343
1310 3614
1310 3662
1310 3663
1311 1600
1311 2795
1311 3841
1312 3790
1313 1337
1313 1611
1313 2008
1313 3734
1314 3792
1315 1736
1316 2807
1316 3856
1318 1371
1318 1877
1318 2006
1318 2015
1318 3980
1319 2850
1319 3697
1321 1474
1322 1462
1322 1611
1322 1961
1322 3404
1323 1719
1323 3502
1323 3520
1326 1597
1326 3635
1327 1369
1327 1821
1328 3742
1329 1350
1330 3767
1331 3588
1332 1820
1332 3680
1335 1604
1335 1710
1337 2943
1337 3775
1338 1596
1338 3379
1339 1353
1339 3724
1339 3954
1340 1506
1343 1440
1343 2068
1343 3547
1345 1445
1345 3594
1346 1663
1346 3634
1347 1603
1347 1700
1347 3899
1349 2870
1349 3827
1350 3358
1351 1395
1351 2813
1353 1876
1353 2832
1355 1905
1355 2846
1355 3589
1356 3663
1357 3720
1358 1645
1359 11353
1364 2950
1364 3959
1365 3796
1367 3282
1369 2949
1370 3859
1370 3939
1371 4000
1372 3501
1374 1796
1374 3365
1376 3476
1376 3920
1376 3978
1378 3419
1379 2943
1380 3914
1381 2883
1382 1485
1383 3646
1384 1665
1384 3708
1385 3382
1386 1396
1386 1553
1386 1679
1386 3912
1387 1529
1387 3636
1387 3670
1387 3758
1387 3911
1388 3399
1389 1445
1389 3888
1390 1549
1390 1589
1391 1844
1391 3448
1392 1592
1392 1903
1392 2206
1393 3281
1394 3855
1396 1903
1396 3424
1396 3734
1397 3488
1397 3905
1399 3767
1400 1624
1402 3629
1402 3691
1403 2019
1403 2046
1404 3395
1404 3911
1406 2833
1407 3852
1408 2060
1408 2069
1408 3598
1408 4006
1409 2880
1409 3655
1410 3712
1411 2050
1411 2082
1412 2027
1413 1538
1414 2031
1414 2851
1417 1700
1417 2832
1418 2868
1419 1662
1419 2035
1420 1844
1422 1920
1423 1431
1423 1774
1424 3494
1425 3589
1426 2842
1427 2050
1428 1596
1428 1805
1428 3533
1428 3747
1428 3846
1428 3878
1430 2799
1431 1526
1431 3837
1431 3870
1432 1809
1432 3917
1434 1466
1434 1504
1435 1590
1435 2819
1436 1831
1436 2778
1438 1756
1439 1478
1439 1669
1440 1996
1440 3705
1441 1719
1441 3491
1441 3630
1441 3938
1442 2047
1443 3588
1443 4016
1444 1590
1444 1718
1444 1919
1444 2819
1445 3920
1447 1813
1447 3650
1447 3683
1448 3712
1448 3746
1448 3832
1449 3554
1450 3534
1450 3895
1451 1667
1452 3580
1452 3612
1453 3700
1454 1562
1455 2775
1456 1598
1456 3740
1456 3824
1458 3561
1460 2052
1460 3921
1461 1570
1461 1751
1462 1491
1462 1617
1463 1499
1463 1833
1463 3402
1463 3824
1466 3627
1467 2846
1467 3839
1467 3955
1468 1489
1468 3319
1468 3537
1472 1532
1472 1935
1473 3868
1473 4017
1474 1636
1475 3707
1476 3841
1476 3886
1477 2881
1478 1553
1478 3980
1479 2007
1479 3905
1480 2842
1481 1710
1481 2886
1481 3316
1481 3889
1481 3971
1482 1941
1482 3501
1483 1516
1483 2529
1483 3532
1483 3863
1484 2805
1485 3670
1486 3533
1486 3687
1486 3976
1488 1713
1488 3632
1489 3879
1490 2868
1490 3610
1491 3573
1494 2839
1496 3607
1496 3731
1499 1527
1499 1943
1499 2822
1499 3518
1500 2046
1503 1553
1503 3548
1504 3689
1506 3954
1507 1620
1508 1570
1508 2844
1508 3749
1509 3729
1509 3911
1509 3982
1510 3130
1511 2775
1513 3811
1513 3980
1514 1590
1514 3941
1519 1669
1519 3533
1520 1633
1520 2017
1520 3311
1521 3839
1521 3923
1523 1698
1523 2074
1523 3651
1524 3728
1525 1531
1525 3820
1526 3694
1529 1570
1529 2068
1529 2893
1531 2012
1531 3502
1531 3652
1533 1599
1533 3336
1533 3475
1533 3555
1536 1567
1537 3311
1537 3857
1537 3918
1538 2774
1538 2830
1538 3173
1539 1918
1539 2045
1539 2859
1539 3453
1539 3769
1540 2772
1540 3333
1541 1945
1541 3593
1541 3622
1541 3712
1542 1990
1544 3658
1544 3674
1546 1583
1546 3885
1547 1952
1547 2045
1547 3550
1549 2769
1549 3775
1551 3928
1552 2943
1552 3191
1553 3887
1555 3623
1555 3790
1556 1658
1556 2778
1556 3627
1556 3947
1557 3693
1558 1990
1558 3956
1559 1750
1559 2883
1561 1999
1561 3503
1562 2013
1562 3648
1563 3468
1563 3980
1564 1753
1564 3672
1565 1740
1566 2943
1568 1625
1569 2945
1569 3640
1570 1667
1570 3583
1574 1697
1574 3329
1580 1809
1580 2840
1583 2774
1583 3608
1587 1753
1587 3377
1587 3709
1588 1957
1589 1698
1589 1829
1590 3619
1595 1919
1595 3597
1597 3862
1599 3862
1601 1972
1601 3500
1601 3520
1602 2051
1602 3243
1603 3311
1604 3866
1605 3602
1606 2853
1607 3449
1608 2526
1608 3530
1608 3739
1610 1626
1610 3747
1610 3879
1611 3640
1612 2950
1612 3489
1612 3919
1613 2073
1616 2816
1616 2892
1616 3589
1617 3501
1617 3587
1618 3983
1619 2054
1619 3612
1619 4006
1620 2775
1620 3344
1621 2808
1621 3987
1622 3998
1624 1756
1625 2068
1625 3987
1626 2045
1626 3299
1630 3760
1631 4004
1632 1992
1632 3490
1633 4010
1636 3386
1636 3546
1636 3623
1639 1675
1639 3865
1641 2003
1641 2854
1642 3333
1642 3792
1643 1823
1645 3648
1646 1679
1646 1717
1646 3692
1647 1733
1647 2006
1647 2022
1648 3795
1649 1972
1649 2844
1649 3749
1649 3855
1650 1652
1650 3588
1652 3523
1654 3654
1654 4004
1656 1818
1656 3227
1658 3561
1659 1968
1659 3743
1660 2824
1662 2037
1662 3299
1663 2068
1663 3603
1664 3754
1665 3469
1665 3827
1666 2889
1667 2818
1667 3254
1667 3277
1669 1929
1675 1886
1677 3865
1678 3600
1685 3560
1686 2806
1686 2814
1688 2946
1688 3819
1691 3698
1691 3781
1692 3956
1697 3695
1697 3723
1697 3725
1698 3532
1700 1918
1701 3892
1702 1941
1702 3172
1703 3377
1703 3973
1705 3606
1706 3769
1707 1834
1707 2862
1707 3857
1710 2858
1710 3611
1710 3950
1710 3994
1711 3503
1711 3893
1711 3971
1713 3240
1715 3676
1717 1825
1719 2067
1721 2805
1721 3839
1722 3803
1726 1890
1726 2023
1726 3204
1728 2873
1728 3889
1729 1741
1730 3508
1731 3240
1733 3929
1738 3874
1740 1800
1740 1890
1741 1963
1741 3400
1741 3507
1742 3449
1745 1907
1747 3627
1750 1914
1753 2010
1754 3553
1756 4008
1759 3278
1774 2800
1775 3515
1779 3323
1788 1792
1788 3424
1789 1833
1789 3569
1792 3131
1800 2052
1805 3394
1805 3396
1809 3568
1811 3787
1816 1941
1817 3607
1818 2800
1819 3337
1821 3500
1822 3252
1822 3923
1823 3744
1824 2832
1826 1961
1827 2075
1827 3971
1828 3830
1829 2861
1829 3765
1831 2784
1831 3424
1832 1910
1832 3857
1833 3869
1834 1995
1834 2007
1834 2805
1844 3898
1876 2005
1876 2883
1877 2033
1877 2760
1877 3627
1878 1983
1878 3962
1890 2043
1890 2764
1897 2039
1897 3818
1898 1972
1900 2050
1900 2872
1901 3481
1902 2830
1902 3460
1903 1930
1905 3530
1908 1912
1910 3667
1911 2013
1911 3365
1911 3752
1912 3355
1912 3960
1914 2805
1914 3581
1915 3512
1917 2855
1918 2000
1919 3963
1920 3573
1920 3608
1921 2946
1924 3331
1924 3716
1924 3906
1926 3666
1928 3337
1929 3637
1930 1954
1931 3235
1932 3940
1933 2756
1934 2005
1934 3333
1934 3633
1934 3703
1934 3849
1936 2882
1936 3830
1937 3243
1940 3774
1941 2017
1942 2851
1942 2854
1942 3708
1943 3843
1944 2527
1944 2828
1944 3243
1944 3610
1951 3516
1952 2069
1953 3907
1954 1983
1954 2831
1956 2881
1957 2854
1958 2859
1958 3697
1960 2071
1960 3419
1962 3311
1962 3664
1963 3795
1964 2053
1965 3227
1967 3450
1967 3819
1968 3662
1971 3509
1972 2081
1972 3383
1973 3441
1975 2076
1983 2772
1985 3588
1989 3402
1990 3776
1992 3689
1996 2883
1996 3820
1999 4008
2005 3573
2006 3449
2007 3886
2008 2024
2008 3480
2008 3977
2013 3191
2013 3924
2015 3358
2018 2872
2018 3402
2018 3999
2019 2526
2019 2950
2020 3952
2021 3423
2021 3813
2021 3916
2022 3621
2023 3130
2024 3251
2024 3438
2024 3921
2026 2878
2026 3172
2030 2833
2031 3873
2031 3961
2032 2879
2032 3319
2032 3479
2035 3254
2035 3532
2035 3660
2035 3841
2037 2061
2037 3968
2038 3356
2039 3392
2039 3584
2040 3204
2041 2053
2043 3354
2047 3768
2047 3826
2048 3453
2048 3576
2050 2054
2050 3705
2053 2076
2056 2875
2058 3330
2058 3972
2059 2078
2060 3424
2062 3787
2063 2529
2064 2526
2064 3494
2065 3221
2065 3763
2065 3816
2065 3852
2066 3677
2066 3960
2067 2778
2067 3668
2067 3740
2068 3654
2069 2806
2070 3251
2071 3506
2071 3678
2071 3863
2073 3642
2074 3730
2075 3421
2077 3896
2078 2843
2078 3281
2079 2836
2079 3203
2082 2858
2082 3970
2084 3687
2084 3732
2086 3344
2087 3973
2088 3426
2206 3753
2207 3960
2257 3252
2257 3539
2268 3281
2268 3495
2268 3832
2527 3358
2527 3707
2528 3751
2755 3486
2755 3792
2756 3844
2757 3743
2760 2869
2760 3732
2761 3712
2761 3900
2772 2881
2772 3576
2772 3963
2774 3723
2774 3927
2775 3715
2778 3780
2783 2891
2784 3535
2784 3541
2784 3611
2784 3945
2795 3894
2798 3960
2799 2876
2800 3164
2802 3770
2802 3838
2804 2842
2804 3331
2804 3775
2806 3568
2807 3983
2808 2842
2808 3744
2809 3282
2809 3478
2810 3395
2811 3419
2814 2840
2815 3704
2815 4004
2816 3638
2816 3684
2818 2819
2818 3561
2818 3640
2818 3664
2818 3684
2819 3985
2823 3496
2823 3576
2823 3583
2824 3894
2825 2878
2826 3709
2827 3309
2828 2883
2829 3615
2831 3419
2833 3787
2834 3281
2838 3555
2838 4000
2840 3513
2842 3448
2842 3643
2843 3523
2844 3612
2846 3674
2846 3702
2847 3358
2847 3762
2848 3392
2849 3600
2851 2879
2851 3609
2853 3272
2855 3227
2856 3452
2856 3791
2857 3983
2862 3583
2863 3590
2866 3772
2867 3773
2867 3886
2867 3967
2868 3718
2870 3652
2875 3697
2876 4014
2877 3580
2878 3778
2879 3618
2880 3542
2881 3951
2886 3609
2888 3530
2888 3608
2889 3884
2890 3702
2892 3277
2892 3942
2893 3566
2895 3657
2946 3419
2946 3570
2947 3930
2950 3373
3129 3778
3129 3981
3130 3730
3130 3986
3131 3671
3132 3400
3132 3966
3151 4013
3173 3999
3181 3840
3185 3490
3185 3939
3190 3549
3194 3382
3194 3509
3204 3742
3208 3890
3226 3755
3226 4003
3227 3330
3235 3884
3240 3878
3240 3964
3241 3566
3243 3967
3251 3616
3252 3299
3272 3450
3276 3281
3276 3663
3279 3649
3281 3487
3291 3708
3296 3777
3305 3551
3306 3546
3310 3399
3310 3782
3323 3637
3323 3670
3323 3976
3333 3981
3336 3419
3336 3548
3337 3508
3337 3547
3344 3449
3355 3576
3355 3734
3356 3556
3356 3558
3357 3783
3365 3659
3366 3597
3366 3846
3373 3849
3380 3960
3383 3776
3391 3843
3391 3851
3392 3601
3394 3575
3398 3661
3399 3914
3400 3828
3402 3619
3424 3593
3424 3627
3425 3919
3429 3504
3441 3717
3449 3649
3449 3889
3452 3816
3460 3622
3460 3843
3470 3601
3476 3707
3477 3933
3477 3983
3478 3678
3479 3750
3481 3994
3485 3914
3485 3945
3486 3791
3488 3907
3489 3871
3490 3722
3490 3982
3492 3723
3492 3933
3493 3500
3493 3562
3495 3674
3498 3601
3499 3519
3499 3557
3499 3683
3500 3979
3502 3783
3502 3793
3504 3634
3507 3581
3507 3893
3508 3634
3509 3990
3509 4000
3513 3745
3514 3657
3515 3710
3523 3967
3532 3818
3533 3632
3540 3565
3550 3817
3551 3611
3554 3759
3554 3846
3556 3694
3556 3961
3558 3610
3561 3666
3562 3872
3566 3603
3566 3818
3566 4017
3567 3711
3569 3924
3570 3818
3575 3914
3576 3954
3577 3669
3578 3766
3587 3709
3590 3715
3591 3728
3595 3642
3601 3784
3602 3776
3605 3906
3610 3983
3611 3857
3616 3673
3620 4003
3622 3686
3627 3668
3627 3721
3629 3809
3645 3823
3646 3869
3647 3906
3650 3773
3651 3772
3651 3976
3655 3708
3655 3941
3656 3681
3661 3919
3663 4002
3664 3841
3665 3786
3666 3945
3666 3947
3668 4004
3669 3956
3669 3997
3671 3773
3674 3869
3682 3871
3684 3890
3687 3915
3687 4018
3693 3990
3702 3959
3708 3952
3709 3731
3710 3873
3710 3978
3711 3945
3712 3813
3713 3986
3716 3721
3717 3854
3720 3813
3723 4002
3733 3790
3733 3920
3734 3982
3736 3963
3737 3947
3742 3880
3743 3809
3743 3934
3746 3972
3748 3915
3748 4000
3753 3927
3754 3915
3756 3796
3757 3950
3760 3775
3761 3792
3765 3887
3766 4004
3767 3872
3769 3938
3774 3917
3784 3982
3785 3918
3787 3849
3787 3968
3793 3870
3810 4007
3816 11353
3839 3939
3842 3913
3843 3943
3847 3951
3848 3865
3851 3880
3858 3916
3858 3974
3863 3911
3868 4018
3881 4007
3893 3958
3895 3954
3920 3995
3956 4002
3960 4004
3977 3990
4275 4887
4275 4965
4275 5301
4281 5786
4293 4413
4293 4479
4293 6102
4294 5571
4295 5161
4295 5900
4325 4408
4325 5388
4325 5423
4326 4696
4326 4749
4326 6055
4327 4342
4328 4890
4329 4597
4329 5898
4330 4514
4330 5282
4331 4539
4331 4715
4331 6096
4335 5049
4335 5295
4335 5821
4336 6093
4337 4783
4337 4949
4339 4631
4340 5511
4340 6190
4343 4549
4343 4811
4343 4913
4343 5162
4343 5319
4343 5325
4343 5445
4344 5084
4345 4359
4345 4434
4354 4397
4354 5543
4354 6403
4356 5766
4357 4711
4357 5292
4357 5645
4359 5559
4361 4954
4361 5182
4361 6196
4362 4821
4362 5168
4362 5307
4366 4728
4367 5385
4400 4914
4400 6449
4401 5115
4402 6147
4402 6403
4404 4532
4404 4984
4404 4999
4404 5589
4407 5389
4408 4760
4408 6240
4409 5754
4410 4953
4412 5089
4412 5430
4413 4628
4413 4789
4413 4901
4413 4970
4413 5410
4414 4595
4414 5888
4420 6261
4421 5368
4422 4592
4422 5731
4422 5768
4422 6456
4430 5305
4432 4919
4432 5350
4432 5502
4433 4732
4433 4777
4435 5160
4435 5825
4436 5094
4439 5378
4443 5052
4444 4770
4444 4824
4444 6102
4445 4581
4445 5246
4445 5357
4445 6178
4446 4890
4446 5372
4446 5899
4446 6246
4447 4794
4447 5381
4447 5755
4448 4627
4448 5414
4449 6193
4455 4750
4455 5272
4460 6243
4461 5006
4462 4867
4463 4592
4463 4770
4465 4552
4467 5886
4467 6150
4468 4714
4468 5142
4474 5133
4474 6233
4475 5645
4476 5325
4479 4893
4480 5628
4480 6136
4481 5090
4482 4727
4482 5459
4482 5499
4482 5714
4483 5244
4484 4878
4484 6107
4485 4920
4485 5259
4485 5579
4486 5892
4487 6156
4488 4693
4488 6470
4489 4765
4489 5633
4490 4493
4490 4702
4490 5188
4490 5282
4490 5629
4491 5543
4493 5585
4496 4720
4496 6258
4497 4573
4497 4978
4508 5438
4509 4527
4509 4540
4513 4655
4513 4982
4514 4861
4514 4969
4515 5236
4519 6469
4521 4752
4521 4805
4522 5018
4523 4889
4523 4951
4523 5083
4524 5717
4527 4907
4527 5883
4528 5890
4528 6453
4531 4765
4531 5075
4531 5371
4532 5242
4532 5741
4539 5086
4539 5370
4539 5578
4539 6415
4540 5196
4547 4786
4548 4948
4549 4693
4549 5360
4550 5125
4550 5448
4550 6230
4551 4646
4551 5294
4552 4582
4552 5266
4552 5294
4552 6286
4554 4804
4554 5645
4555 4745
4556 4597
4556 5865
4556 6284
4557 4670
4557 6415
4558 4848
4558 5019
4558 5496
4559 4780
4559 5813
4559 6261
4567 4745
4567 5082
4567 5171
4568 4590
4568 4820
4568 6455
4568 6466
4572 4973
4577 4846
4577 4851
4577 6114
4577 6134
4581 4803
4581 5127
4583 4654
4583 5460
4584 5006
4584 5255
4584 5647
4585 5406
4585 6237
4586 5601
4587 5291
4589 5093
4589 5377
4589 5643
4589 6234
4589 6415
4590 4747
4590 4977
4590 5130
4591 5508
4591 5740
4592 4801
4592 5397
4592 6067
4592 6272
4593 5364
4593 5900
4594 6467
4595 4749
4596 5378
4597 5253
4612 4679
4617 4748
4617 5178
4621 4717
4622 4636
4622 4711
4622 4713
4622 5061
4624 5823
4625 5167
4626 5295
4626 5560
4626 6148
4627 4686
4627 5068
4627 6467
4628 6261
4629 4684
4629 4769
4630 4734
4630 4809
4630 4846
4631 6051
4632 6474
4633 6158
4633 6175
4634 5863
4635 5056
4638 5068
4638 5111
4638 5433
4643 4720
4643 5713
4643 5896
4644 5804
4646 5329
4647 5675
4648 5448
4648 6282
4649 5018
4649 5168
4649 5236
4650 4891
4651 4831
4651 5642
4651 6274
4652 6096
4654 5440
4654 6101
4655 4845
4656 5805
4657 5409
4658 4903
4658 5422
4659 5597
4659 5767
4670 5443
4670 5633
4671 6123
4671 6469
4674 5368
4674 6207
4674 6214
4675 4799
4675 5084
4675 5870
4675 6217
4678 4726
4679 4768
4679 5542
4680 4794
4680 5300
4680 6199
4681 4934
4682 4927
4682 5010
4685 4953
4686 4811
4686 4853
4687 5335
4688 5901
4689 4738
4690 4858
4690 4888
4691 5021
4691 5405
4693 5143
4693 6220
4694 4817
4695 4957
4697 4750
4697 5446
4702 6085
4703 4705
4711 4885
4711 5042
4711 5441
4713 5636
4713 6078
4714 4992
4714 5244
4714 6193
4714 6447
4716 5425
4716 6469
4717 5541
4717 6134
4718 5305
4718 5714
4718 5806
4719 6197
4720 5600
4725 5052
4725 5647
4725 6293
4725 6471
4726 4738
4726 5177
4726 6196
4727 5358
4727 6199
4729 5259
4729 6207
4730 4757
4730 5144
4730 5302
4730 5319
4730 5511
4730 6268
4732 6274
4733 5451
4734 4864
4738 4814
4738 5110
4739 5278
4739 5354
4739 6446
4740 5355
4742 4863
4742 6285
4743 5583
4743 6051
4745 5077
4745 5186
4745 6279
4747 5237
4747 6454
4748 4820
4748 5013
4748 5206
4748 6185
4749 5311
4749 6473
4751 4844
4752 5744
4753 6273
4756 6162
4757 5889
4758 5014
4760 5200
4760 5719
4761 5294
4761 5510
4762 5310
4762 6211
4763 5203
4764 5200
4764 5379
4764 5491
4765 4919
4765 5554
4766 6454
4767 4814
4767 6175
4769 4801
4769 5074
4774 5145
4774 6283
4775 5276
4775 5718
4775 6264
4780 4920
4781 5434
4781 5629
4782 4957
4783 4821
4785 5322
4786 5202
4786 5411
4787 5096
4787 5779
4787 6095
4789 6291
4790 5418
4792 5299
4792 5377
4792 5605
4793 5290
4793 5638
4793 5840
4794 5317
4795 5094
4796 5328
4796 5520
4797 5760
4799 4986
4799 5778
4799 5779
4800 5571
4800 5712
4802 4852
4802 5213
4802 5330
4805 4833
4805 5305
4805 5678
4806 5109
4808 5066
4808 5352
4808 5511
4808 6108
4809 5306
4812 5339
4813 4960
4814 5253
4814 5260
4815 5139
4815 6093
4817 5371
4818 5019
4818 5447
4818 6165
4819 4844
4819 5292
4819 5329
4820 5071
4820 5418
4820 5451
4820 5805
4822 5435
4823 5074
4824 4960
4825 6219
4832 5165
4839 5272
4840 4967
4841 6212
4841 6235
4843 4962
4843 5144
4844 5454
4845 5053
4846 5434
4847 4857
4847 6053
4847 6124
4848 6108
4850 6107
4850 6472
4853 5762
4854 6108
4855 5610
4856 5371
4856 5901
4856 6078
4857 5402
4859 4894
4860 5110
4860 5895
4860 5902
4860 6456
4861 5238
4862 5515
4863 6281
4865 5154
4866 5153
4866 5300
4866 5768
4867 5755
4867 5819
4869 5459
4873 6067
4874 6175
4875 5120
4875 6274
4876 5301
4877 6186
4877 6234
4878 4883
4878 5651
4881 5336
4882 5414
4885 5890
4886 5086
4886 5127
4886 6201
4887 6107
4888 5566
4889 5421
4890 5093
4890 5193
4891 5635
4894 6261
4895 5871
4896 5886
4896 6178
4901 4920
4901 5890
4903 5158
4905 5180
4907 5139
4907 5551
4907 6206
4908 5498
4908 5677
4908 5847
4909 5072
4910 5898
4913 5713
4914 5380
4914 5636
4914 5959
4915 4973
4915 6071
4917 4968
4918 5483
4919 5608
4920 5281
4921 5645
4922 5430
4922 6479
4925 5329
4925 5582
4925 6200
4926 4949
4927 4994
4927 5262
4927 5848
4930 5084
4930 6174
4931 5369
4931 5396
4931 6257
4932 5138
4933 5560
4933 6483
4935 5400
4948 6256
4951 5458
4952 5304
4955 5145
4955 5208
4956 4986
4956 5650
4956 6231
4957 5280
4958 5515
4959 5146
4960 5416
4960 5774
4964 4991
4964 5551
4966 5044
4966 6054
4966 6191
4966 6490
4967 5335
4969 6235
4970 5166
4972 5807
4973 4991
4973 5158
4973 5415
4973 6453
4978 5012
4978 5190
4978 5326
4978 5780
4979 5593
4979 6467
4980 5384
4980 5780
4980 6227
4981 5129
4981 5519
4981 5584
4981 6284
4983 5411
4984 5903
4985 5166
4985 5702
4986 5172
4987 5463
4991 5450
4992 6480
4994 5900
4996 5364
4999 5573
5002 5582
5003 5498
5003 5553
5004 5780
5004 6250
5004 6481
5005 5342
5007 5377
5010 6072
5010 6238
5011 6194
5012 5072
5015 5199
5015 5339
5016 5062
5017 5180
5018 5635
5019 5791
5020 6206
5021 5057
5022 5560
5023 5120
5025 6149
5041 5197
5043 5446
5044 5398
5049 5797
5053 5328
5053 5329
5054 5145
5054 5632
5056 5347
5056 5582
5056 6283
5057 5138
5057 5493
5057 6157
5061 5327
5061 5851
5061 6095
5062 5450
5064 5450
5064 5559
5064 6274
5066 6447
5069 5094
5069 5469
5071 5801
5076 5601
5077 5510
5077 5541
5081 6471
5087 5420
5088 5467
5090 5274
5090 6114
5092 5631
5092 5642
5093 5604
5094 5447
5095 5259
5096 5183
5096 6051
5098 5333
5098 5373
5098 5516
5098 5793
5100 6247
5101 5178
5101 6243
5102 5107
5102 5696
5103 5289
5105 5368
5105 5400
5105 6185
5105 6448
5106 5392
5109 5121
5110 5141
5110 5180
5110 5644
5111 5868
5111 5898
5111 6078
5112 5468
5113 5188
5115 6200
5115 6264
5116 5381
5117 6238
5118 5556
5118 6449
5119 5494
5119 5540
5120 5452
5120 5590
5120 5835
5121 5337
5121 5381
5122 5135
5122 5357
5125 5440
5126 5597
5130 6248
5135 5292
5135 6291
5138 5820
5138 5901
5138 6237
5139 5579
5141 6048
5142 5164
5142 5258
5143 5534
5145 5824
5152 5893
5152 6069
5153 5616
5153 5786
5154 6152
5155 5182
5155 5324
5155 5339
5155 5433
5155 6249
5156 5465
5156 5511
5159 5236
5162 5631
5163 5261
5163 5405
5163 6136
5163 6285
5164 5336
5168 6215
5170 5194
5171 5466
5174 6262
5175 5376
5176 5374
5177 5599
5178 5262
5178 5534
5179 5242
5180 5237
5180 6277
5181 5342
5181 5646
5183 5553
5184 5352
5184 5421
5185 5362
5187 5407
5187 6186
5188 5410
5191 5356
5191 5365
5191 5743
5191 6194
5192 5535
5194 6195
5194 6267
5196 5594
5197 5371
5197 6403
5198 5646
5199 5415
5202 5277
5205 5604
5209 5485
5213 5704
5222 6191
5223 5421
5223 5518
5223 6229
5225 6489
5227 6197
5229 5493
5230 5431
5230 5741
5230 6148
5234 6051
5235 5534
5235 5677
5235 6271
5237 5715
5237 6478
5238 5327
5240 5294
5240 6134
5242 5535
5243 5584
5243 5677
5243 5866
5243 6156
5243 6227
5244 5520
5244 6279
5245 6223
5246 6237
5251 6415
5253 5553
5254 5773
5256 5349
5257 5632
5257 5779
5258 5605
5259 5316
5259 6174
5260 5265
5261 5593
5261 5644
5262 5718
5263 6125
5264 5288
5264 6072
5266 6096
5269 5501
5270 5358
5276 6261
5277 5676
5278 5634
5280 5396
5280 6224
5281 5632
5283 5717
5287 5491
5288 5608
5289 6221
5290 6205
5293 11365
5295 6287
5298 5641
5298 5862
5298 6274
5299 5633
5301 5461
5302 5381
5304 6212
5306 5325
5311 5807
5316 5493
5318 5373
5318 6261
5320 5332
5320 6238
5321 5521
5321 6155
5324 5635
5325 5509
5327 5628
5328 5559
5329 5634
5330 5443
5334 5385
5334 5416
5334 5863
5336 6450
5337 5358
5338 5507
5341 6286
5349 6279
5351 6178
5356 5421
5360 5458
5361 6254
5367 5585
5367 6078
5367 6165
5369 5883
5369 6226
5369 6256
5373 5845
5375 5444
5377 5676
5378 5627
5378 6106
5378 6207
5380 5853
5383 5501
5384 5853
5384 6261
5384 6282
5385 5459
5385 5755
5385 5889
5386 5402
5389 6127
5389 6460
5393 5717
5393 5845
5394 5801
5396 6284
5396 6285
5397 5609
5397 5774
5398 5742
5398 6477
5399 6093
5402 5453
5403 5526
5403 6284
5410 5902
5411 5719
5412 6232
5413 5739
5413 6046
5414 5514
5416 6178
5418 5422
5418 5806
5420 6111
5421 6111
5423 6127
5425 5462
5429 6220
5429 6259
5432 5708
5432 5740
5435 5857
5437 6240
5440 5535
5440 5740
5445 5604
5448 6247
5449 5498
5451 5580
5451 6102
5451 6251
5455 5485
5455 6267
5456 6294
5458 6047
5459 6463
5461 5597
5466 5501
5466 6171
5468 5741
5470 5629
5470 5743
5484 5754
5485 6226
5486 6221
5491 6201
5492 5534
5494 5744
5495 6078
5496 6283
5500 6454
5500 6490
5501 6120
5507 5786
5507 6148
5507 6284
5508 5704
5514 5893
5515 6266
5521 5676
5521 5719
5528 6487
5535 5868
5540 6071
5542 5902
5548 5700
5552 5676
5553 5968
5556 5888
5557 5674
5565 6489
5566 6041
5580 5807
5580 5868
5580 6156
5581 6178
5583 5762
5584 5743
5584 5859
5589 5764
5593 5602
5593 6263
5596 6241
5597 5894
5602 5892
5602 6291
5604 6272
5605 5649
5606 5860
5606 6071
5607 5896
5610 6471
5611 6342
5613 6472
5614 6175
5627 6403
5635 6046
5641 5901
5645 5774
5645 5821
5645 6220
5646 6190
5649 5743
5649 6053
5675 6150
5693 6134
5694 5743
5694 5821
5695 6254
5702 6469
5710 6147
5712 5853
5715 6276
5754 6172
5755 6450
5760 5813
5762 6069
5766 6147
5773 6220
5779 6490
5793 6208
5797 6462
5799 6272
5813 6235
5821 5896
5823 6219
5824 6251
5840 6487
5845 6342
5847 6088
5848 6210
5849 6289
5857 6263
5859 6139
5860 6103
5863 6284
5865 6165
5869 6287
5883 6207
5887 6480
5888 6186
5890 6213
5903 6282
6046 6285
6052 6280
6055 6114
6085 6211
6099 6200
6099 6290
6101 6250
6111 6202
6120 6227
6123 6210
6125 6255
6125 6293
6152 6466
6155 6191
6185 6473
6189 6206
6196 6201
6197 6272
6197 6457
6207 6453
6208 6253
6210 6476
6216 6228
6218 6274
6225 6455
6226 6473
6228 6238
6233 6476
6237 6242
6241 6253
6263 6440
6268 6285
6272 6446
6272 6457
6273 6283
6288 6471
6292 6477
6479 6487
6520 10578
6520 13486
6545 10310
6545 12550
6545 12679
6545 15172
6545 15342
6546 13388
6547 11713
6547 13596
6548 10563
6548 12778
6548 13156
6549 11772
6549 12279
6549 13431
6549 13574
6549 13586
6550 12475
6550 12883
6552 12915
6578 12676
6582 12851
6582 12881
6602 11957
6602 12325
6608 11675
6608 12549
6608 12908
6608 13484
6674 6676
6708 6710
6754 6756
6773 6775
7897 7898
7906 11824
7906 13277
7906 13558
8119 8197
8120 8884
8122 8922
8124 8890
8201 8295
8210 8781
8279 8758
8549 8838
8758 8881
8779 8898
8786 8891
8792 8877
8878 8885
9282 9383
9282 10085
9671 9744
9821 9952
9969 10142
10073 10139
10078 10150
10086 10141
10141 10162
10278 12541
10278 12642
10278 12934
10278 14007
10280 12099
10280 12994
10305 10474
10305 12055
10305 13365
10305 14010
10308 11195
10308 12035
10308 13583
10308 13786
10309 12335
10309 13153
10309 13517
10309 15580
10311 12586
10311 12642
10311 13885
10312 13366
10317 12865
10317 12995
10318 12991
10319 12608
10319 12628
10319 13493
10320 10730
10320 13863
10331 10729
10336 10813
10336 12169
10336 13808
10346 10786
10346 11827
10346 12042
10346 13988
10347 11941
10347 12213
10347 12466
10349 10590
10349 10917
10349 11713
10351 12005
10351 12115
10352 10937
10361 10631
10361 12941
10377 10662
10377 12311
10377 13312
10377 13336
10377 14684
10381 13592
10381 13805
10381 13843
10381 13883
10383 13430
10383 13662
10384 10844
10384 13225
10384 14684
10395 12016
10395 12044
10395 12123
10438 10488
10438 11556
10438 12883
10438 13592
10438 13744
10450 11665
10451 12336
10451 12817
10451 13657
10452 11652
10452 12450
10452 12545
10452 12965
10474 14062
10475 10702
10475 14002
10476 10552
10479 12828
10479 13618
10484 10929
10485 12368
10486 12448
10486 13890
10486 15558
10488 12236
10488 13258
10488 13853
10488 14003
10490 12621
10490 13356
10491 10633
10494 12078
10495 12321
10495 13246
10497 10965
10498 13927
10500 12035
10500 12719
10500 13335
10500 13391
10500 13610
10513 12048
10515 12751
10515 13084
10517 11655
10518 12559
10518 13176
10518 13798
10519 12419
10519 12596
10519 13560
10522 11254
10522 13245
10524 12573
10524 12604
10524 12689
10524 12913
10524 13014
10538 12688
10538 13015
10539 13277
10540 10730
10540 11631
10540 12555
10541 12857
10541 13762
10543 12831
10543 13720
10543 16061
10544 11182
10544 12971
10544 13194
10545 11694
10545 12040
10546 12532
10546 12785
10547 11823
10547 12128
10549 12901
10549 13104
10551 11653
10551 11654
10551 13458
10551 13555
10552 12588
10552 15392
10553 10843
10553 10929
10553 11666
10553 11978
10553 13586
10553 13881
10554 12544
10554 13338
10554 13546
10554 13606
10556 10932
10559 15429
10563 13959
10569 13370
10569 13981
10570 12887
10570 12930
10570 12967
10570 13502
10573 12125
10573 13617
10573 15406
10576 13452
10576 13475
10577 12963
10577 13113
10577 13890
10578 12526
10581 13880
10582 15757
10583 11720
10585 12972
10585 13453
10585 13467
10586 11758
10586 12567
10587 13977
10589 14082
10590 13005
10591 11031
10591 11180
10591 12571
10591 12642
10592 12155
10592 13953
10595 11568
10595 13083
10596 13847
10597 11870
10597 13610
10597 13980
10598 11635
10598 12594
10598 13036
10598 13532
10598 13860
10598 15902
10599 10610
10599 13635
10600 12471
10600 13853
10600 13892
10601 10619
10601 12115
10601 13159
10602 13562
10603 12703
10603 13158
10603 13980
10604 12533
10604 13278
10605 11438
10605 11991
10605 12431
10605 13554
10606 12008
10606 14529
10608 12334
10608 12393
10608 12467
10608 15174
10610 10937
10610 12280
10610 12429
10611 11399
10611 13483
10612 10619
10612 12145
10612 12332
10612 12994
10613 12471
10613 15406
10614 11652
10614 11677
10614 14813
10616 12831
10616 15820
10619 11202
10619 12940
10621 12127
10621 12851
10623 12965
10623 13745
10624 12889
10624 13365
10625 13642
10625 13725
10625 13842
10626 12467
10627 11712
10627 11902
10627 12105
10627 12684
10629 12204
10629 13711
10629 15429
10630 15409
10631 10846
10631 10939
10631 11440
10631 11900
10631 13245
10631 13632
10631 13856
10632 12571
10635 13306
10635 13404
10635 13714
10638 12200
10638 13015
10638 13292
10638 15605
10641 12215
10641 13442
10643 13157
10643 15247
10644 12467
10646 13057
10653 10913
10653 12042
10653 12355
10653 13083
10653 14813
10653 15381
10656 12147
10658 15229
10659 10736
10659 11554
10659 13041
10660 10817
10660 11440
10660 12347
10661 11404
10662 11439
10662 12454
10665 11797
10665 12739
10666 11185
10667 10810
10667 13249
10667 13404
10668 10919
10668 12539
10668 12680
10668 13502
10668 13817
10668 13912
10669 11242
10669 11643
10669 12802
10669 13750
10670 12433
10670 12846
10670 15406
10681 12046
10681 12957
10689 12948
10689 13733
10690 11553
10690 12192
10690 13514
10691 13823
10694 12821
10696 12096
10696 12435
10696 12588
10696 13553
10696 15382
10697 12140
10698 11719
10698 11990
10698 12406
10698 12587
10699 12097
10699 12634
10699 12916
10699 13158
10700 12051
10700 12692
10700 15781
10701 12636
10702 10920
10702 12123
10702 12825
10702 12937
10705 10930
10706 10724
10706 12569
10706 12669
10706 13541
10706 13552
10706 13750
10707 10870
10707 12115
10707 14666
10708 11392
10708 11824
10708 12466
10708 12680
10708 13057
10709 12057
10709 12542
10709 13118
10709 13573
10709 13795
10711 13550
10712 12858
10712 13513
10714 13442
10714 13467
10715 12964
10717 12995
10718 12467
10718 12561
10719 11432
10719 12930
10719 14237
10721 11558
10721 12847
10725 10780
10725 11556
10725 13549
10725 15406
10726 12682
10726 12689
10726 12799
10727 11871
10727 14007
10729 12639
10729 13086
10729 13478
10730 11200
10730 12009
10730 12887
10731 13097
10731 13596
10733 12714
10735 10922
10735 10924
10735 12643
10736 10804
10736 12909
10736 13036
10761 12965
10775 12823
10775 13719
10775 14375
10780 13020
10780 13426
10781 13555
10782 12670
10782 13535
10783 11827
10785 12587
10786 11631
10786 12696
10786 13712
10787 10925
10787 12442
10787 13109
10787 13924
10788 13556
10790 12230
10790 12669
10790 14009
10792 12742
10801 13303
10801 13794
10802 12576
10802 13160
10804 11665
10804 13015
10804 13243
10805 12392
10806 12392
10806 12428
10806 12450
10807 12471
10807 14547
10809 12030
10809 13094
10809 13759
10810 11443
10810 13883
10811 13243
10811 13412
10811 14684
10812 12306
10812 12948
10814 11031
10814 11414
10814 12084
10814 12972
10815 11441
10815 12569
10815 13490
10815 13545
10816 12914
10816 13472
10817 12016
10818 12925
10818 13878
10819 12271
10819 12883
10819 13742
10820 13182
10821 12107
10821 13119
10821 15381
10822 12038
10822 12146
10822 12950
10822 13595
10823 12205
10823 13102
10823 13634
10826 13194
10839 12100
10842 12850
10843 12244
10844 14025
10846 12715
10847 13596
10870 11967
10870 12149
10870 12695
10903 12008
10903 12565
10903 13553
10903 13902
10903 14025
10910 12049
10911 13423
10912 12582
10912 14792
10913 11473
10913 12785
10913 13538
10914 10965
10915 11750
10915 12113
10915 14009
10916 12350
10916 13597
10917 11658
10917 11697
10917 12478
10917 13336
10917 13912
10918 12152
10918 12817
10918 13221
10918 13310
10919 11392
10920 11615
10920 11649
10920 14729
10921 12045
10921 13308
10921 13638
10922 11487
10922 12090
10922 13533
10923 12099
10923 12112
10923 13207
10923 13563
10924 13453
10924 13532
10925 12271
10925 12785
10926 12305
10927 13541
10927 13887
10928 13211
10929 11417
10929 11885
10931 12141
10933 11720
10933 12583
10933 12621
10933 13034
10933 15446
10933 15972
10934 11062
10934 12042
10934 13534
10935 11665
10936 12884
10936 12981
10936 13561
10939 12206
10943 13232
10943 13834
10944 12375
10945 11507
10945 13326
10946 12175
10946 12551
10947 11108
10947 11398
10947 11552
10947 12074
10952 12055
10952 13558
10952 13762
10964 12638
10964 12810
10964 13307
10965 11594
10965 11839
10965 12111
11012 11692
11012 12015
11012 13484
11012 13758
11013 13226
11013 13304
11013 13976
11030 12404
11030 12546
11030 13154
11031 11071
11031 12474
11031 13427
11031 13995
11031 15850
11055 11401
11055 12959
11055 13533
11057 12890
11060 11721
11060 12918
11060 13258
11060 13805
11062 12332
11062 13655
11070 12915
11071 12332
11071 12435
11071 13853
11100 12047
11100 12074
11100 12694
11101 11506
11101 12718
11101 13929
11103 13305
11107 11877
11107 12029
11107 12555
11107 13098
11108 12933
11108 12967
11108 13358
11108 14547
11110 13549
11110 15381
11155 11404
11155 12982
11155 13277
11156 13902
11165 12128
11166 12679
11182 11996
11182 13226
11183 11575
11183 11671
11186 12557
11192 13771
11196 13093
11199 12908
11199 13392
11200 11655
11200 12918
11200 14769
11202 13719
11213 11717
11213 13801
11215 12692
11243 13285
11253 13435
11253 13552
11253 13897
11254 11399
11255 13505
11255 15174
11256 12865
11256 12921
11256 13864
11359 12720
11359 13474
11359 13993
11381 11723
11386 12720
11386 12735
11392 12087
11393 12181
11393 13490
11398 13046
11398 13092
11399 12024
11401 12017
11401 12148
11401 12626
11402 11435
11402 13107
11402 14257
11403 12125
11403 12173
11404 12320
11409 13615
11410 11760
11410 11876
11410 12732
11410 12998
11410 13466
11412 11777
11412 12463
11413 12181
11413 12321
11413 12832
11413 13340
11414 11871
11414 12200
11414 12811
11415 12695
11417 11556
11417 11977
11417 13188
11417 13332
11419 11996
11419 12043
11420 12432
11420 12981
11421 13539
11421 13996
11421 14465
11422 12086
11422 12554
11422 12683
11422 13250
11423 12054
11423 12074
11423 13436
11427 12053
11427 13295
11428 12244
11428 15349
11432 12305
11432 12552
11432 13812
11433 13817
11434 13229
11435 12509
11436 12072
11436 12639
11438 12937
11439 13476
11440 11870
11440 12133
11440 12151
11440 13281
11440 13462
11440 13886
11441 12305
11441 12344
11441 12506
11441 12643
11441 12802
11441 13086
11441 13090
11443 12862
11443 12925
11487 12566
11487 12775
11487 12817
11505 15458
11550 12023
11550 13560
11551 13463
11552 12332
11553 13287
11553 14580
11554 12548
11554 12921
11554 13477
11554 14012
11556 11881
11558 14680
11568 12852
11568 12956
11568 13982
11571 12331
11572 12071
11574 13386
11574 13553
11575 12024
11575 12549
11575 13255
11579 12215
11579 13449
11581 13845
11583 12545
11583 13434
11592 12366
11594 13661
11607 13974
11615 12113
11615 13504
11616 11678
11616 12317
11616 12445
11618 12573
11618 12663
11631 12006
11631 12232
11631 12301
11635 12509
11637 12882
11637 13845
11637 13884
11649 12213
11649 12865
11649 13119
11651 13877
11653 14687
11655 12609
11655 12887
11655 13461
11655 13860
11658 12846
11658 14687
11659 11834
11659 13618
11659 15850
11660 12474
11662 12672
11662 13844
11663 12035
11663 13412
11665 13724
11666 12128
11667 12881
11667 13640
11667 13870
11667 14002
11675 12395
11675 13346
11677 13420
11678 12371
11678 13983
11679 13306
11680 12883
11680 15211
11681 12150
11692 11977
11694 12576
11694 12967
11694 13999
11694 14007
11697 12793
11697 15781
11708 11995
11710 13995
11710 15382
11712 12911
11713 12317
11714 13278
11715 13295
11716 12638
11716 12958
11717 12149
11719 12110
11719 13223
11719 13245
11719 13430
11720 13328
11720 13764
11722 13230
11722 13853
11723 11758
11723 12621
11724 13575
11724 13912
11725 13997
11732 13541
11732 13803
11734 12527
11750 13480
11750 15781
11758 12145
11758 12970
11758 13378
11758 14547
11760 12694
11772 12778
11777 12717
11777 13574
11796 12703
11796 13438
11797 13387
11797 13616
11801 13499
11801 13866
11819 13347
11819 13560
11821 12720
11821 13372
11821 13443
11821 15381
11823 12992
11823 13344
11823 13423
11823 13481
11824 12681
11824 12729
11824 12746
11824 13566
11826 12207
11826 12355
11826 12680
11826 12939
11827 11990
11834 12846
11834 13795
11836 13544
11836 13729
11839 14015
11864 13606
11871 12578
11877 12526
11877 12995
11877 13212
11877 13396
11881 12026
11882 13021
11883 12207
11883 13089
11883 13310
11883 13362
11885 12628
11885 12720
11885 12817
11900 11957
11900 13091
11900 13106
11900 14237
11902 13382
11903 12478
11903 12822
11903 13593
11903 13632
11903 13721
11930 12276
11930 13249
11930 13835
11938 12093
11938 12667
11938 13910
11941 13596
11941 13633
11942 12718
11943 12188
11943 13370
11943 13375
11943 13475
11944 12678
11944 13726
11945 12171
11945 12624
11945 13387
11948 13454
11948 13798
11949 13724
11954 12993
11964 13751
11967 12606
11971 13447
11974 12092
11974 12316
11974 13393
11977 12183
11978 13849
11990 13362
11991 12151
11992 12440
11992 12908
11992 13910
11993 12925
11993 13225
11994 12799
11994 13000
11994 13303
11995 12707
11996 12017
11997 12337
11997 12608
11997 13446
11998 12154
11998 12986
11998 13291
11998 14102
12005 13291
12005 13777
12006 13532
12006 13575
12007 12565
12007 12724
12008 12901
12008 13209
12008 13870
12009 12952
12009 12980
12010 12980
12011 12572
12011 13106
12011 13227
12011 13537
12011 13719
12015 12429
12015 13733
12015 13739
12016 12930
12016 15381
12017 12991
12017 13190
12017 13635
12017 13893
12017 13898
12023 13997
12024 13474
12025 13655
12026 13583
12026 13960
12027 12350
12028 12092
12029 12913
12029 13355
12034 12066
12034 13307
12035 13345
12036 12068
12036 13106
12037 13212
12038 12537
12038 12927
12040 12149
12040 13017
12041 12382
12043 14002
12044 12382
12045 12103
12045 13204
12045 13492
12046 12322
12047 12830
12048 13020
12050 12624
12050 13468
12051 12666
12052 12470
12052 12724
12054 12459
12055 13961
12056 12405
12056 12700
12057 12899
12057 13114
12057 13891
12058 12313
12058 13044
12058 13553
12063 12141
12063 12510
12063 13891
12063 15362
12064 12085
12064 12904
12064 13305
12064 15382
12065 12358
12065 12567
12065 13494
12066 12943
12066 13338
12067 12085
12067 12664
12067 13517
12068 12889
12069 12552
12070 12077
12070 12521
12070 13156
12070 13289
12071 13560
12072 13368
12075 13739
12076 12291
12078 12468
12078 12663
12078 13348
12085 12708
12085 13544
12086 12184
12086 12582
12086 12699
12086 12959
12087 12128
12088 12269
12088 13768
12089 13826
12090 12149
12090 13438
12091 12192
12091 13844
12094 13313
12094 13480
12094 13719
12095 12214
12095 13553
12096 13104
12096 13255
12097 13412
12098 12462
12099 12931
12099 13486
12099 13657
12100 12594
12103 12573
12105 12852
12107 13831
12108 12639
12110 13023
12110 13921
12111 13375
12112 12950
12112 13988
12113 12133
12114 12719
12114 13329
12114 13801
12114 13888
12115 13556
12115 13857
12118 13724
12123 12703
12123 13053
12123 14012
12126 12911
12127 12915
12129 13348
12130 12862
12131 13751
12131 13789
12131 15229
12132 12149
12133 13542
12134 12696
12134 13456
12134 13766
12134 14003
12135 13397
12135 13544
12137 12448
12138 12173
12140 13326
12140 13502
12140 13513
12140 13561
12141 13379
12144 12332
12144 12912
12144 13370
12144 13835
12145 12150
12146 12335
12146 12631
12146 12724
12146 14769
12147 12720
12147 15524
12148 13737
12148 13887
12148 13889
12149 13205
12150 12207
12150 12809
12150 13050
12150 13759
12152 12630
12152 12782
12152 13435
12152 13499
12153 12837
12153 13154
12154 13339
12154 13496
12155 12859
12163 12314
12164 13360
12164 13404
12164 13797
12168 13159
12168 13224
12169 14010
12172 13474
12173 12946
12173 13635
12173 13651
12173 13844
12175 13393
12176 12670
12176 12934
12179 12321
12179 13477
12179 13767
12181 12249
12182 12225
12182 13356
12183 14007
12184 13232
12186 12466
12186 15342
12188 13231
12188 16061
12190 13225
12191 12440
12191 12609
12191 12900
12191 13497
12192 12404
12192 12647
12192 13968
12195 12547
12200 13291
12204 12883
12204 14025
12205 12738
12205 13537
12206 12367
12207 12994
12208 12984
12214 12966
12215 12847
12216 12623
12216 13209
12216 13377
12225 12840
12225 15879
12230 12358
12230 12607
12230 12706
12230 13565
12232 12289
12232 12475
12232 13591
12234 13014
12234 13211
12236 12326
12236 12600
12236 13472
12236 13505
12238 13514
12244 12674
12244 14685
12247 12506
12255 12548
12255 13326
12255 13466
12267 12290
12267 12394
12267 12730
12267 13204
12269 12948
12271 13830
12271 14114
12271 14296
12272 14457
12273 12821
12273 13927
12273 14791
12274 13618
12275 12674
12276 13243
12276 13744
12277 13971
12279 12889
12279 15757
12280 13120
12289 12913
12289 13011
12289 13243
12291 12738
12292 13477
12292 13863
12304 13208
12304 13983
12305 12819
12305 13233
12307 12647
12311 12364
12311 12884
12311 13255
12311 13538
12312 12614
12312 13295
12312 13356
12313 13105
12314 14005
12315 12454
12316 13363
12317 12824
12317 13285
12320 12904
12320 13332
12320 13606
12320 13772
12321 13355
12322 12691
12322 13555
12323 13180
12323 13499
12323 13996
12324 12858
12324 12973
12325 12348
12325 13285
12328 13383
12332 12634
12332 12812
12332 13997
12334 12569
12335 12738
12335 13160
12335 13655
12336 13399
12337 15902
12343 12708
12343 13808
12343 13904
12343 14246
12344 14685
12347 13452
12347 13790
12347 13982
12348 13868
12350 12607
12352 13468
12352 13995
12355 13057
12358 12392
12358 13295
12364 13289
12365 13640
12366 12594
12367 13156
12367 13445
12368 13249
12368 13550
12368 13842
12371 15274
12374 12901
12375 12705
12375 13303
12375 13313
12382 13879
12383 12946
12383 13862
12391 12539
12391 13043
12391 13909
12391 14006
12392 12548
12392 13020
12392 13339
12394 13293
12400 12746
12400 14007
12404 12463
12404 13915
12405 13159
12405 13927
12405 15247
12406 13468
12406 13632
12406 13871
12407 13881
12415 12623
12415 12781
12415 13877
12416 12455
12419 13418
12419 13893
12426 12454
12426 12778
12426 13995
12427 12739
12428 12699
12428 13539
12428 13757
12429 12631
12429 12881
12429 13088
12429 13207
12429 13292
12431 12982
12432 12905
12433 12714
12433 13535
12433 13610
12433 13786
12435 12565
12435 12668
12435 14614
12440 13347
12442 12941
12442 13351
12442 13661
12443 12862
12445 12789
12445 12976
12448 12628
12448 13160
12450 12866
12454 12952
12454 13084
12454 14663
12455 12581
12462 13292
12462 13835
12464 12682
12464 13343
12465 13955
12466 13474
12467 13350
12467 14082
12469 15274
12470 13310
12472 12955
12474 12817
12474 12955
12474 13994
12474 14570
12475 12567
12478 12626
12478 12934
12478 13365
12506 12948
12509 13533
12509 13608
12510 12817
12510 12865
12510 13384
12510 13392
12510 13540
12510 14720
12512 15781
12519 12678
12519 12943
12519 13910
12521 12641
12521 13583
12527 12964
12527 13203
12527 13572
12527 13716
12532 13313
12535 13661
12535 15409
12537 13051
12537 13208
12537 13234
12537 13485
12538 13541
12540 12838
12541 13762
12541 13853
12544 12861
12544 13230
12545 13661
12545 13906
12547 12692
12547 13338
12547 13963
12549 13290
12549 13435
12550 12631
12550 13281
12552 13156
12553 12887
12555 12581
12556 13426
12557 12570
12557 12931
12557 13918
12557 14813
12558 12693
12558 12696
12558 12724
12558 12906
12558 14687
12559 13423
12559 13472
12559 13540
12560 13757
12562 13352
12562 13428
12562 13862
12562 14457
12563 12604
12563 13223
12564 13615
12565 13587
12565 13638
12565 13772
12566 12996
12567 13974
12570 13556
12573 13107
12574 12952
12575 12817
12575 12830
12575 13388
12576 13927
12577 13372
12578 13451
12579 12720
12579 13552
12581 13105
12581 13318
12581 14465
12582 13501
12582 13883
12582 15395
12583 12589
12583 13801
12583 15580
12587 12911
12587 13358
12587 13856
12588 13650
12593 13194
12593 15522
12594 13254
12594 13588
12595 13367
12596 12682
12596 13927
12599 12955
12599 15972
12600 13445
12604 13377
12606 12915
12606 13261
12608 12813
12608 13115
12609 13830
12609 13987
12612 14663
12614 13556
12614 13766
12619 12903
12619 13433
12619 13568
12621 12672
12621 13504
12621 13729
12621 13890
12621 14683
12623 12888
12623 13278
12624 12715
12625 13971
12626 12664
12626 13122
12628 13221
12628 13563
12628 13618
12629 12671
12629 13427
12630 13396
12632 13835
12632 13868
12634 13021
12634 13368
12635 13107
12635 13245
12635 13745
12637 12813
12637 12960
12637 13378
12637 13719
12638 13043
12640 13872
12643 13332
12643 13446
12647 14002
12664 13485
12664 13959
12665 13563
12665 15387
12666 12692
12667 13659
12668 12829
12669 13454
12671 12714
12671 13539
12671 13860
12671 14013
12672 12701
12673 13363
12673 13650
12673 13910
12674 13242
12675 13089
12676 13155
12676 13592
12677 12932
12677 13864
12678 12828
12678 13636
12679 13090
12681 13738
12682 13261
12683 12992
12688 13999
12689 12705
12689 14114
12692 13952
12694 13575
12694 13889
12696 13039
12699 12720
12699 13925
12700 13000
12700 13211
12700 13817
12702 12903
12702 15524
12703 13452
12706 13712
12708 12888
12708 13116
12713 13230
12714 12887
12715 12851
12715 12955
12716 13115
12719 12810
12719 13088
12720 13805
12722 14547
12723 13772
12729 12744
12729 13054
12730 13711
12735 13558
12736 13270
12736 13348
12736 13431
12737 12998
12737 13475
12738 13154
12738 13368
12738 13505
12744 13921
12745 13558
12745 13847
12745 14685
12751 13318
12751 13539
12751 13858
12770 13996
12775 13934
12779 13888
12785 13159
12785 14106
12788 13616
12789 13803
12793 13497
12799 13385
12800 13160
12801 12897
12801 13534
12801 14666
12802 13017
12802 13734
12810 14237
12811 13363
12813 13551
12813 14791
12817 13481
12818 13391
12818 15274
12820 13866
12820 13876
12821 13092
12821 13442
12821 15558
12822 13431
12823 13714
12823 15274
12824 13351
12825 12972
12826 13616
12826 13737
12827 13211
12827 13355
12829 13346
12829 13397
12830 13635
12833 12862
12837 13287
12840 14032
12843 12983
12852 13362
12852 13874
12854 14032
12854 14663
12855 13348
12856 15879
12857 13153
12858 13733
12859 13296
12859 13438
12860 12996
12860 13103
12860 13309
12860 13824
12861 12939
12861 13227
12863 13290
12863 13296
12863 13515
12863 15228
12865 13412
12881 13542
12881 13586
12881 13872
12881 14083
12881 14547
12882 13658
12886 13095
12886 13934
12887 13859
12888 12956
12889 12969
12889 13535
12890 13457
12891 13988
12892 13190
12894 13209
12894 13367
12895 15521
12896 13039
12896 13352
12897 13436
12897 13461
12897 13798
12899 13369
12900 13714
12901 16061
12905 13711
12909 12952
12909 13981
12912 13608
12912 15942
12918 13714
12921 13447
12922 13046
12922 13801
12925 13911
12927 13373
12930 13711
12930 13927
12930 14005
12930 14296
12932 14015
12935 13437
12935 13790
12936 13981
12937 12971
12937 13479
12939 13188
12939 15540
12940 12992
12940 15342
12942 13068
12942 13481
12943 12982
12944 13846
12946 13457
12948 13467
12948 13817
12949 13332
12950 13017
12951 13659
12956 13207
12957 14580
12960 13003
12960 13710
12961 13331
12961 13504
12961 13558
12967 12994
12969 13392
12969 15781
12970 13346
12971 13318
12972 13498
12972 13503
12972 14071
12973 13360
12976 13374
12982 13044
12983 13657
12983 13891
12984 13201
12984 13422
12991 13993
12992 13225
12994 13501
12995 13057
12995 13538
12998 13281
13000 13329
13003 13423
13003 13513
13003 13634
13005 13496
13014 13459
13015 13472
13016 13098
13016 13105
13016 13873
13017 13759
13020 13883
13023 15393
13034 13382
13038 13884
13041 13495
13041 13714
13041 13988
13041 14720
13043 14012
13050 13463
13050 13883
13050 13897
13051 13571
13053 13155
13053 13211
13053 15606
13054 13264
13054 13430
13054 13568
13054 13638
13057 13988
13057 15558
13068 13475
13068 13496
13084 13595
13084 13750
13086 13710
13088 13094
13090 13156
13091 13493
13092 13757
13098 13786
13098 15901
13102 13537
13103 13876
13106 15757
13107 13422
13107 13563
13108 13337
13115 13418
13115 13786
13116 13226
13117 15990
13118 13592
13118 14686
13119 13874
13120 13458
13121 13918
13124 14082
13153 15273
13154 13492
13154 13637
13156 13880
13157 13786
13157 15382
13158 13536
13160 13551
13160 13563
13176 13289
13176 13350
13176 14375
13177 14013
13179 15558
13182 14257
13186 14012
13189 13247
13189 13565
13197 13632
13198 15757
13201 13483
13201 13572
13205 13333
13208 13813
13209 13929
13211 13660
13215 14155
13221 15781
13223 13291
13224 13306
13224 13538
13225 13247
13225 14683
13225 14792
13225 15274
13230 14114
13231 14236
13233 13294
13234 13857
13234 13963
13242 15781
13243 13273
13245 13359
13247 13903
13251 13608
13251 13858
13270 13344
13275 14666
13276 13762
13276 13967
13280 13632
13280 13855
13285 13313
13287 13786
13289 13499
13291 14685
13292 13493
13292 15382
13294 13557
13294 14547
13295 14792
13296 13392
13303 13745
13303 14465
13304 13849
13305 13418
13307 13358
13308 13790
13309 13877
13312 13562
13313 13845
13318 13501
13328 13748
13329 13934
13329 15458
13331 13565
13336 13824
13336 13952
13337 13540
13338 13874
13340 13879
13340 13953
13341 13734
13343 13435
13344 13738
13344 13789
13346 13500
13351 13836
13351 14687
13352 13955
13352 14013
13355 13610
13355 14807
13357 14009
13358 13446
13358 13479
13358 14245
13358 15558
13359 13929
13362 13751
13369 13463
13371 14001
13374 13897
13375 13967
13377 13910
13378 13760
13380 13558
13380 13647
13382 14684
13383 13970
13389 13757
13391 13570
13404 13438
13404 13981
13404 15229
13420 13817
13422 15508
13423 13892
13423 13981
13427 14209
13430 14083
13431 15228
13433 13870
13433 15393
13437 13889
13438 13447
13439 13884
13439 14765
13441 14465
13443 13996
13449 14687
13450 13909
13451 13570
13452 13558
13453 13593
13454 13472
13454 13779
13454 15523
13458 13960
13460 13536
13464 13490
13466 14047
13468 13874
13468 13911
13468 14010
13474 15508
13475 13610
13478 13863
13478 14005
13478 14375
13480 14071
13482 13912
13494 13663
13497 14013
13498 13561
13498 13593
13498 13881
13501 13750
13501 13805
13513 13795
13534 13906
13534 13976
13539 14296
13540 13812
13545 14580
13549 13850
13553 14106
13554 14296
13557 13661
13563 13786
13564 13987
13566 13890
13569 13881
13569 15500
13572 13824
13573 13653
13574 13739
13574 15446
13575 13693
13587 13638
13589 15880
13590 13871
13591 13737
13591 13843
13592 13777
13593 15228
13606 15901
13616 13655
13616 13898
13617 13876
13634 15203
13634 15381
13635 15558
13641 13758
13650 15396
13651 15458
13656 13890
13656 15406
13656 15768
13657 13995
13659 13710
13660 13712
13663 13772
13664 13711
13693 13925
13711 15393
13711 15878
13717 14012
13725 13980
13726 14032
13733 14071
13734 13772
13734 15781
13738 14684
13747 15947
13751 13871
13761 15580
13766 13970
13769 15972
13790 13797
13792 13897
13792 13919
13800 13869
13812 13833
13819 13902
13819 14529
13823 13854
13826 13851
13830 14237
13843 15274
13844 14720
13845 15522
13847 14372
13854 13887
13856 13897
13860 13988
13862 13869
13862 13985
13862 14083
13863 13988
13865 14766
13868 14372
13885 13976
13887 13976
13887 14614
13892 14758
13904 13910
13909 13980
13959 14666
13960 14807
13960 15380
13967 14014
13980 14245
13987 14014
14002 15901
14007 14580
14007 14766
14013 14684
14025 15990
14047 15879
14071 15781
14102 15524
14108 16018
14225 15279
14237 14614
14663 15342
14685 15380
15203 15458
15392 15551
15393 15942
