5000
3 310
3 1380
4 647
4 7440
5 6775
5 7302
6 3508
6 6127
7 745
7 2452
8 618
8 6840
8 7903
9 2363
9 6649
10 2083
10 2176
11 1027
11 3634
11 4481
11 8296
12 6157
12 7371
13 549
13 1790
14 3877
14 5412
14 5562
15 1444
15 2458
15 6615
17 1499
17 1864
18 6902
19 5043
20 124
20 7323
22 2282
22 4051
22 5916
22 7649
23 2373
23 2663
23 6867
23 7795
24 552
25 3751
25 4190
26 825
26 1987
26 3985
26 4561
26 4983
26 5731
26 6974
27 3127
28 5691
28 6980
29 2599
29 2904
29 5614
30 1729
30 2121
30 4377
31 4882
32 67
32 1717
32 2558
32 2830
32 7701
33 1428
33 3865
33 4929
34 351
34 1319
34 1340
34 3268
35 6105
35 6774
36 68
36 789
36 2838
36 6840
37 4077
37 8296
38 634
39 332
39 4717
39 6600
40 4011
40 4639
40 7373
40 7423
41 986
41 1319
41 2214
42 1196
42 2858
42 7668
43 3482
43 6108
43 7021
44 2215
44 2369
44 7932
45 92
45 1630
45 2922
46 677
46 4664
46 5463
47 3855
47 4852
48 3876
48 6197
50 905
50 2287
50 2625
50 5945
51 1340
53 1554
54 5608
54 5880
55 3842
55 5015
56 556
56 792
56 877
56 4706
56 8036
57 2936
57 5952
58 745
60 2411
60 6226
61 778
61 3808
61 4133
61 7726
62 221
62 2663
62 3984
62 6495
62 6713
64 1330
64 6826
64 7163
66 1830
66 2785
71 972
71 2393
71 2423
71 3761
71 6850
72 653
72 6860
73 1023
73 3120
73 6526
75 2319
75 3028
75 6770
76 3918
77 582
77 798
77 5761
78 1097
78 3461
78 7673
79 1111
79 2760
80 7948
83 1135
83 3439
86 185
86 2161
87 1868
87 2871
87 7564
89 7185
91 2838
91 5949
92 909
92 2713
92 3700
92 4756
93 1684
93 3898
93 4415
94 1260
94 5392
94 6711
95 3658
95 5741
96 5981
98 4263
98 7829
101 1270
101 4910
101 6594
102 203
102 1552
102 4855
102 6116
102 6520
102 7128
103 4586
103 8178
105 811
105 1355
105 3560
105 4285
105 4633
106 1822
106 3802
107 2804
107 5011
107 8060
108 143
108 4543
109 1147
111 3188
111 4712
111 5191
113 5635
115 2144
115 3235
115 6762
116 5142
121 351
121 5273
121 6319
121 6938
122 998
122 2036
122 4366
124 4988
125 340
125 362
125 759
125 916
125 7554
126 634
126 762
126 1270
126 3044
126 5707
127 3190
127 7168
128 6360
128 6568
129 142
129 194
129 423
129 6006
129 6865
130 1836
130 6440
132 584
132 4639
132 7652
133 2763
133 4866
134 937
134 3321
135 5155
135 8285
136 175
136 1028
136 3787
138 964
138 2651
139 564
139 1692
140 1738
140 5110
140 6624
142 2822
143 2559
143 4977
144 2072
144 4547
144 8286
145 3033
147 589
147 3751
147 6009
147 7163
150 3713
150 3803
150 4874
150 7134
151 2014
151 8107
155 1244
155 4925
156 1236
156 5615
157 2249
157 4849
157 5500
158 732
161 1918
161 3117
161 4583
162 4149
163 4476
164 2069
164 2752
164 4862
165 4377
165 5981
165 6071
166 2317
166 2701
167 2144
167 2597
168 786
168 4275
168 5623
168 6488
169 4681
171 2365
171 2674
171 4363
172 7227
173 3383
175 1733
175 6725
175 8284
176 6616
176 6873
177 3035
177 7775
178 4111
178 4425
178 5902
178 7436
179 1765
179 5617
179 6834
180 3196
180 5089
181 2105
183 1094
183 2964
183 4379
183 7652
183 8145
183 8174
185 1389
185 3819
187 1159
187 2988
187 5487
187 7659
187 7948
188 900
188 5936
190 2845
190 5914
191 368
191 3809
191 3842
191 6197
193 3594
194 1145
194 2029
194 2946
197 6951
199 3357
199 6471
201 2402
201 5160
202 2258
202 5139
203 1966
203 2116
203 2597
203 3939
203 6861
204 2254
204 7023
205 6880
205 6934
205 7389
208 7024
209 1307
209 3949
211 1764
211 2198
211 7609
214 4527
215 5417
215 6702
216 1896
218 4104
219 3350
219 5111
221 350
221 649
222 601
222 4654
222 5120
222 5973
222 6032
223 2703
224 344
224 5822
224 7604
226 2765
227 307
227 3172
227 5862
228 4874
230 1393
230 3472
230 6109
231 3120
231 3634
235 1901
235 7861
236 5180
237 3921
237 4788
241 4967
242 2926
243 3403
243 7860
244 839
244 1580
244 5051
245 3488
245 5754
247 2574
249 1186
249 3191
249 5440
249 6783
250 6319
250 6340
250 7035
251 1923
251 2964
251 3433
251 4111
251 5684
251 7755
252 1522
252 3833
252 5204
252 6164
252 6861
254 1407
255 762
256 1322
256 3292
256 5660
257 1166
257 4481
257 7743
257 7778
258 808
259 376
259 4476
259 5928
260 2612
261 435
261 2192
261 6192
263 4808
263 5053
265 3129
266 1346
268 4415
268 7059
269 2788
269 6440
269 6923
270 367
270 4324
270 5600
270 5705
271 2410
274 728
274 2567
275 789
275 6223
276 643
276 2320
276 5141
277 2988
277 8077
280 5926
282 1140
282 1204
282 2257
282 8134
283 1338
283 1922
283 3717
283 8198
284 643
284 6812
285 640
285 1203
285 5037
286 3118
290 609
291 1420
291 5536
291 6271
291 7354
292 1028
292 2593
293 782
293 2991
295 6858
296 872
296 6686
298 4020
300 1233
300 2591
301 658
301 7132
302 4993
302 5378
303 2907
304 7881
305 1896
305 2500
305 2787
305 3603
306 460
306 6219
307 3937
307 3989
308 5347
310 6032
310 7397
311 403
311 4632
311 4870
311 5146
312 364
312 2108
312 3530
312 8028
314 439
314 2863
315 1210
315 1914
316 1594
316 2178
316 3486
316 4671
316 7590
318 5769
320 1381
320 3028
320 5305
324 4914
324 5808
325 5481
325 7839
326 748
326 2423
326 2689
326 6609
327 5963
328 831
329 5164
329 7534
331 626
331 1690
332 405
333 1187
333 1707
333 6116
333 7301
334 3519
334 5133
335 1487
335 2815
335 4344
336 5133
336 8124
338 4211
338 6024
339 6568
339 6924
340 5342
340 7172
341 377
341 7593
341 8051
342 5463
342 6059
342 6692
343 7586
344 1924
344 2576
344 3557
344 4944
344 7518
346 5827
347 1051
348 3393
348 6954
349 5773
349 8276
351 6626
351 8171
352 3315
352 4646
353 1525
353 4127
353 4234
353 6347
356 3680
357 1035
357 1077
357 2964
357 4583
358 2564
359 1103
359 2958
362 513
362 3104
362 8204
363 1689
363 1935
363 6105
364 1336
364 6933
365 1027
365 2108
365 7771
367 6202
368 1690
368 5072
371 1587
371 8043
372 1099
373 3106
373 5802
373 7421
374 7262
377 5920
378 2253
378 5020
378 7618
379 1326
379 5569
379 7273
381 7426
383 1573
386 423
386 950
386 4465
387 5073
389 808
389 904
389 4359
390 1886
390 6248
391 1493
391 3252
392 866
396 3296
396 5804
396 5935
396 6875
398 1344
398 7815
400 582
400 2617
400 3190
400 3954
400 4353
402 1748
402 1997
402 2237
402 8246
404 5820
405 1644
407 3145
407 5132
407 5658
407 6257
407 6576
407 7418
409 1137
409 1462
409 5469
410 587
410 725
410 5489
410 7857
410 7996
414 691
414 3667
414 6013
415 4431
416 3839
417 986
417 3529
423 697
423 8122
424 5437
425 3998
426 1133
426 3600
427 3631
428 7919
429 3380
430 4103
430 4909
430 6134
431 7666
432 4669
432 4673
432 4818
433 7728
434 3189
434 5940
435 3875
435 5754
435 6274
435 7553
439 6229
439 6278
440 4434
440 5172
440 5253
440 6306
444 3823
444 7578
444 8174
449 2152
454 8193
455 3815
455 3961
455 4062
456 4903
456 5123
456 6608
457 6598
457 7171
458 895
458 4933
458 5241
458 5671
463 2060
463 2696
463 2871
463 3326
463 3823
463 7021
465 580
465 645
465 2645
465 4312
467 4476
469 1597
469 2680
477 5531
479 539
479 6974
488 6229
489 1339
489 2294
489 8021
493 2399
495 911
495 5916
497 802
497 4128
497 6938
497 7695
498 3325
498 3499
499 5705
499 6313
499 6869
501 673
501 3366
501 5390
502 4269
502 4429
502 5596
506 1631
511 4623
511 6461
511 6643
513 2103
513 2792
515 2470
515 7304
521 3842
524 2362
525 3538
525 5199
525 5232
525 5274
530 5563
534 1165
534 1732
536 1322
536 1357
538 1427
538 2825
538 3269
539 5949
541 1020
542 5533
542 6802
544 717
545 7965
546 607
546 2988
546 3160
552 2658
554 2050
554 7425
555 4487
556 648
556 1802
556 5153
559 3366
560 1816
560 3321
561 8235
566 2169
566 3090
566 6552
567 6496
572 1292
572 2134
572 5961
574 1233
574 6162
574 8141
575 8192
579 972
579 4903
579 5839
579 6683
580 1089
580 2273
580 2518
581 4587
582 1095
582 1833
582 3361
582 7795
583 2619
584 2475
586 7397
587 1711
587 2399
587 4567
588 2575
591 3792
591 4852
591 4940
591 6781
592 1339
595 633
595 4728
595 5296
595 5417
597 7228
600 806
600 6160
600 6295
600 7109
601 944
604 2662
604 2768
604 3316
606 4463
607 6529
611 4948
611 6723
613 1658
613 3869
613 4012
614 792
614 2778
614 4220
615 3305
615 4190
616 6377
618 3490
618 6645
619 6813
622 910
622 3147
622 7586
624 5582
625 1212
625 2042
626 2965
626 3290
627 6417
628 3624
628 4756
631 1808
631 2307
631 4889
631 6961
633 2805
633 5720
633 8037
634 2186
634 2764
634 3937
635 1051
635 1330
635 1537
635 7383
636 1221
636 1709
640 1997
640 4756
640 5969
641 2875
642 3103
643 1608
643 2425
644 5528
644 6658
644 7632
645 2728
645 6437
645 6619
645 6942
646 4705
646 5323
646 7086
647 5658
648 3797
648 8061
649 2103
649 6538
650 6432
650 6606
651 3745
651 7743
652 7666
653 6695
656 2587
656 2721
657 4981
657 8173
659 3345
661 4127
662 3316
663 1781
663 1967
663 3450
663 7281
664 1382
664 1963
664 6545
664 7703
665 1865
665 4827
667 4765
667 7632
668 6198
670 2319
670 2609
670 3961
673 3865
673 7853
674 2670
674 2898
675 1246
677 4591
677 7409
679 1077
681 1504
681 2434
681 5415
682 1375
682 2007
682 2985
682 4016
682 4409
682 4440
684 1128
684 1150
687 5140
687 5440
687 7413
688 2689
690 2605
691 2484
691 3764
691 8224
692 3962
692 7241
694 1336
694 6620
696 2625
696 4441
696 6511
697 780
697 3724
697 4123
697 4760
697 5132
698 6622
698 8128
700 2481
700 2809
700 7120
701 1991
701 6070
704 3563
705 1432
706 974
706 1594
706 5020
706 7189
707 750
707 810
708 1292
708 4234
710 5818
712 2928
712 5054
715 6027
715 6464
717 1498
719 7605
722 2542
723 7281
723 7317
724 1803
725 7335
726 2230
727 1644
727 2499
727 6055
728 4224
730 5551
732 4743
732 6504
733 1374
733 3685
736 4954
737 2480
739 1444
739 4626
739 5622
739 6683
741 4851
741 6313
742 2906
743 2559
743 3506
745 6445
745 7733
746 4223
746 5387
746 6415
746 7178
748 2612
748 4175
748 6479
749 2269
749 5050
749 6683
750 1282
750 5125
754 3928
754 6016
756 5421
756 5612
758 832
758 3444
759 4446
760 6885
761 5564
763 848
763 5044
764 5412
765 3193
765 5171
765 6239
766 3268
768 1055
768 1891
768 2973
769 3173
769 4320
769 7184
770 3532
770 6628
770 7694
771 3769
771 4290
771 5142
772 910
772 5313
772 7856
778 854
778 4591
779 3562
780 7676
780 7812
780 8024
781 3653
781 4098
782 948
782 1316
782 6790
786 1203
786 3945
786 7902
787 1322
787 5684
788 1570
788 5902
789 4020
791 5615
791 6204
791 7767
792 2338
792 3770
793 7295
794 1362
794 7400
795 6779
797 1143
797 3725
798 1749
800 3845
800 3970
800 7227
800 8168
801 4269
802 1134
802 3125
803 5120
804 7765
806 6474
808 2135
808 3005
810 1554
810 3001
810 4272
810 6054
810 7387
810 7772
811 5078
812 5449
813 4233
813 4891
814 5029
815 2757
816 1816
816 2914
816 6605
816 7400
818 5275
820 3190
822 942
822 1228
822 1285
822 2764
823 1896
823 6711
823 8227
824 3917
824 5469
824 5925
825 5008
825 7871
826 3772
827 3305
827 6398
830 2115
830 2703
830 6323
831 2746
831 4662
831 6974
832 1940
832 3081
836 7903
837 1138
837 6227
838 5432
839 4717
840 2951
840 3455
840 4308
840 5820
840 6161
840 6462
841 1439
841 3564
841 6232
841 7401
842 2605
842 4925
844 3604
848 981
849 1154
849 4235
849 5400
852 2099
852 5818
853 4019
853 4976
853 8132
854 2367
854 3062
854 7697
857 1918
857 6330
860 1282
860 2287
860 3650
860 5570
860 7121
862 1352
862 5512
862 7771
863 4822
863 6196
863 6213
864 2965
864 3088
864 3451
864 4781
865 5883
866 5563
868 2545
868 4147
868 7857
869 2139
869 4138
869 5991
869 7391
870 3713
870 4015
870 4072
871 3406
871 6720
873 2055
873 7121
873 7281
877 2955
878 1951
878 3807
882 2073
885 4840
885 5462
886 4496
887 3763
887 4065
895 3262
895 4034
895 4141
897 1242
898 4632
899 3201
900 7818
902 1849
902 2630
902 3556
903 1400
904 2340
904 2856
904 6471
904 6739
905 4586
905 4658
905 5824
905 6054
905 7632
908 4169
911 2831
911 4269
912 1688
912 6783
912 6784
913 3392
913 3569
913 7738
914 3609
914 4920
915 3192
918 1281
918 2178
918 3025
918 4116
918 7813
920 3191
920 4354
921 999
921 6126
921 6608
922 6832
926 1553
926 2372
926 4338
926 4415
928 2106
928 3202
929 5020
929 6149
930 6550
930 7426
931 1190
932 3381
932 5396
934 5588
934 7570
934 7861
935 2426
935 6592
935 7634
936 2875
936 3266
936 4883
938 4082
941 2872
941 5787
941 7931
942 5807
944 1198
944 3140
944 3185
944 7426
946 1679
946 3249
947 2638
948 2192
950 1277
950 2242
950 3461
950 3948
954 4912
954 7497
954 7508
955 2788
955 3227
955 4434
957 2706
958 2802
959 6196
959 6670
959 8037
962 3073
963 1030
963 4893
964 1476
964 2774
966 4282
966 5480
967 4623
967 5738
967 8146
969 5267
972 3804
972 7450
973 5332
973 7198
974 2763
974 3025
975 4310
977 3292
977 6553
978 1152
978 1552
979 1092
979 4799
979 6490
982 1821
983 1706
984 3792
985 3473
986 6951
986 7810
989 3832
991 4664
993 4377
995 2993
995 6907
996 1701
996 4429
998 1089
998 1931
998 2244
999 2593
999 5419
1000 1318
1000 4327
1000 7609
1003 2151
1004 1365
1006 2955
1006 3970
1007 5552
1008 1020
1009 1142
1009 1646
1009 2856
1009 4547
1009 6232
1009 7394
1013 2054
1013 2831
1014 1705
1018 7839
1023 3910
1023 6225
1024 2326
1027 2880
1029 3688
1029 5977
1030 4077
1030 4395
1031 1318
1031 3772
1031 6668
1032 2231
1033 4104
1033 7434
1034 1451
1034 6016
1034 8134
1035 4600
1038 2966
1038 3381
1038 3900
1039 3954
1041 4809
1041 6628
1042 1514
1042 2249
1042 2607
1043 1819
1043 3498
1044 8157
1046 2672
1048 1791
1048 2701
1048 4401
1049 3137
1050 3930
1050 4319
1051 3047
1052 1212
1053 1595
1053 2451
1053 5584
1055 1307
1059 3804
1059 6620
1059 8060
1060 2860
1060 7968
1061 4665
1061 5960
1061 7120
1061 7755
1062 4639
1063 4071
1063 6272
1063 6627
1063 6789
1064 2737
1065 2523
1065 5503
1065 7115
1065 7304
1066 3908
1067 2091
1067 2843
1068 1505
1068 2860
1068 5350
1075 5536
1075 5810
1077 1335
1077 5054
1077 8036
1079 3929
1079 4078
1079 7316
1080 2562
1080 2580
1083 1800
1083 2427
1084 1239
1085 1701
1085 2509
1085 6009
1086 2085
1087 3210
1087 3340
1090 1823
1090 2141
1090 2169
1090 2359
1090 3571
1090 4047
1092 5966
1093 5351
1093 6596
1095 1197
1095 4466
1098 5471
1099 2650
1099 5121
1100 5800
1102 1357
1102 2165
1102 3096
1102 5201
1102 5806
1103 3563
1103 6953
1103 7614
1106 5452
1106 6492
1111 1441
1113 5384
1114 3164
1114 5070
1123 3408
1123 4119
1123 7246
1125 3275
1125 5175
1125 5783
1127 3468
1129 1382
1129 5661
1129 7365
1131 4576
1132 5667
1133 1788
1134 1535
1134 3889
1134 4577
1134 4813
1134 8275
1137 3237
1137 4862
1137 7900
1138 1632
1138 4066
1138 7260
1140 3188
1140 5276
1141 5263
1142 1835
1142 3055
1142 3723
1142 6487
1143 5892
1145 1184
1145 1605
1145 4019
1145 7389
1147 3190
1147 3296
1147 6568
1150 4799
1151 7284
1152 6295
1152 7881
1154 2256
1154 6967
1156 5882
1157 1985
1157 2352
1157 4402
1159 7271
1160 2064
1160 2918
1160 8077
1164 3077
1164 5915
1165 1961
1165 2978
1167 1738
1167 1924
1167 1927
1167 6483
1168 2955
1168 6307
1169 1836
1169 2593
1169 3451
1169 3863
1170 4095
1179 3057
1179 4616
1182 2655
1182 5248
1183 3870
1183 7688
1184 7856
1185 2165
1185 3073
1185 4486
1186 1228
1186 3410
1186 4039
1187 2348
1187 4256
1188 4117
1188 4342
1191 2787
1191 3072
1191 5872
1191 6218
1191 7608
1192 2963
1193 2097
1196 7697
1197 2319
1197 2475
1197 3009
1199 4186
1200 2650
1201 3271
1201 3538
1201 7335
1202 3515
1202 7727
1202 8085
1203 1874
1204 4831
1204 6483
1204 7074
1207 2177
1207 3948
1207 3973
1210 7601
1211 2198
1211 4658
1211 5581
1212 4575
1212 6031
1212 6958
1212 7780
1214 4441
1215 7652
1218 4710
1218 6896
1221 2360
1221 2371
1222 1808
1222 5882
1222 6484
1228 1751
1228 4441
1228 6518
1230 6383
1232 4298
1232 5873
1232 5919
1233 7116
1234 5467
1234 6622
1236 2665
1236 5081
1237 2535
1237 6093
1237 7389
1239 2014
1240 1533
1241 5459
1241 6177
1243 7144
1244 2299
1244 7441
1244 7738
1245 1385
1245 2413
1245 4672
1245 5343
1245 6443
1246 8066
1247 4618
1247 5125
1247 6958
1248 2257
1248 3610
1250 1604
1250 5961
1250 7146
1253 1848
1253 5815
1259 3155
1259 7484
1259 7763
1259 7980
1260 6788
1261 4343
1262 4624
1262 5354
1262 5814
1266 4250
1266 4805
1267 6230
1267 7675
1267 7906
1270 4915
1270 6170
1270 6184
1277 3648
1278 5190
1278 5810
1278 7512
1278 8092
1279 2995
1280 4653
1281 2787
1282 2596
1282 5111
1282 5363
1282 6589
1282 6734
1285 6009
1285 7565
1285 8066
1286 3955
1286 7642
1286 7932
1287 1534
1287 3911
1287 4173
1287 7317
1290 3532
1292 3769
1293 1412
1293 2840
1296 1520
1296 6596
1297 2469
1297 4190
1299 3026
1299 7554
1301 4977
1301 6914
1301 7679
1305 1560
1306 4666
1306 8284
1307 5055
1308 2067
1308 7434
1310 4211
1310 5926
1311 3225
1311 6707
1315 2852
1318 5341
1319 3086
1320 4089
1321 1386
1323 1343
1323 4351
1326 3107
1326 3685
1328 1555
1328 2476
1329 4693
1331 3660
1333 2488
1333 4134
1335 4944
1338 1891
1338 5832
1339 7383
1340 1693
1340 2256
1341 4215
1342 2775
1342 4041
1342 5321
1343 3898
1344 1833
1346 3920
1346 6280
1349 3460
1349 5273
1349 7341
1350 1689
1350 5078
1350 6563
1353 5714
1353 7423
1354 1729
1354 1865
1355 6456
1356 2128
1356 5446
1356 6491
1356 7938
1357 3607
1358 8283
1359 2559
1359 5484
1359 7178
1360 3367
1360 3532
1360 3823
1360 5032
1360 7184
1362 5697
1362 8150
1365 3513
1365 3905
1367 3192
1368 2770
1368 3763
1368 4791
1372 1499
1372 3235
1375 2318
1375 3749
1375 4631
1377 1795
1377 3185
1377 6388
1380 3391
1380 4223
1380 7799
1381 2986
1382 4129
1383 4291
1384 1463
1384 6645
1385 2237
1385 4247
1385 4970
1385 5485
1385 5649
1385 6719
1385 6946
1386 4173
1386 4460
1386 5839
1386 7175
1388 1421
1388 1470
1388 2426
1388 5757
1389 1572
1389 1674
1389 2480
1392 2599
1392 4496
1393 5024
1393 7011
1394 1500
1394 1645
1395 7601
1396 2452
1400 3819
1401 1922
1401 3851
1402 2720
1402 4673
1402 4944
1402 8128
1406 2470
1411 1553
1411 4920
1412 7231
1416 4662
1416 5925
1418 3014
1418 3539
1418 4466
1418 7614
1419 8139
1420 3518
1420 3808
1421 1948
1423 1599
1423 7765
1425 4401
1425 5527
1427 7625
1428 6307
1429 3832
1429 4870
1429 8051
1430 1564
1430 5513
1432 5196
1434 1805
1434 4179
1435 6000
1435 7484
1437 2839
1437 8193
1441 1608
1441 2362
1441 2444
1441 7260
1442 5466
1442 8271
1444 4014
1446 1555
1447 1646
1447 7861
1447 8146
1453 3814
1457 2273
1457 3569
1464 3880
1464 4013
1464 4129
1464 6923
1465 5045
1466 1657
1466 4395
1466 5588
1467 6124
1468 2249
1468 2674
1468 7304
1469 1733
1471 3656
1471 4359
1471 6555
1471 6781
1472 2182
1472 3061
1474 5264
1474 7666
1476 4063
1480 2142
1480 3120
1480 7418
1482 2407
1482 5003
1482 5694
1483 3036
1483 3958
1483 6190
1483 6548
1483 6809
1484 3965
1484 5343
1484 7734
1485 3397
1486 7932
1487 3754
1487 4219
1487 5686
1487 8073
1489 4208
1489 6503
1492 2129
1492 4488
1492 4558
1492 4793
1493 8066
1495 7899
1496 2502
1496 3384
1498 3197
1499 1777
1499 1940
1499 5600
1500 7688
1501 2241
1501 6681
1504 2993
1504 7228
1505 2527
1507 6127
1510 2511
1510 5534
1513 1563
1513 3403
1513 5780
1514 1864
1514 7747
1518 3856
1518 4647
1518 6261
1520 2176
1520 2683
1520 3464
1521 3662
1521 4948
1522 1766
1522 3028
1522 3030
1522 6747
1524 4735
1525 1706
1525 3610
1529 5181
1529 7063
1533 4764
1534 4331
1534 5529
1535 2236
1535 6295
1538 1719
1538 6951
1539 2811
1539 5388
1542 1827
1542 2904
1542 3769
1542 6164
1547 2229
1547 5092
1547 6709
1547 6958
1548 4119
1549 2924
1552 7831
1553 4119
1553 5570
1554 2760
1554 7770
1557 1945
1563 3982
1564 8038
1565 3870
1565 5808
1569 4647
1569 7173
1570 2799
1570 3233
1570 3306
1570 3920
1571 1758
1571 3077
1571 3683
1571 4767
1571 5174
1572 2234
1572 3057
1583 5563
1585 2422
1585 4943
1585 5043
1587 2629
1592 4586
1592 5187
1592 7498
1593 4502
1593 5920
1593 7131
1594 3210
1595 5675
1596 5233
1599 3523
1599 3525
1599 5754
1599 7557
1600 4211
1600 4964
1600 5850
1600 7341
1601 1795
1601 6252
1605 1683
1605 3070
1605 4310
1606 3769
1606 6709
1607 4923
1608 2595
1608 2791
1612 6043
1613 2550
1613 5512
1613 6993
1614 2844
1614 4221
1614 6625
1615 1623
1615 3181
1615 4980
1615 8275
1619 7544
1621 6560
1622 5195
1623 4562
1623 5998
1625 2541
1626 2066
1626 2974
1628 4461
1628 5933
1629 2269
1631 4814
1631 4986
1631 6863
1632 5655
1632 7139
1633 3185
1633 4359
1633 4953
1633 5427
1637 4272
1637 6127
1637 7183
1638 2350
1638 5144
1639 1805
1639 2318
1639 2947
1639 5354
1639 6696
1644 7389
1645 2247
1645 3106
1645 3744
1645 6609
1646 3772
1646 4561
1646 5778
1646 7302
1646 7659
1647 1668
1647 3880
1649 2287
1649 5536
1652 4926
1652 7594
1652 7856
1653 5836
1657 4948
1657 6822
1662 7829
1664 7727
1667 3095
1668 2071
1668 3747
1669 4379
1669 8150
1670 4904
1674 5123
1674 5999
1675 2250
1678 6479
1679 1830
1679 6994
1680 4011
1681 2948
1681 4436
1683 2403
1684 3351
1687 2171
1688 6157
1688 7298
1688 7383
1691 3971
1691 4771
1692 4567
1693 2102
1693 5515
1693 5663
1696 4141
1696 6359
1697 2481
1697 2496
1697 7401
1700 6555
1701 3653
1701 5808
1705 7188
1705 7906
1706 1847
1706 3275
1706 3513
1706 3538
1706 5360
1706 6577
1707 2251
1707 5580
1709 4219
1711 1803
1711 5605
1714 6047
1716 3101
1716 5880
1717 3885
1717 5469
1718 2373
1718 7597
1719 1924
1720 4529
1722 2585
1722 4477
1723 4604
1726 4273
1726 8150
1729 3771
1730 2558
1730 6967
1733 2856
1733 7594
1734 5172
1738 4480
1741 5509
1741 5835
1744 1962
1744 3932
1746 3278
1746 4483
1746 4795
1748 4245
1748 7632
1749 6059
1752 5120
1754 2422
1754 5253
1756 7728
1757 6013
1757 7110
1758 2677
1759 4431
1761 2703
1761 4273
1761 5215
1761 7587
1762 7669
1764 3310
1764 5028
1765 2062
1766 2225
1766 4850
1767 3115
1767 6212
1768 3685
1772 1876
1772 7270
1772 7771
1774 4937
1774 6339
1774 7618
1778 2687
1778 3305
1778 4833
1780 2319
1783 4976
1783 6490
1787 3678
1787 7056
1788 2385
1788 5040
1788 7874
1791 3723
1791 8249
1792 4366
1793 5326
1794 2630
1795 2654
1798 2242
1798 2535
1798 3073
1798 7508
1799 6031
1800 4007
1802 3807
1803 2950
1803 5064
1807 3530
1807 5248
1807 6869
1807 7759
1808 7440
1809 2696
1809 3598
1809 4104
1809 7056
1811 2014
1811 5783
1811 6906
1811 7109
1812 4993
1813 4789
1813 5254
1813 8283
1820 5626
1822 4326
1823 5350
1823 6532
1828 3373
1829 2535
1829 5706
1829 7450
1830 7810
1831 3646
1831 7162
1831 7683
1831 7913
1832 5208
1832 7578
1833 2496
1833 6469
1835 2646
1835 5405
1838 1982
1840 3656
1840 8053
1842 4324
1848 6618
1849 4721
1857 2437
1857 5288
1857 6082
1857 6394
1858 6481
1859 3396
1861 5582
1861 5958
1861 6885
1864 7173
1864 7176
1865 3035
1865 5615
1867 5658
1868 7090
1869 5509
1872 3062
1874 7421
1875 4912
1875 7281
1879 5366
1879 5761
1880 2670
1880 3827
1884 8010
1885 3270
1885 5146
1886 2808
1887 3764
1887 4588
1891 3090
1891 3124
1892 3479
1893 6149
1896 2426
1896 5934
1896 7425
1899 2935
1899 3082
1901 4552
1903 6016
1903 7071
1912 3402
1912 6437
1912 6961
1914 3285
1914 3661
1915 3728
1918 3089
1919 3978
1919 8083
1920 5080
1920 5680
1922 7590
1923 6961
1924 4999
1924 7254
1925 4910
1928 7877
1937 5343
1937 6038
1937 7233
1940 3662
1940 6599
1944 2234
1944 5647
1945 4319
1946 4561
1950 5977
1951 5368
1953 4786
1953 6561
1955 5008
1955 5651
1956 6850
1962 5150
1962 6064
1963 2572
1963 3905
1964 5106
1965 3001
1966 2719
1966 3691
1966 5141
1966 5311
1966 6017
1966 6812
1967 3450
1968 6021
1969 3678
1969 6997
1972 4526
1972 4725
1972 6818
1976 3108
1977 3719
1977 3725
1979 2060
1980 2363
1980 2758
1980 5923
1981 2472
1982 3851
1983 4047
1983 4944
1983 6813
1983 7675
1984 6331
1985 3851
1985 5713
1986 2976
1986 5741
1986 7574
1986 7885
1987 2091
1987 6795
1990 2966
1990 3292
1990 4822
1990 7301
1992 2413
1992 4178
1993 4544
1993 5930
1993 7677
1993 8041
1995 5301
2001 5775
2001 7649
2004 3713
2004 6469
2007 3541
2007 3920
2010 5784
2010 6445
2011 4155
2011 5834
2011 5886
2012 2320
2012 5821
2016 3291
2016 7695
2018 3127
2029 3188
2033 2381
2036 6184
2037 4487
2037 5961
2037 6442
2038 2349
2038 4164
2038 8174
2042 7533
2044 4993
2049 5622
2049 6561
2050 3077
2052 2254
2052 4764
2053 2535
2054 3472
2054 7040
2060 4363
2060 4778
2060 6530
2060 7390
2061 2490
2062 3464
2062 8287
2063 5172
2063 8235
2065 3526
2065 4901
2065 6442
2068 3767
2068 5504
2068 5583
2068 7669
2071 3315
2071 3978
2072 4510
2073 4894
2076 8162
2079 7533
2084 3410
2084 7199
2085 4843
2085 7624
2088 6770
2091 2757
2092 4948
2092 7108
2093 3333
2093 5478
2093 5813
2097 8169
2099 2561
2099 4234
2099 5036
2102 5850
2104 2282
2104 6367
2105 6959
2109 2677
2109 2844
2109 4142
2109 6812
2111 4929
2112 2797
2112 5368
2112 6001
2112 6323
2113 3350
2113 5949
2114 5694
2114 5882
2114 7697
2115 3056
2115 6682
2116 3300
2116 7204
2116 8007
2119 4829
2119 6467
2120 4123
2121 2417
2127 5095
2127 6504
2127 6561
2127 6759
2128 3955
2129 5671
2130 2342
2130 3719
2130 4764
2130 5610
2134 7030
2135 3671
2135 6682
2135 7907
2137 2217
2139 2211
2139 3183
2139 5381
2142 4777
2144 3004
2144 5961
2145 5309
2149 6093
2151 4041
2151 6933
2153 2623
2153 3005
2153 5568
2153 6479
2156 7290
2157 8037
2159 4779
2159 4923
2159 5428
2159 8002
2160 3197
2161 3032
2161 5351
2165 3357
2169 5468
2170 2547
2170 8050
2171 7352
2174 3033
2176 6126
2177 2349
2177 2690
2177 4000
2177 4366
2181 4250
2181 5806
2181 6805
2184 4437
2184 6432
2184 7697
2185 2322
2185 4431
2186 3458
2186 3681
2188 2412
2192 3983
2193 7865
2194 2422
2194 6918
2194 7280
2195 4386
2195 6599
2197 3564
2200 5342
2202 6924
2206 5550
2211 3794
2211 4963
2214 4159
2214 8128
2215 3142
2215 4307
2215 5994
2224 3014
2224 6006
2225 3053
2225 3313
2225 3999
2226 7512
2230 2796
2230 4359
2232 2885
2232 2886
2232 4737
2232 5696
2233 4431
2234 6609
2236 2663
2236 6781
2240 4474
2240 6380
2241 5260
2242 4563
2242 5529
2242 7993
2246 4898
2249 4375
2249 5511
2250 3749
2251 2488
2251 4884
2251 5388
2251 6161
2255 5521
2255 7062
2257 3399
2257 8157
2258 4741
2264 6462
2272 6668
2273 3724
2273 4705
2274 3114
2277 6997
2277 7173
2277 7579
2281 2570
2281 4163
2285 4993
2285 5070
2285 7185
2285 7921
2286 2502
2286 4325
2286 7086
2293 3976
2293 6525
2294 3662
2294 5805
2296 3671
2296 5434
2296 5920
2297 4451
2297 5775
2297 6706
2298 6536
2299 2416
2306 2670
2306 5013
2307 7520
2307 7765
2309 7005
2316 6179
2317 7873
2318 5816
2320 3726
2322 6774
2324 5489
2325 5026
2326 2833
2326 6625
2329 2825
2329 4345
2329 5655
2329 7907
2331 5963
2332 4583
2338 3771
2338 4099
2339 7687
2340 5303
2341 2825
2341 3978
2342 2591
2346 2629
2346 3538
2346 4793
2346 6242
2350 2605
2352 8012
2352 8192
2354 5980
2356 5317
2356 6790
2357 6636
2357 7181
2359 4323
2362 4331
2362 5160
2363 2369
2363 6223
2363 6314
2365 4581
2367 3670
2367 6570
2368 3495
2369 3090
2370 5739
2373 3136
2373 3321
2373 3842
2375 5260
2376 4461
2378 3049
2378 3701
2378 4557
2379 3735
2379 4618
2381 3032
2385 2645
2385 2886
2385 4257
2387 3491
2387 3880
2387 6146
2390 4437
2393 7647
2397 3209
2397 6248
2399 3023
2399 6148
2400 3754
2400 6340
2403 7646
2406 3457
2406 8225
2406 8287
2407 2758
2409 4891
2410 5186
2410 5630
2411 4488
2413 3185
2414 4583
2415 2531
2415 6130
2415 7424
2417 5405
2426 6802
2427 5655
2429 6229
2433 6696
2434 5963
2434 6114
2434 7357
2437 3681
2444 7510
2452 3010
2456 2547
2456 7096
2458 6628
2467 5275
2470 3014
2472 2751
2472 5106
2473 2591
2473 5151
2474 4432
2475 4204
2476 2587
2480 3591
2480 5068
2481 3320
2481 7806
2482 3780
2482 5855
2482 5945
2484 2976
2484 4319
2484 7014
2485 2496
2485 3525
2488 5988
2493 5058
2493 6235
2493 7845
2496 2688
2496 3313
2496 4039
2496 4247
2497 4200
2497 4291
2497 7116
2500 2720
2500 2967
2501 7549
2502 3393
2502 5512
2502 6227
2504 4640
2506 5816
2506 7063
2507 2721
2507 5956
2507 6576
2507 7088
2509 3958
2509 4776
2509 6568
2510 3562
2511 5240
2511 6220
2511 7683
2516 4261
2516 4925
2517 4129
2517 5772
2518 5747
2518 5993
2523 6174
2523 7753
2524 8290
2527 2599
2527 3462
2531 2839
2531 3892
2531 6682
2535 3569
2541 3392
2541 5485
2542 2981
2542 4319
2546 2621
2546 6695
2548 2842
2549 4981
2549 7172
2550 4188
2550 6204
2550 6622
2551 2996
2551 3991
2551 7074
2552 6685
2552 7315
2557 2702
2557 4015
2557 5118
2557 5412
2557 5533
2559 5516
2561 4578
2562 5939
2562 6676
2563 2613
2565 4739
2566 6555
2566 7567
2567 4820
2567 7183
2568 5499
2568 7327
2569 2757
2570 7912
2571 6982
2572 6959
2572 7724
2574 4648
2574 5146
2574 6416
2574 7514
2575 4013
2575 5470
2576 3995
2576 4483
2576 5044
2577 3807
2577 8297
2578 4658
2578 6088
2579 2744
2579 3050
2579 3812
2579 5173
2579 8094
2580 5006
2585 5354
2585 7238
2586 4148
2586 6452
2586 6930
2586 7771
2587 2692
2587 4189
2587 7113
2589 5481
2592 7233
2593 4533
2595 7604
2597 3755
2598 5559
2598 6502
2599 5926
2599 6492
2604 2834
2604 3375
2604 5452
2605 7682
2607 3251
2607 6595
2609 3556
2613 3744
2613 6135
2614 3276
2614 3780
2614 3808
2614 3965
2614 4031
2614 6526
2615 5474
2617 6953
2618 3842
2618 5193
2618 6119
2620 5553
2620 6846
2625 5680
2626 7279
2629 7518
2630 4777
2630 7271
2638 7779
2645 5090
2645 7139
2651 3869
2651 5008
2654 2831
2654 3643
2654 5936
2657 7649
2658 3480
2659 7226
2663 5119
2667 5276
2667 6719
2669 5446
2670 3587
2672 3164
2674 6068
2683 5387
2686 2995
2686 7270
2687 4363
2687 6427
2689 3833
2689 4760
2689 8043
2690 3452
2690 4560
2695 5568
2696 4200
2696 5075
2696 6471
2697 4117
2697 7799
2697 7879
2698 6041
2698 6518
2698 7241
2699 3130
2699 4014
2699 4883
2699 6135
2699 6157
2701 8063
2702 4782
2703 3094
2703 4793
2703 5449
2703 6096
2703 7227
2704 4329
2706 3021
2706 4567
2707 7089
2707 8130
2708 4551
2711 3591
2711 4233
2711 7348
2715 8007
2719 3059
2720 5051
2720 6458
2720 7791
2721 3258
2721 6867
2721 7520
2721 8163
2724 7839
2733 3307
2733 6895
2736 3488
2736 3691
2737 3396
2738 4815
2738 5947
2738 8282
2740 4292
2740 6975
2744 4982
2744 6899
2746 4536
2746 6958
2751 3839
2751 4527
2752 5002
2752 7302
2754 4744
2754 6296
2757 3665
2757 5106
2760 7043
2762 2993
2762 8296
2763 7767
2764 3262
2764 6190
2765 3460
2765 4272
2765 7026
2770 8283
2774 2958
2775 6961
2777 3333
2777 5911
2778 5207
2780 3478
2785 4632
2785 6685
2787 3900
2787 5908
2788 3787
2788 3833
2788 4011
2789 3728
2791 5026
2791 5317
2791 5565
2792 3470
2794 5720
2796 3888
2796 4712
2797 5536
2802 5819
2802 6518
2802 7471
2804 6608
2807 4717
2807 5649
2808 3188
2808 3980
2808 5361
2811 3486
2811 3770
2814 6312
2815 6161
2817 5663
2818 4453
2819 5284
2825 4557
2825 6715
2831 6257
2832 4338
2832 5707
2832 7665
2833 3742
2833 5073
2840 4451
2843 4988
2845 5915
2851 4661
2851 5662
2851 8141
2852 3713
2852 4403
2852 6407
2855 4012
2855 5787
2855 8169
2856 5260
2858 5816
2860 6491
2860 6753
2862 8190
2865 2969
2865 4137
2865 7929
2866 4639
2866 5180
2867 4544
2867 5610
2867 6612
2871 2988
2875 5442
2877 3530
2877 5060
2877 7593
2880 5002
2883 6149
2883 7684
2883 7961
2886 3162
2886 4072
2886 4542
2886 7199
2900 3922
2900 4191
2900 5329
2901 5059
2903 3750
2904 4104
2906 4041
2907 3666
2907 6323
2908 5909
2908 6840
2909 3682
2910 3916
2910 4717
2910 6744
2913 4655
2913 5208
2913 6949
2914 5196
2914 5994
2917 5226
2918 3678
2918 3897
2919 4776
2919 5637
2919 7730
2922 4147
2923 3268
2923 5768
2924 8134
2926 3495
2926 3666
2926 4577
2928 6833
2932 4013
2932 4363
2933 3976
2935 6360
2936 5238
2936 7087
2939 4485
2939 4967
2939 5644
2940 5306
2941 5516
2941 7726
2947 4095
2947 7024
2947 7128
2947 8294
2948 6408
2950 4859
2950 7625
2950 8224
2951 6047
2953 2972
2953 6753
2956 5753
2956 6398
2956 7185
2968 6923
2969 3937
2969 4562
2969 6747
2973 4124
2973 5311
2975 3714
2975 6834
2976 4866
2976 7743
2977 6779
2978 4813
2978 6550
2979 6923
2981 3274
2983 5043
2983 6307
2986 5662
2986 7833
2987 4233
2987 5536
2988 5174
2991 5533
2991 6658
2993 3725
2993 4290
2993 7490
2994 4409
2996 7165
2998 3024
2999 5675
3000 5419
3001 5820
3001 7900
3002 3462
3002 6489
3005 3842
3005 5336
3005 5455
3005 6795
3005 8193
3006 3307
3006 5006
3006 5427
3007 3822
3009 4411
3009 7683
3009 8227
3010 4748
3015 3974
3016 3744
3016 5600
3018 5160
3020 3160
3020 6621
3021 6356
3021 6815
3023 3049
3026 4705
3026 4906
3027 4431
3030 7707
3031 5388
3033 3933
3034 4111
3035 6148
3036 4909
3036 5559
3036 6062
3037 5827
3039 3417
3039 6524
3040 6599
3041 6107
3044 3854
3046 4630
3046 5075
3047 5780
3047 7769
3049 3349
3049 6865
3056 3346
3056 5098
3059 5909
3060 5631
3060 6489
3061 3454
3061 4095
3068 3634
3070 7632
3072 4117
3075 8121
3077 7583
3083 3600
3083 4014
3083 6064
3083 7682
3086 3812
3086 6902
3089 4426
3089 4665
3089 5914
3090 7586
3092 3470
3094 6801
3095 5516
3098 6859
3099 6614
3099 7351
3099 7757
3101 6026
3101 6487
3103 3802
3104 6200
3107 3453
3108 3522
3108 5201
3108 5215
3108 5663
3108 7321
3108 7330
3109 5339
3109 5738
3109 8134
3110 3723
3110 6775
3114 5250
3117 7440
3120 4859
3120 5485
3123 4613
3123 6632
3123 8152
3124 3717
3124 8224
3125 3183
3125 5584
3126 6670
3127 3397
3127 7938
3130 3515
3136 4686
3136 6239
3136 6991
3138 5317
3144 3520
3144 5884
3144 6505
3144 8046
3145 6668
3147 4194
3148 4327
3148 4486
3148 4592
3148 7109
3155 3823
3155 6747
3159 4815
3159 5120
3160 7150
3162 3478
3162 7306
3164 5140
3164 5207
3168 3898
3168 5549
3173 5657
3175 3568
3175 6518
3180 6415
3181 4276
3181 5472
3181 6938
3183 4659
3185 3544
3185 6229
3188 3448
3188 3665
3189 4215
3189 5584
3190 5396
3190 6098
3190 7594
3191 5378
3192 3532
3192 3932
3192 4327
3193 5089
3196 8276
3197 5204
3200 5245
3201 4031
3202 7350
3208 4936
3210 8033
3216 4962
3216 7237
3216 7298
3225 4192
3225 7946
3227 7648
3238 4159
3242 3352
3246 3973
3246 4451
3247 6218
3249 3350
3251 3827
3255 4447
3256 4743
3256 6223
3258 3961
3258 4745
3259 8044
3265 5073
3265 7306
3266 4254
3270 4071
3270 6235
3270 7647
3270 8212
3274 5073
3275 3984
3275 7237
3276 4882
3276 5647
3279 3681
3280 6712
3280 7688
3282 5430
3282 6356
3282 7928
3284 4609
3284 4814
3284 7676
3290 5933
3291 4920
3291 5187
3291 8079
3292 5707
3297 4874
3297 6333
3300 6046
3301 3713
3301 6070
3301 6709
3304 5002
3305 3564
3305 6182
3306 3748
3306 5296
3306 7586
3309 5125
3310 5245
3313 8073
3315 8263
3316 3538
3319 4924
3319 5844
3320 3456
3320 6062
3321 3683
3323 3845
3323 6496
3324 7319
3326 3749
3326 3873
3333 3725
3333 4659
3333 6166
3338 3889
3338 6180
3343 4013
3343 4074
3349 3914
3349 7900
3350 4677
3350 4832
3350 5448
3351 7046
3352 3814
3354 3839
3354 4575
3354 6047
3354 6915
3357 5610
3361 5283
3366 3863
3367 6207
3373 4552
3373 5947
3375 5125
3377 7597
3378 3809
3378 5955
3379 6007
3379 6230
3381 4669
3381 8293
3383 6545
3386 5274
3386 5830
3386 6088
3386 7497
3389 5939
3391 7833
3394 5119
3396 5935
3397 4631
3399 7341
3402 3564
3402 5620
3402 7425
3403 5048
3406 4016
3409 7884
3410 3799
3417 8156
3425 7724
3429 5819
3433 3788
3435 5532
3439 5406
3441 3555
3443 4074
3444 5810
3445 3571
3445 3854
3445 5155
3445 5836
3445 6913
3446 5973
3447 8107
3448 3920
3448 6416
3449 3992
3449 4973
3450 4016
3450 4181
3450 4743
3450 6867
3451 7517
3452 8128
3454 5111
3456 4386
3456 4737
3457 7740
3459 6958
3459 7845
3459 7903
3461 6242
3463 4746
3463 5658
3463 5816
3464 8292
3466 3979
3469 4600
3469 7882
3470 3548
3470 5039
3471 7117
3472 4651
3473 5785
3473 5946
3478 5232
3479 6892
3479 7553
3480 3677
3481 3839
3481 5670
3481 8128
3482 3688
3482 7734
3483 5313
3486 6459
3486 8041
3490 6219
3490 6902
3491 5925
3495 4016
3495 4201
3496 4884
3498 3665
3498 4058
3498 5140
3498 6765
3499 5532
3506 3673
3506 5994
3508 3631
3508 3872
3513 4395
3513 4425
3513 7330
3513 7492
3515 4903
3516 4798
3516 6221
3518 5329
3519 6108
3520 5321
3521 3945
3522 7780
3523 4967
3525 3543
3525 3779
3527 5834
3528 7060
3530 7351
3532 5872
3535 5210
3535 7921
3535 7991
3536 4562
3536 6278
3537 4678
3537 7792
3538 3978
3539 4089
3540 7508
3541 6657
3541 6805
3543 6923
3545 4110
3545 5154
3545 5204
3547 3723
3547 4453
3548 3849
3548 4440
3548 5423
3548 6165
3548 6832
3549 6692
3553 4664
3555 6246
3560 4963
3563 6545
3567 7136
3568 5393
3571 5336
3576 5401
3576 7799
3576 7928
3580 3650
3580 5474
3583 6009
3585 8246
3586 4874
3586 5835
3587 4451
3589 4681
3589 5914
3591 8042
3594 5022
3594 6804
3594 7201
3595 3973
3597 3877
3598 5022
3598 6524
3600 7126
3601 4934
3601 5198
3607 4999
3609 5804
3611 5298
3611 5600
3622 7054
3623 5883
3623 6918
3623 7092
3624 4977
3625 4582
3631 4782
3631 7992
3634 7428
3635 4181
3635 4190
3635 4756
3635 6801
3637 8111
3639 4616
3641 4342
3641 6826
3642 4587
3643 5740
3647 7276
3648 3998
3648 5323
3650 6118
3653 3785
3653 4127
3653 4290
3653 5210
3653 6627
3656 6459
3658 4840
3658 5617
3660 7271
3661 6467
3662 3958
3664 3749
3664 7561
3665 3747
3666 6339
3670 5011
3670 6505
3670 6951
3671 4689
3671 5164
3671 5925
3671 6218
3671 6736
3673 6124
3674 8286
3677 6219
3678 7047
3679 3949
3679 8227
3680 4256
3680 4332
3680 4681
3680 6495
3680 6600
3680 7668
3681 3855
3681 7520
3682 4223
3685 4651
3686 4553
3688 5551
3688 6047
3700 6096
3701 5231
3705 5341
3705 7685
3705 7901
3709 4948
3713 5067
3714 5118
3714 7186
3719 6200
3719 7440
3720 5466
3722 3873
3722 5582
3722 7099
3723 7168
3724 5914
3724 6634
3725 3929
3725 4714
3731 5947
3731 7747
3737 7173
3743 6299
3747 7402
3747 7598
3748 5098
3748 7881
3749 5686
3750 4265
3751 3908
3754 4963
3755 5352
3755 8287
3761 3876
3762 4384
3762 5913
3762 7059
3763 5261
3766 6832
3767 5806
3767 6502
3770 4693
3770 7673
3771 5855
3772 5179
3775 4192
3775 5582
3776 7993
3779 6685
3780 7142
3782 4088
3782 6323
3785 4117
3788 3812
3792 4127
3797 6606
3797 7730
3798 4066
3798 4124
3800 4228
3800 4576
3800 7778
3802 6458
3803 5152
3806 4163
3807 4145
3807 5501
3808 7278
3809 6555
3811 4349
3814 7665
3815 6682
3815 6759
3819 4077
3821 6263
3822 6094
3822 6648
3823 7113
3825 4688
3825 5240
3825 6098
3825 6595
3827 4986
3827 6435
3830 5720
3832 4684
3835 4870
3835 5203
3835 5596
3835 6613
3839 5526
3839 7623
3843 8141
3847 4575
3851 6636
3854 5993
3854 7753
3856 4658
3862 4920
3865 4245
3869 4811
3870 6081
3871 7030
3872 4846
3872 6248
3872 7904
3873 4138
3873 4645
3873 5871
3876 7594
3877 7979
3877 8204
3881 6870
3898 4717
3900 6560
3902 7409
3902 7730
3908 6135
3908 7533
3910 7179
3911 6452
3912 4099
3912 8204
3914 4224
3914 6441
3914 7144
3916 6713
3917 7026
3918 5549
3918 5626
3918 7002
3919 4910
3919 5919
3920 6645
3921 4605
3924 4111
3925 4123
3926 4164
3926 5009
3928 6023
3929 7327
3930 6954
3932 4148
3932 5512
3933 6437
3933 7677
3933 7882
3937 4011
3937 4837
3937 7062
3939 4211
3942 4551
3942 6734
3945 3955
3946 7502
3946 7743
3947 5739
3949 5308
3954 6306
3954 6860
3955 8276
3956 5920
3958 4530
3958 5846
3959 4422
3959 5347
3959 6676
3961 5102
3962 5010
3962 6262
3962 6408
3962 7094
3965 5352
3967 5050
3967 5320
3967 6170
3970 6934
3971 4653
3978 5747
3979 4487
3980 4481
3980 6600
3982 4133
3983 4620
3984 7608
3985 4746
3991 5902
3991 7835
3992 4575
3992 6417
3992 6918
3995 7885
4000 6435
4001 4624
4001 5400
4008 4947
4008 5489
4009 4442
4011 4078
4011 6700
4011 7965
4013 6776
4014 4073
4014 8111
4015 6560
4016 4451
4016 5061
4016 5263
4020 5125
4020 6504
4021 4940
4021 6620
4023 5305
4026 5384
4026 6176
4027 6119
4034 5002
4040 7383
4042 4216
4042 5320
4044 6013
4045 6711
4045 7236
4046 6681
4047 6394
4047 6753
4047 7736
4049 7842
4051 4331
4051 4948
4051 7813
4055 4235
4055 5378
4055 5860
4055 6469
4055 6606
4055 8043
4056 6900
4063 4818
4063 6863
4065 4750
4066 7865
4068 7052
4071 4269
4073 4359
4073 6896
4073 7073
4074 4354
4076 5378
4076 6483
4076 6552
4078 5311
4078 7517
4082 4412
4088 4216
4088 4369
4088 6204
4088 7030
4088 8288
4095 5482
4098 4412
4098 5037
4099 5844
4103 5792
4116 4466
4117 5144
4120 7442
4121 6239
4123 5208
4124 4822
4124 6818
4127 7772
4128 7632
4135 5064
4136 6804
4136 7378
4137 4584
4138 4315
4138 5204
4140 7106
4142 5207
4142 6609
4145 5848
4147 5588
4147 6772
4149 4430
4150 6328
4155 4743
4155 6044
4155 6458
4162 4401
4164 5883
4164 7996
4169 7343
4171 4805
4171 6347
4171 6636
4175 5298
4175 5911
4179 5671
4179 5696
4179 5956
4183 5928
4183 7884
4186 7567
4187 4811
4189 7383
4191 5247
4191 5773
4191 8046
4197 4602
4199 5090
4201 6979
4204 7806
4205 7806
4208 4222
4208 6164
4208 7108
4212 7428
4214 5536
4215 6407
4215 6710
4216 6681
4218 7561
4220 5720
4221 4626
4222 4252
4222 6949
4224 4386
4228 4947
4229 4310
4229 5709
4229 6407
4229 7806
4233 4347
4233 4673
4235 4557
4235 4887
4245 6038
4247 5928
4250 6686
4250 7647
4250 8042
4254 7302
4254 7587
4257 5696
4261 5809
4263 5693
4265 5553
4266 6530
4272 5210
4272 6208
4272 6655
4273 6340
4275 4456
4275 5412
4276 6511
4276 7442
4282 7138
4285 5217
4291 4558
4292 6059
4292 7132
4297 5785
4297 7928
4298 5454
4298 6608
4303 7812
4308 5533
4308 5803
4308 6026
4311 7423
4311 7484
4313 4993
4313 6324
4314 4910
4314 5816
4314 8025
4316 4844
4316 5780
4316 6779
4317 4482
4319 7228
4320 6176
4323 5982
4323 6755
4325 7668
4326 4567
4326 5651
4329 6314
4332 5051
4332 8021
4338 7127
4342 6337
4344 4616
4344 5591
4344 6632
4345 5707
4345 6220
4349 8141
4351 6612
4351 7677
4353 5115
4354 5126
4354 5933
4354 7144
4355 4673
4355 6325
4355 7993
4364 6071
4364 7991
4371 7442
4373 4383
4373 5897
4373 6744
4375 7120
4375 8090
4384 7434
4384 7861
4384 8285
4385 6682
4386 5239
4386 5920
4395 4535
4395 4981
4395 6460
4400 4460
4400 6755
4400 7228
4401 6502
4409 5459
4409 5721
4409 6080
4411 7284
4417 5424
4417 5802
4422 5040
4425 5078
4425 6271
4429 4909
4430 5706
4433 4577
4436 4583
4437 8111
4438 5640
4441 4510
4442 5448
4442 6094
4443 5013
4443 7136
4446 5694
4446 6278
4447 5821
4447 7225
4451 5624
4453 4647
4453 5920
4455 6769
4459 6885
4461 5770
4461 6026
4461 7717
4463 6417
4468 7766
4468 8044
4474 5775
4474 7045
4476 5182
4480 6720
4482 5956
4482 7806
4483 6207
4485 5155
4486 6945
4502 4717
4502 6676
4507 5897
4511 6213
4511 6643
4524 7401
4527 6483
4531 4920
4531 5783
4534 5310
4535 5604
4535 7906
4536 7306
4542 5455
4542 7391
4543 5036
4544 6779
4544 7919
4547 5103
4547 6164
4547 6627
4547 7812
4551 5012
4552 7932
4553 5399
4553 6221
4553 6337
4562 5060
4564 4646
4564 6953
4565 7921
4574 8162
4575 5096
4575 6737
4577 5637
4577 7490
4578 6976
4582 5820
4583 5604
4583 5692
4583 5995
4583 7701
4584 6394
4588 4709
4588 6241
4591 6726
4592 7215
4595 7799
4598 8212
4602 5731
4604 5326
4604 5670
4605 7029
4609 5308
4613 5534
4618 5995
4621 5306
4621 6918
4624 7282
4630 5405
4631 4779
4639 5096
4640 5036
4640 5198
4640 7770
4647 5275
4650 5421
4652 7116
4655 7703
4659 5809
4661 6863
4661 6945
4662 7153
4665 7862
4669 5045
4669 5828
4669 6312
4671 6712
4672 4860
4672 4893
4672 5936
4673 7678
4674 5793
4677 7330
4682 7171
4686 6501
4686 7569
4689 6443
4693 7979
4706 7129
4709 6469
4710 5360
4713 4977
4713 5274
4714 8243
4715 4814
4715 5617
4725 4820
4726 5255
4733 5075
4733 6192
4739 6280
4745 4792
4745 5564
4750 4932
4750 7019
4760 5939
4765 8028
4767 8083
4774 7428
4777 6126
4778 6870
4779 7906
4780 8077
4783 5775
4786 4815
4788 7601
4789 6627
4789 7046
4793 8209
4795 7094
4796 5204
4797 5010
4797 5305
4797 8045
4799 5772
4805 4991
4805 5528
4811 5707
4814 7172
4818 7763
4821 8037
4822 6753
4824 5832
4831 5118
4838 5630
4838 5692
4838 8169
4843 5887
4843 7064
4844 7113
4844 7290
4852 4947
4852 7902
4853 7968
4854 5773
4859 7716
4860 7107
4862 5033
4870 7107
4870 7857
4875 5267
4875 5352
4875 7176
4876 5037
4876 6269
4881 7228
4884 6948
4885 5351
4887 5570
4887 5589
4887 7175
4893 6488
4893 8173
4898 7389
4901 5313
4903 7498
4903 7759
4906 5740
4906 6658
4909 7107
4910 5822
4912 5969
4914 5643
4914 5913
4914 6590
4915 5305
4915 5469
4915 6624
4920 7703
4920 8112
4922 5564
4924 5125
4925 5604
4925 6911
4932 6220
4934 5182
4936 6685
4940 5616
4942 5090
4942 5344
4944 5393
4946 6911
4947 5692
4947 7270
4948 6974
4952 7647
4952 7808
4953 5939
4954 6632
4960 8028
4963 7163
4963 7668
4964 7554
4967 5166
4972 6958
4974 5255
4976 6530
4976 8042
4977 7780
4982 5012
4986 6612
4989 7587
4989 7965
4991 5245
4991 6344
4991 7910
4993 5044
4993 5215
4993 5604
5003 5913
5006 5500
5006 6815
5009 7214
5015 6006
5016 5463
5022 5162
5028 6523
5029 6026
5032 5386
5032 5527
5036 5626
5036 6262
5038 6198
5039 5896
5044 7323
5045 6248
5045 7738
5046 5956
5048 6123
5051 7497
5053 5455
5053 8048
5054 5069
5054 5202
5054 6340
5054 8212
5060 6500
5061 7734
5069 5771
5072 5171
5072 5775
5083 6400
5083 7806
5085 7952
5089 6165
5089 6530
5092 5747
5092 6437
5099 5184
5100 5819
5102 6274
5104 6993
5106 7669
5111 5387
5114 7856
5118 6400
5118 6829
5121 6622
5123 7381
5130 6771
5133 5463
5133 7741
5139 5570
5139 5773
5141 6135
5141 6771
5142 7534
5143 7520
5150 5558
5151 6859
5153 7262
5166 5526
5166 6218
5166 6668
5171 5902
5171 7744
5172 7862
5172 7924
5172 8163
5173 5329
5175 6702
5176 5199
5179 5501
5181 7128
5182 5482
5185 8130
5186 5267
5186 6649
5193 6627
5193 6670
5194 6416
5202 5501
5202 5644
5202 5680
5202 7126
5202 7881
5203 7579
5207 5226
5217 5375
5222 5780
5241 7443
5243 8271
5245 5704
5246 7020
5246 7815
5247 5456
5247 5958
5248 7520
5248 7716
5254 8150
5255 5421
5264 6809
5267 6201
5274 7302
5276 5404
5276 5552
5282 8024
5283 6503
5284 5313
5298 6043
5301 5489
5305 7882
5305 8041
5308 8237
5311 7774
5312 7188
5313 6775
5317 6959
5320 7594
5320 7724
5321 7856
5327 7652
5329 5966
5332 7580
5334 7222
5335 6589
5341 6149
5341 6218
5343 6481
5347 7493
5350 7164
5351 6255
5352 5973
5360 7624
5364 5977
5381 5603
5382 6665
5382 8068
5384 6218
5384 7724
5387 6991
5388 7139
5388 7772
5388 7903
5393 7734
5396 8171
5398 6974
5400 6777
5401 5631
5404 7945
5405 5691
5412 8294
5423 7153
5423 7204
5424 6892
5427 6242
5428 6841
5434 6611
5434 7080
5434 7901
5439 6088
5442 7229
5447 5664
5448 5780
5448 6951
5455 6885
5456 6170
5457 6896
5462 5637
5466 5512
5466 6257
5466 6479
5466 8173
5467 5921
5470 6407
5470 6551
5470 6765
5475 6165
5475 6398
5478 6789
5480 6064
5480 6886
5480 7400
5487 7134
5489 6151
5501 5603
5506 6111
5506 7755
5509 5872
5513 8152
5516 7131
5526 7020
5531 8204
5532 6686
5539 6890
5539 8010
5550 5638
5550 6078
5551 6417
5552 6360
5570 5942
5570 7293
5579 7172
5580 5753
5580 6755
5581 5741
5581 7131
5584 7687
5588 7059
5590 7373
5604 7407
5604 7771
5612 5952
5617 5675
5622 5745
5622 7665
5622 7842
5626 7875
5639 7127
5643 5812
5644 7835
5646 5686
5646 6432
5646 6759
5647 6668
5649 7060
5650 6020
5656 5761
5657 6491
5658 7952
5661 6710
5662 6614
5663 6598
5664 6255
5666 6325
5667 8111
5668 5927
5680 6305
5683 5933
5683 6517
5684 6553
5686 6767
5692 6915
5696 7026
5705 5780
5708 6044
5713 7884
5720 8051
5721 6000
5721 8041
5731 6780
5732 7415
5732 7904
5737 6713
5739 6148
5741 6625
5741 7260
5743 5761
5743 6724
5747 6070
5750 5972
5756 6072
5761 6452
5768 7706
5769 7452
5778 7924
5780 6243
5784 6784
5788 5914
5788 7882
5793 6334
5793 6902
5796 6360
5797 6356
5797 6699
5807 6059
5814 8219
5816 6916
5817 7676
5820 6611
5824 7792
5832 8141
5834 8241
5835 7443
5839 6991
5846 7642
5877 7618
5882 7179
5882 7945
5882 8224
5885 6546
5890 5934
5890 7928
5892 6021
5892 6248
5908 7665
5909 6417
5911 8226
5915 7379
5916 7413
5923 7687
5930 6834
5933 6110
5935 6683
5935 6953
5939 8295
5940 8042
5946 6044
5947 6938
5947 7554
5956 7153
5956 7790
5961 6360
5962 6111
5962 6169
5965 7510
5965 7586
5972 6314
5980 7646
5981 6721
5982 7318
5993 7652
5994 7991
5995 7080
5998 6736
6004 6414
6004 6974
6015 7413
6017 7295
6017 7618
6020 7227
6021 6251
6029 6235
6032 7146
6038 8249
6046 8010
6047 6965
6071 7301
6093 7115
6098 6712
6098 6864
6105 6501
6107 7673
6109 7450
6109 8162
6111 7253
6116 7861
6130 7747
6132 8168
6133 6758
6134 7502
6146 7678
6148 6523
6149 6245
6149 7161
6161 6328
6161 7659
6170 6225
6179 6880
6197 7652
6200 7669
6216 7184
6219 7344
6219 7544
6220 7578
6221 7344
6225 7306
6230 6636
6232 6302
6232 6948
6232 7864
6243 6467
6251 6776
6262 6428
6263 7624
6263 7839
6269 6913
6270 7020
6278 6780
6280 6829
6296 6897
6296 6938
6299 7570
6307 7771
6312 7605
6313 6626
6313 7062
6314 6945
6316 6900
6320 7341
6321 6955
6326 6634
6327 7052
6337 7106
6340 7882
6344 6899
6344 7390
6347 7683
6356 6427
6360 7476
6380 8077
6381 6775
6381 7604
6388 6806
6394 7238
6406 8033
6409 8286
6421 7099
6422 7946
6424 6994
6428 7390
6432 6624
6437 6567
6459 6505
6460 7359
6461 7226
6464 6780
6469 6625
6486 6621
6489 7276
6491 6953
6492 6712
6496 7110
6498 7893
6500 7683
6522 7839
6523 7518
6525 7424
6526 6781
6545 7121
6546 7810
6550 7428
6552 7019
6560 7771
6567 8079
6576 7359
6589 7912
6612 8134
6624 6899
6628 7413
6649 7237
6663 7071
6663 7564
6699 8019
6700 7061
6702 7231
6706 7813
6714 6846
6715 8066
6721 8033
6725 8002
6739 7588
6765 6815
6765 7992
6767 6809
6767 8122
6771 8007
6775 7932
6778 7021
6780 7881
6780 8294
6781 7554
6789 6924
6804 6815
6806 7418
6812 7321
6818 7442
6818 8047
6832 7780
6834 7295
6840 7565
6845 7651
6846 7666
6859 7176
6866 7183
6867 7893
6869 8048
6870 7678
6886 7184
6899 6959
6902 7270
6902 8282
6920 7443
6934 7829
6934 8291
6942 7744
6942 8157
6946 6997
6949 7726
6950 8073
6959 7172
6980 7677
6982 7567
6993 8243
7012 8145
7014 8028
7020 7819
7020 8246
7035 8283
7035 8288
7038 7666
7040 7146
7043 7608
7052 8051
7055 7239
7059 7565
7070 7365
7100 8005
7101 7181
7104 7450
7115 7996
7126 7517
7127 8012
7130 7570
7142 7189
7143 7253
7149 7733
7161 7683
7173 7579
7225 8186
7227 7289
7246 7387
7253 7687
7266 8033
7266 8276
7277 8189
7282 8092
7293 7865
7335 7969
7386 8282
7393 7564
7397 7426
7422 7687
7441 7931
7442 7860
7443 8186
7534 7964
7557 7618
7567 8190
7583 7686
7590 7666
7590 7809
7594 7815
7620 7735
7648 7734
7648 8290
7652 7747
7659 8090
7666 7845
7673 7750
7697 8111
7747 8112
7759 7921
7837 8152
7842 7969
7875 8054
7877 8094
7927 8212
7994 8002
7994 8083
8033 8043
8069 8204
