10000
2 391
2 909
2 2377
2 3699
2 5546
2 6843
8 638
10 1218
10 1674
10 5481
10 6346
10 7185
10 9060
12 356
12 3635
12 5147
12 6569
12 6817
14 2081
14 3457
14 5444
14 7225
14 8493
17 1083
17 1546
17 3656
17 4869
17 5268
17 6766
17 7182
17 8054
20 1575
20 4596
20 4855
20 4938
23 2355
23 3141
23 4327
23 7101
24 1484
24 3170
24 6053
24 7021
25 3130
25 3897
25 4006
25 5735
25 6485
25 6672
27 587
27 2062
27 4466
27 5464
27 6988
27 7760
27 8263
27 8429
31 221
31 1567
31 5076
31 5522
31 5583
31 5794
31 6138
43 1026
43 1203
43 2349
43 3242
43 3453
43 4664
43 5622
44 120
44 872
44 1543
44 1968
44 3414
44 3920
44 5326
44 5921
44 6480
44 7235
44 7986
44 8277
45 4307
45 6758
45 8040
46 1167
46 1496
46 2532
46 5369
47 593
47 5342
47 5834
47 6685
47 6794
49 3068
49 4196
53 4116
53 4225
53 4687
53 5218
53 5304
53 6053
53 6485
69 960
69 3044
69 9739
78 735
78 3093
78 4860
78 5050
78 5489
78 5861
78 8066
79 2457
79 3581
79 6049
79 6070
79 6899
79 7352
79 7986
79 7996
79 10526
89 2346
89 3930
89 3946
89 5998
89 7281
93 515
93 5247
97 6225
98 1297
98 7034
103 4320
103 6025
103 7172
105 1665
105 3574
105 5050
105 6195
105 8498
106 1210
106 1321
106 5059
106 6122
106 7864
112 3429
112 4175
112 6629
112 7642
112 8206
117 484
117 2842
117 4071
117 4335
117 5188
117 5412
117 9183
120 270
120 410
120 4475
120 5550
120 6672
120 6831
120 7193
120 7448
120 7623
121 3330
121 4947
121 7188
123 1942
123 3864
129 1055
129 3228
129 3868
129 4797
129 5114
129 8186
131 1213
131 5110
131 6942
131 7015
140 366
140 4277
140 6562
144 3684
144 5279
144 8799
151 505
151 1272
151 1661
151 7062
151 8072
160 448
160 1303
160 3080
160 3777
160 5689
160 7626
160 7916
160 9940
164 461
164 2709
164 7504
164 7804
165 914
165 1668
165 3095
165 3304
165 4057
165 4094
165 7716
170 1644
170 3021
170 3092
170 5610
170 5955
170 6835
170 7044
170 7788
177 488
177 551
177 5759
177 6614
177 8577
179 3705
179 6891
180 5891
180 6091
180 6704
180 7456
180 7662
181 3834
181 4041
181 5730
181 8276
186 1662
186 5054
186 6331
186 7033
186 7313
186 7744
192 1864
192 2857
192 4365
192 5186
192 5203
192 7695
193 2848
193 7310
193 7372
199 961
199 1009
199 1948
199 3210
199 6378
199 6399
199 6413
199 6990
199 8761
199 9805
217 1019
217 1467
217 2062
217 2978
217 3157
217 4657
217 5059
217 5774
217 6559
217 8019
217 8873
221 3534
221 3710
221 6681
221 7062
225 2126
225 3174
225 3320
225 6370
225 8104
225 9393
226 3943
226 10082
231 1281
231 2071
231 4724
231 6804
231 7054
231 7961
231 10172
232 461
232 2538
232 3304
232 4484
232 4947
232 6828
232 8533
234 3007
234 4072
234 6781
234 6841
234 7578
234 8989
241 1156
241 2177
241 4507
241 6345
241 6412
241 7646
241 8066
246 255
246 2477
246 2976
246 4292
246 10395
254 410
254 462
254 1113
254 1126
254 2973
254 3283
254 5022
254 5870
254 5872
254 5921
255 1433
255 2443
255 6841
255 6883
255 8426
261 620
261 1180
261 1520
261 1598
261 2125
261 3269
261 7372
261 7569
261 8662
264 1824
264 3717
264 3750
264 3759
264 9062
264 9109
267 1434
267 1759
267 2964
267 3115
267 5010
267 6652
267 7991
270 1880
270 3158
270 5865
270 6996
273 1540
275 5778
275 10110
276 789
276 2529
276 3001
276 3894
276 5204
276 5548
282 1956
282 3715
282 5121
282 6378
282 7177
282 8635
282 8929
283 2887
283 5317
283 7524
283 7734
290 1171
290 3250
290 3861
290 4758
290 5100
290 5330
290 6744
290 9162
295 1168
295 1475
295 3325
295 3738
295 5883
295 7022
295 7379
295 7716
295 8393
301 5203
301 5880
301 8477
305 4509
305 5149
305 7114
305 7229
305 8429
307 4572
307 6843
307 8646
311 1311
311 1388
311 3254
311 4175
311 6232
311 6693
312 5509
313 1351
313 1612
313 2913
313 3928
313 6065
313 6160
314 1083
314 3411
314 5769
314 6207
314 6574
314 7052
314 8383
318 864
318 1650
318 1746
318 2855
318 7263
318 9471
319 1707
319 6319
321 331
321 957
321 2663
321 3414
321 5105
321 5546
322 6521
322 8277
322 8372
325 1275
325 1379
325 2302
325 3400
325 5447
325 5604
325 7549
327 6549
328 1499
328 1514
328 5148
328 5558
328 6452
328 7076
328 7295
328 7723
328 8085
331 2375
331 2474
331 2875
331 5115
331 5348
331 8324
331 9597
332 752
332 2258
332 7322
335 2898
335 4458
335 6552
335 7686
338 363
338 1272
338 2802
338 3881
338 4397
338 5376
338 5763
338 8019
338 8999
344 415
344 5099
344 5884
344 8989
344 8997
346 982
346 1281
346 2024
346 4885
346 6878
347 4354
347 5580
347 5930
347 5954
347 6283
347 6989
347 8497
348 2492
348 6377
348 6841
348 6861
348 7035
348 7151
348 7767
350 447
350 3513
350 5063
350 6967
350 8749
353 634
353 3626
353 5127
354 687
354 1371
354 2193
354 4698
354 7798
355 2717
355 4552
355 6859
356 825
356 3124
356 4491
356 4995
357 2459
357 2993
357 4597
357 4822
357 5201
357 7001
357 9023
363 3160
363 6266
363 7127
365 876
365 2691
365 4503
365 5232
366 1682
366 2043
366 6252
370 3383
370 4934
370 5053
370 5939
370 6609
370 6793
370 7321
371 1345
371 1382
371 2740
371 8149
371 8211
372 385
372 1311
372 2848
373 1553
373 1615
373 2166
373 2786
373 3928
373 5089
373 7074
374 1711
374 2551
374 4913
374 5166
374 5336
374 7864
374 8962
375 4168
375 5114
375 5249
375 6891
375 7087
375 8018
377 621
377 2311
377 3832
377 4899
377 6603
377 7685
377 10140
380 935
380 5054
380 6818
380 8083
381 628
383 2117
383 3545
383 6525
383 7729
383 7857
384 1098
384 1500
384 4954
384 5915
385 620
385 3677
385 3815
385 6459
385 7193
386 5421
386 6384
387 961
387 5979
387 6750
388 1530
388 4752
388 4781
388 6750
391 957
391 2996
391 3073
391 5115
391 5950
391 7179
391 8394
392 2559
392 3643
392 5943
399 1275
399 5045
400 2660
400 5132
400 6111
400 6371
400 8366
406 2821
406 2846
406 3147
406 3804
406 3971
408 1440
408 2377
408 2717
408 3693
408 5821
408 6768
410 1841
410 4507
410 4852
410 6461
410 8411
414 1455
414 5585
414 6265
414 7106
415 1382
415 2696
415 6702
415 7154
417 1148
417 1972
417 5190
417 5499
417 6344
419 2157
419 2680
419 3845
419 5026
419 5865
419 6564
419 7226
420 794
420 5125
420 5500
420 5937
420 9049
424 2570
424 2939
424 8562
425 2695
425 4403
425 6319
425 6596
430 2674
430 3250
430 4599
430 5935
430 8970
436 631
436 1321
436 3235
436 3997
436 4099
436 6161
436 9913
437 1148
437 1343
437 1353
437 7308
437 7314
439 2498
439 3908
439 4271
439 4952
439 5994
442 2217
442 5680
442 6049
442 9387
445 1373
445 3783
445 5182
445 6246
445 6336
445 7151
447 576
447 1621
447 3098
447 3596
447 3978
447 5968
448 1697
448 2691
448 5258
448 5311
448 5737
448 6018
448 6022
448 6436
448 7167
448 8989
454 767
454 922
454 1199
454 3936
454 4363
454 8146
455 794
455 2445
455 6573
455 7461
456 462
456 3286
456 3416
456 4964
456 4993
456 9910
459 1454
459 2003
459 3170
459 3292
459 4841
459 9910
461 3124
461 4855
461 6628
461 7182
461 8013
462 2491
462 3695
462 5326
462 6131
462 7856
468 4553
468 5010
468 5700
468 7043
468 7097
468 7916
468 9332
468 9728
468 9856
468 10319
476 834
476 1816
476 3150
476 5917
476 6181
477 5908
477 7414
478 3865
478 4302
478 4684
478 7040
478 7117
480 3122
480 3933
480 5619
480 6452
480 6665
480 6807
480 7713
481 948
481 1294
481 1426
481 2573
481 3147
481 3200
481 3909
481 4533
481 5500
481 9665
483 2542
483 3325
483 3342
483 3621
483 5886
483 6718
483 7416
484 2171
484 2501
484 6080
484 6456
487 3503
487 4703
487 4935
488 2217
488 2756
488 3692
488 6022
491 1303
491 2737
491 5134
491 5601
491 5714
491 6832
491 7218
494 4547
494 9704
496 2137
496 3923
496 4837
496 5007
496 5288
496 7087
496 7200
498 1220
498 1567
498 1638
498 3570
503 2130
503 2157
503 3864
503 4233
503 4896
503 6856
503 8075
505 2061
505 6069
505 8149
505 9052
506 6617
506 6749
506 8189
507 509
507 1615
507 1628
507 2538
507 5264
507 5829
507 6537
507 6570
507 8019
509 4630
509 5917
509 6175
509 6468
509 7060
509 7101
509 7209
509 8610
509 9185
511 5172
511 5558
511 6828
512 728
512 2908
512 7046
512 8957
512 10404
513 728
513 2210
513 3207
513 3839
513 4885
513 7347
513 10194
514 1684
514 2396
514 3238
514 3774
514 5493
514 5528
514 5827
514 6382
514 6429
515 1034
515 1372
515 2977
515 6160
515 6801
515 7632
515 8326
515 9440
516 3491
516 4517
516 7623
517 1083
517 1148
517 3128
517 3349
517 4684
517 6753
518 842
518 3496
518 5860
518 6265
519 1419
519 1695
519 3759
519 4381
519 6314
519 7163
521 654
521 1778
521 4512
521 6987
521 7272
521 10070
522 2210
524 2538
524 5482
524 6513
524 8961
527 864
527 1453
527 2193
527 2825
527 3681
527 6791
529 769
529 4374
529 4558
529 8277
530 1124
530 1284
530 3277
530 6620
530 8098
531 5165
531 5257
531 5910
531 6775
537 631
537 1164
537 3078
537 5000
537 6541
537 6926
537 9574
541 6039
541 6911
541 7312
541 7852
541 8868
541 10404
543 2492
543 3513
543 3656
543 6835
543 6898
543 6924
543 6992
543 7174
543 7453
543 9489
546 2898
546 4837
546 6210
546 7274
547 4365
550 1458
550 3236
550 3643
550 6850
550 6918
550 7560
550 9230
551 3790
551 4942
551 5311
551 6911
555 1458
555 3289
555 6942
558 727
558 994
558 2657
558 3309
558 3506
558 10388
561 1225
561 2938
561 3342
561 5082
561 5580
561 5916
561 10194
567 2855
567 5572
567 5573
567 5790
567 7973
567 10505
570 843
570 4672
570 7492
570 7770
576 2171
576 5440
576 6182
576 6400
576 6946
576 7812
576 9511
582 742
582 1411
582 4860
582 6819
584 1063
584 2663
584 9031
585 1759
585 5906
585 6917
585 9083
587 3661
587 5032
587 7362
587 9270
590 3777
590 5545
590 7569
590 8444
593 5153
595 653
595 728
595 3330
595 3416
595 4942
595 6523
595 6806
595 7779
596 8267
598 737
598 4179
598 5949
598 6291
601 1698
601 4300
605 1437
605 1522
605 1575
605 1881
605 2806
605 6254
605 6459
605 9231
609 796
609 1413
618 721
618 727
618 1786
618 3169
618 3220
618 3271
618 5249
619 919
619 2786
619 4579
619 8546
620 2025
620 3263
620 3660
620 3866
620 4402
620 6174
620 7194
620 8064
621 3135
621 3207
621 3593
621 3692
621 5448
621 5914
621 7641
621 8263
623 4357
623 6871
623 9940
625 3827
625 4201
625 4547
625 5042
625 8378
627 1297
627 1556
627 4137
627 4488
627 4795
627 7723
627 8105
627 8186
628 1373
628 3604
628 8359
631 4118
631 5610
631 6860
631 7054
631 7191
631 9256
631 9393
632 6080
632 7114
632 7339
632 8876
634 3759
634 9473
635 2960
635 4995
635 6243
635 6320
635 7272
637 829
637 1379
637 2417
637 3093
637 4005
637 6618
638 3025
638 4138
638 6002
638 10038
639 912
639 1213
639 3970
639 5869
639 6869
639 8876
642 2050
642 4997
642 6246
644 1049
644 3826
644 7119
646 1351
646 2206
646 2795
646 5387
646 6378
646 7418
646 8043
647 3793
647 4031
647 5007
647 5550
647 5612
647 6189
651 2077
651 3730
651 4307
651 4437
651 5357
651 5721
651 6724
651 6791
651 6878
651 9978
653 2632
653 4733
653 5640
653 5757
653 6537
653 8030
654 6754
654 8189
656 2950
656 4344
656 6646
656 7105
656 8371
662 6737
662 7101
662 8429
662 9664
666 735
666 1815
666 2845
666 5288
666 5537
666 6245
666 6349
672 1168
673 5919
673 6809
673 7993
673 9000
675 742
675 894
675 967
675 1036
675 1763
675 3282
675 5153
675 6320
675 9052
675 9402
684 2696
684 3079
684 5098
684 7233
685 3863
685 3971
685 7117
685 7133
685 7599
685 8876
687 4156
690 3527
691 3727
691 4207
691 5872
691 6471
691 7605
693 1436
693 1944
693 2855
693 3607
693 4939
693 7264
693 7851
694 1440
694 2034
703 744
703 945
703 1661
703 2194
703 2702
703 2833
703 4283
703 4780
703 4797
703 5518
703 6173
703 6931
704 3140
704 3640
704 5285
704 5914
707 898
707 1171
707 1706
707 2874
707 5914
707 7315
707 7362
707 8073
707 10194
716 1594
716 5614
719 3121
719 5481
721 805
721 1345
721 1954
721 2879
721 3755
721 5294
721 6182
721 6791
726 2046
726 2570
726 3839
726 5024
726 5188
726 5376
726 7208
726 8180
727 1299
727 1713
727 2405
727 3414
727 4157
727 4161
727 4268
727 5348
727 5689
727 6480
727 6986
727 7046
727 7996
728 993
728 3733
728 5059
728 5894
728 7631
735 2371
735 3930
735 4414
735 7106
737 1407
737 3238
737 3397
737 4068
737 4784
737 4866
737 6569
739 1933
739 5816
739 6401
739 6511
741 3250
741 6592
741 6832
742 2271
742 3148
742 6607
742 7866
744 1720
744 2129
744 3999
744 6908
744 7325
746 1972
746 3148
746 6355
746 7211
746 7293
746 7965
750 1053
750 1694
750 2643
750 6187
750 7037
750 7375
750 8996
750 10176
752 767
752 2247
752 3260
752 6380
752 8030
755 2377
755 2799
755 4071
755 5090
755 5361
755 6216
759 2163
759 2208
759 3081
759 3202
759 3830
759 6692
759 8444
759 8487
763 1152
763 3066
763 3909
763 8820
764 967
764 1353
764 5219
764 5711
764 5872
764 6552
764 7370
767 1682
767 4541
767 5636
767 5819
767 6168
767 6473
767 7664
767 10388
769 1269
770 4093
770 4913
770 6022
770 7139
771 1631
771 3790
771 5375
771 6724
773 936
773 1096
773 3001
773 3207
773 3304
773 3664
778 1586
778 3291
778 5098
778 7043
778 9599
779 2189
779 6320
779 7310
779 7819
779 8708
779 10612
780 2258
780 3616
780 4630
780 4847
780 7180
780 9311
780 9402
781 1248
781 1395
781 4234
781 4993
781 5031
781 6391
782 825
782 900
782 7610
782 7965
782 8356
782 8644
785 2349
785 6138
785 6704
785 7099
785 7774
785 8651
789 1223
789 2378
789 5100
791 1961
791 4528
791 6938
791 9365
793 3130
793 3385
793 4285
793 4685
793 4885
793 6437
793 6800
793 8452
793 9451
794 3012
794 3817
794 4138
794 4591
794 5197
795 860
795 2417
795 3825
796 830
796 1279
796 1669
796 1808
796 2240
796 3362
801 3157
801 3303
801 3304
802 1671
802 3908
802 7004
802 7416
802 8872
803 813
803 902
803 8646
805 1282
805 1336
805 2673
805 4285
805 4518
805 5783
805 6704
805 7864
808 2514
808 9759
810 4849
810 5210
810 6545
810 7569
810 9365
811 5877
811 6314
811 7137
811 7261
811 9451
813 2063
813 4724
813 5543
813 5915
813 7314
813 9525
815 2657
815 4474
815 6704
825 1504
825 2690
825 7304
827 2551
827 2846
827 2982
827 5032
827 5320
827 7177
827 9339
828 2696
828 4077
828 6242
828 6319
828 6473
828 7189
828 8632
828 9835
829 3547
829 8118
829 9333
830 3802
830 5684
830 5897
830 6833
830 6952
832 956
832 1997
832 2013
832 5915
832 6724
832 6778
832 8873
833 1593
833 2163
833 2761
833 4977
834 1071
834 2836
834 5326
834 5425
834 6091
834 6948
834 7310
836 6424
839 1321
839 3060
839 5183
842 1413
842 3903
842 8267
843 1408
843 1586
843 3025
843 3946
843 5782
843 9489
846 5438
846 5880
846 6097
847 4639
847 7204
849 2779
849 3079
849 4838
849 4896
849 5550
849 5851
849 6289
849 8708
850 1669
850 3330
850 5215
850 8055
850 8086
851 896
851 5257
858 2137
858 6905
858 7174
858 7685
858 7908
860 4860
860 7274
860 7362
860 7654
862 1720
862 3210
862 4958
862 5697
864 2385
864 3324
864 3876
864 3912
864 5154
864 6794
866 3344
866 6980
868 4716
868 5088
868 5790
868 7311
868 8961
871 3348
871 4201
871 4292
871 5200
871 6371
871 7266
871 8747
872 4569
872 5134
872 5203
872 5937
872 6345
876 3759
876 5437
876 6221
876 10172
877 1531
877 6371
877 6567
877 6840
877 9256
878 2471
878 4569
878 7524
878 7955
882 2786
882 4329
882 6721
882 7535
882 7812
883 6060
888 3970
888 8366
888 8452
889 1593
889 1765
889 2217
889 2704
889 4939
889 5200
889 5673
889 7176
889 7299
890 1426
890 4466
890 5810
890 6630
890 6819
890 7663
892 2477
892 6487
894 5376
894 5836
894 8034
895 1108
895 7214
895 7420
895 8873
896 2190
896 2250
896 3273
896 7087
896 8073
898 1894
898 5344
898 7020
898 7190
898 7696
899 3773
899 3804
899 5024
899 6332
899 8027
900 5375
900 5891
900 6775
902 5735
902 6866
902 8257
902 9027
902 9062
906 3912
906 7734
907 1886
907 2882
907 6780
907 8201
908 948
908 1359
908 4181
908 4547
908 7319
908 8082
909 2875
909 3856
909 4970
909 7632
912 3228
912 4156
912 5201
912 6911
912 9393
914 3104
914 7416
919 2206
919 2502
919 5203
922 1141
922 2246
922 2913
922 4513
922 5263
922 6926
922 8771
924 1127
924 4967
924 6927
924 8831
928 974
928 3936
928 5209
928 5599
928 8662
930 2931
930 4382
930 5372
930 6706
930 8088
933 1415
933 1537
933 1782
933 2821
933 4063
933 4381
933 5165
933 5325
933 5842
933 8957
934 7963
935 4467
935 5024
935 6424
935 6623
935 7221
935 8064
936 2061
937 1975
937 3092
937 3589
942 1013
942 1964
942 2434
942 2914
942 4266
942 5288
942 5409
942 10526
945 1234
945 1765
945 4757
945 5918
945 6172
945 6806
948 3171
948 3334
948 5239
948 7657
950 1064
950 1379
950 1864
950 4780
955 1213
955 5790
955 5937
955 6487
955 6568
955 7694
955 8371
956 1352
956 5031
956 6207
956 8119
957 2112
957 3003
957 4403
957 4446
957 4823
957 8426
957 8610
960 1336
960 3877
961 1122
961 4438
961 5493
961 5653
961 6131
961 8632
963 3533
963 7281
963 7473
963 8432
963 10272
965 3945
965 4772
965 5218
965 5688
965 6341
965 6944
966 5316
966 6910
967 6226
967 6689
967 7801
968 4354
968 4459
970 4956
970 6199
970 7228
970 7685
970 10112
971 2311
971 3755
971 4456
974 1203
974 1294
974 1591
974 3776
974 4579
974 5149
974 5911
979 3104
979 4800
979 7211
979 8018
979 9980
979 10184
982 1053
982 1736
982 2246
982 2331
982 2602
982 3435
982 3481
982 6702
982 7032
982 7173
983 1178
983 2208
993 2614
993 3421
993 5347
993 6570
993 6625
993 6948
993 7244
993 7305
994 2350
994 2351
994 2976
994 3881
994 4597
994 5774
996 5682
996 6820
997 2681
997 6685
997 7314
997 7648
997 8189
997 10140
998 2377
998 5045
1001 4247
1001 6025
1001 6743
1001 7749
1001 7924
1007 1835
1007 3705
1007 5626
1007 6558
1009 1596
1009 1794
1009 5121
1009 5160
1013 5650
1013 5865
1013 6558
1016 1561
1016 3169
1016 3699
1016 3727
1016 5382
1016 5954
1016 6400
1016 9769
1018 2492
1018 3167
1018 4248
1018 5151
1018 6972
1019 2071
1019 3238
1019 6720
1019 7374
1021 4215
1021 5148
1021 5218
1021 5467
1021 6724
1024 1426
1024 3693
1024 5990
1024 10176
1026 2170
1026 3501
1026 4970
1026 6019
1033 1525
1033 2198
1033 3199
1033 5752
1034 2594
1034 2936
1034 3494
1034 4344
1034 7095
1034 8370
1036 2768
1036 4272
1036 5740
1036 6458
1037 1433
1041 1406
1041 2302
1041 2673
1041 2797
1041 3483
1047 2247
1047 4263
1047 5062
1047 5201
1047 5534
1047 6163
1047 6961
1047 8964
1047 8999
1049 4156
1049 7343
1050 2043
1050 5640
1050 8284
1053 1583
1053 3473
1053 6824
1053 7412
1053 8108
1053 8454
1053 9052
1055 2357
1055 3566
1055 6194
1055 6783
1055 7861
1058 2417
1058 4009
1058 4187
1058 5919
1063 1266
1063 3160
1063 3943
1063 5330
1063 6195
1063 6832
1063 8831
1064 4490
1064 5624
1064 5942
1064 5955
1068 1647
1068 2660
1068 6366
1068 6707
1068 7768
1068 8378
1071 3298
1071 3349
1071 6712
1072 2193
1072 3838
1072 6160
1072 7001
1076 1877
1076 3443
1076 5114
1076 6090
1076 6687
1076 7962
1081 1443
1081 2331
1081 2993
1081 3641
1081 5092
1081 7225
1081 8359
1083 1650
1083 2126
1083 2516
1083 2689
1083 4886
1083 5542
1083 6554
1084 1219
1084 4800
1084 5684
1086 1607
1086 4623
1088 2117
1088 3935
1088 4569
1088 7524
1088 7991
1088 9611
1096 1455
1096 3000
1096 4260
1096 5476
1096 8000
1098 1203
1098 1437
1098 1675
1098 1941
1098 2049
1098 5165
1098 7314
1098 7753
1098 8956
1099 1685
1099 6163
1104 1894
1104 4687
1104 8118
1108 5041
1108 5830
1108 6251
1108 9671
1110 1388
1110 5010
1110 5493
1110 5704
1110 6333
1110 6537
1112 3334
1112 5389
1112 6955
1113 2453
1113 3870
1113 4041
1113 4639
1113 5806
1114 2031
1114 3768
1114 4272
1114 5213
1114 7009
1114 9597
1116 4035
1116 5873
1116 7293
1116 8089
1117 1530
1117 1659
1117 3012
1117 4024
1117 6544
1117 7311
1117 8018
1121 3261
1121 7165
1121 7190
1122 3845
1122 5816
1122 6290
1123 2531
1123 2749
1123 2913
1123 4094
1123 4970
1123 5072
1123 5113
1123 7646
1123 7677
1124 5626
1124 5960
1124 7134
1124 7229
1126 2941
1126 3908
1126 5843
1126 6800
1127 2174
1127 4239
1127 5448
1131 3001
1131 3171
1131 6661
1131 6814
1131 7848
1131 9161
1139 9136
1141 3126
1141 3452
1141 5861
1141 6242
1144 1755
1144 4950
1144 6771
1145 1864
1145 2538
1145 4474
1145 6980
1145 7063
1145 7732
1145 8366
1145 10175
1148 2474
1148 4180
1148 5074
1148 6777
1149 4006
1149 4797
1149 4815
1149 5869
1152 1350
1152 2396
1152 3398
1152 7898
1156 2157
1156 6712
1156 7002
1156 7734
1156 8075
1156 8082
1158 4632
1158 5022
1158 6487
1158 7613
1164 3494
1164 4041
1164 4181
1164 5092
1164 5773
1164 6347
1164 6544
1164 6629
1164 7177
1164 9339
1165 1842
1165 3763
1165 4737
1165 6133
1165 6328
1165 6464
1167 1175
1167 2063
1167 4964
1167 6380
1167 7189
1167 8052
1168 1345
1168 2614
1168 4950
1168 5409
1168 6684
1168 6928
1168 7605
1168 7904
1168 9003
1171 4286
1171 5950
1171 6931
1171 7039
1171 7064
1171 8012
1175 2939
1175 3197
1175 6099
1175 6232
1175 7075
1175 10175
1176 2851
1176 3949
1176 4543
1176 5262
1176 6827
1176 7328
1177 3529
1177 3939
1177 4337
1177 5330
1178 1499
1178 2031
1178 2502
1178 2874
1178 3772
1178 3881
1178 5437
1178 7586
1180 1519
1180 2408
1180 4503
1180 5616
1180 6564
1180 6682
1180 9161
1198 1522
1198 1789
1198 2385
1198 3834
1198 7589
1198 7749
1198 9333
1199 3844
1199 7239
1199 7947
1199 7965
1200 1545
1200 2532
1200 2967
1200 3442
1200 5579
1200 5583
1200 6220
1200 6686
1200 8498
1202 5010
1202 5673
1202 5854
1202 5916
1202 8748
1203 1442
1203 3656
1203 5115
1203 5697
1203 6638
1204 3715
1204 5886
1204 7434
1206 1643
1206 4722
1206 5724
1206 6710
1206 6909
1207 4855
1207 5624
1207 5650
1207 6328
1207 7035
1210 1389
1210 1548
1210 2474
1210 5842
1213 2007
1213 2996
1213 3982
1213 5138
1218 3314
1218 4892
1218 5576
1218 6977
1218 7074
1218 9270
1219 9387
1220 3204
1220 3207
1220 3613
1220 5050
1220 5387
1220 6080
1220 6419
1223 4490
1223 7124
1225 1228
1225 3991
1225 4860
1225 5185
1228 1460
1228 1713
1228 2845
1228 3819
1228 6117
1228 6734
1228 6929
1228 7916
1233 5722
1233 6692
1233 6824
1234 4112
1234 5398
1234 7774
1236 5563
1240 2740
1240 5722
1240 5778
1240 6228
1240 6400
1241 3956
1241 4248
1241 5113
1241 5518
1241 7068
1241 7420
1241 9694
1247 2240
1247 8791
1248 4112
1248 5509
1248 5937
1252 1631
1252 3616
1256 2817
1256 3068
1256 3182
1256 5468
1256 7306
1256 10007
1262 3182
1266 1659
1266 3784
1266 5134
1266 6577
1266 7599
1266 7675
1266 7857
1269 3292
1269 6848
1269 7228
1269 7631
1269 7743
1269 8710
1269 9047
1269 9485
1272 3699
1272 3714
1272 5185
1272 5361
1272 5449
1272 6614
1272 8429
1272 10120
1274 4006
1274 5973
1274 6158
1274 6187
1274 6525
1274 7266
1274 7761
1274 8243
1274 9769
1275 1786
1275 3581
1275 5244
1275 7402
1275 8706
1278 1850
1278 5425
1278 8749
1279 1298
1279 3920
1279 6880
1281 1368
1281 4643
1281 5070
1281 5296
1281 5856
1282 2611
1282 3986
1282 5059
1282 5610
1284 1432
1284 6187
1284 6330
1284 7007
1284 7733
1284 9350
1288 4491
1288 6878
1288 7852
1294 2840
1294 4467
1294 5596
1294 5605
1294 5926
1297 1328
1297 2288
1297 4201
1297 4229
1297 5259
1297 7021
1298 1500
1298 2531
1298 7164
1298 8000
1298 8066
1299 1475
1299 2062
1299 2779
1299 7418
1299 8020
1299 8118
1299 9055
1302 4005
1302 5547
1302 6105
1302 7311
1302 8469
1303 6848
1306 1481
1306 4963
1306 6802
1306 7266
1306 7311
1306 7901
1306 8349
1306 8810
1306 9756
1311 2102
1311 3057
1313 1343
1313 2034
1313 3093
1313 3682
1313 7965
1319 1437
1319 3643
1319 5353
1319 5508
1319 6817
1319 7204
1319 8844
1321 3423
1321 3871
1321 4112
1321 6725
1321 8493
1322 7362
1323 1644
1323 6771
1323 7271
1323 8107
1324 3344
1324 4905
1326 1586
1326 1900
1326 3254
1326 3349
1326 4741
1326 5304
1326 5504
1326 6158
1326 6175
1326 7295
1326 9671
1326 10070
1328 1628
1328 2980
1328 4020
1328 8012
1331 1561
1331 1638
1331 1695
1331 5737
1331 6083
1331 6194
1331 6757
1331 8582
1332 7845
1332 8234
1336 1601
1336 3956
1336 4672
1336 5605
1336 7610
1338 2834
1338 5011
1338 5830
1338 6843
1338 7110
1339 1650
1339 6161
1339 6452
1339 6704
1339 7161
1339 8002
1342 1594
1342 3292
1342 3739
1342 4043
1342 4456
1342 5007
1342 6403
1342 7676
1342 8072
1342 8564
1343 2779
1343 6722
1345 2126
1345 2786
1345 3342
1345 3344
1345 4300
1345 6992
1345 7492
1347 6567
1347 9769
1350 3279
1350 4002
1350 5054
1350 5395
1350 5448
1351 1789
1351 2802
1351 8583
1351 9049
1352 5131
1352 5598
1352 7150
1352 7776
1353 6596
1353 6765
1353 7069
1359 3128
1359 9387
1360 3734
1360 4039
1360 8202
1363 4351
1363 4415
1363 5011
1363 7916
1363 8468
1363 9940
1366 3255
1368 5629
1368 5720
1368 6115
1368 7023
1368 7054
1368 7073
1368 9704
1371 1386
1371 2762
1371 3286
1371 3676
1372 1929
1372 2410
1372 2437
1372 3314
1372 4059
1372 9049
1373 2976
1373 3076
1373 4233
1373 7605
1373 9163
1378 2378
1378 2944
1378 4453
1379 2973
1379 3132
1379 6097
1379 6228
1379 8066
1382 2453
1382 2649
1382 2903
1382 3398
1382 5570
1386 2491
1386 6992
1388 2247
1388 5872
1388 7530
1389 4811
1389 7050
1389 7530
1389 8568
1390 1426
1390 3032
1390 7648
1395 3216
1395 4077
1395 4985
1395 9611
1406 4553
1407 3371
1407 3453
1407 3922
1407 4543
1407 4769
1407 5604
1408 3863
1408 5127
1408 9635
1410 1609
1410 4952
1410 6874
1411 1924
1413 6855
1413 6996
1413 7053
1415 3397
1415 3535
1415 4364
1415 6487
1415 6767
1415 6917
1419 4024
1419 4341
1419 5367
1419 6050
1419 7161
1419 7278
1419 7677
1419 8923
1420 7102
1420 9670
1421 2453
1421 3381
1421 5673
1421 5870
1421 5914
1421 7127
1422 3078
1422 3502
1425 4892
1425 6832
1425 6850
1425 6961
1425 7347
1425 8211
1425 9946
1426 3142
1426 3443
1426 7801
1427 3511
1427 4617
1427 4970
1427 5702
1427 6955
1432 1615
1432 3211
1432 4066
1432 4722
1432 7084
1433 3868
1433 5906
1433 7942
1433 8438
1433 8644
1433 9932
1434 1540
1434 1776
1434 4024
1434 5345
1434 6706
1434 7129
1434 8844
1436 3429
1436 4798
1436 5591
1436 5610
1436 6568
1436 7984
1436 10404
1437 3220
1437 3342
1437 3397
1437 6290
1437 7648
1437 8146
1438 3580
1438 5219
1438 5949
1440 1562
1440 5132
1440 5468
1440 6998
1440 7375
1442 1513
1442 5090
1442 7147
1442 8086
1442 8444
1443 1778
1443 3163
1443 5629
1443 6778
1444 2511
1444 2807
1444 3104
1444 3576
1444 5854
1444 7412
1444 10076
1446 2840
1446 3818
1446 4162
1446 5153
1447 3593
1447 4940
1447 6403
1447 9704
1449 1739
1449 1786
1449 4167
1449 9393
1450 3893
1450 4424
1450 7163
1450 7225
1450 7453
1450 7461
1450 9000
1453 2563
1453 5242
1453 6296
1453 8232
1453 8447
1453 8957
1454 3173
1454 4327
1454 5542
1454 7020
1454 7051
1454 9245
1454 9978
1455 1525
1455 1923
1455 3534
1455 5183
1458 2063
1458 8632
1460 1690
1460 4285
1460 4485
1460 5916
1460 6966
1460 7132
1460 7287
1462 1942
1462 3032
1462 3336
1462 5367
1462 5710
1464 2266
1464 3804
1464 4042
1464 7185
1464 7448
1467 2689
1467 2937
1467 5883
1467 7035
1467 8005
1467 8502
1468 3118
1468 3987
1468 5482
1468 6324
1468 7117
1468 7174
1468 7343
1468 7821
1469 4998
1469 5438
1469 7298
1469 7610
1469 7632
1469 9287
1471 3661
1471 5524
1471 7043
1471 9789
1475 3602
1475 5503
1475 5743
1475 6411
1475 7021
1480 3141
1480 3935
1480 4488
1480 7601
1480 7900
1481 3347
1481 5438
1481 6204
1481 6575
1481 6969
1484 4094
1484 5310
1484 6511
1484 7149
1484 8869
1486 2786
1486 5090
1486 7225
1487 1514
1487 1815
1487 6341
1487 7264
1495 4110
1495 4403
1495 6892
1495 7991
1495 8050
1495 8872
1496 2399
1496 2898
1496 4921
1496 5912
1496 8018
1499 3349
1499 5826
1499 7947
1500 8999
1501 2259
1501 2375
1501 6871
1501 9062
1503 3681
1503 4541
1503 6175
1503 7174
1504 2204
1504 3502
1504 4054
1504 5520
1504 5960
1513 1975
1513 3387
1513 4627
1513 4975
1513 5110
1513 5268
1513 5854
1513 5880
1513 6805
1513 9485
1514 4207
1514 5022
1514 5573
1514 5605
1514 5658
1514 6480
1514 7685
1516 3981
1516 4101
1516 5056
1516 5546
1516 5695
1516 6778
1516 7560
1517 1675
1517 2922
1517 4975
1517 5758
1517 5783
1517 6080
1517 6452
1517 7112
1517 7217
1518 3581
1518 7204
1518 7352
1519 1598
1519 4732
1519 7012
1520 3342
1520 3894
1520 5099
1520 5697
1520 5707
1520 6044
1520 7156
1522 1816
1522 4599
1522 5530
1522 6089
1525 3279
1525 3908
1525 4438
1525 4935
1525 5977
1525 6840
1526 1870
1526 5157
1526 5333
1526 5579
1526 6998
1526 7257
1526 9062
1527 4541
1527 4548
1527 5328
1527 6236
1528 5027
1528 6400
1530 2063
1530 5724
1530 5727
1530 5983
1530 6451
1531 6545
1531 9256
1534 1975
1534 3870
1534 4292
1537 2866
1537 4068
1537 4234
1537 5172
1540 2593
1540 2849
1540 3624
1540 5065
1540 6890
1540 7054
1540 7906
1543 2496
1543 3963
1543 4403
1544 2498
1544 2882
1544 3970
1544 4355
1544 6175
1544 7528
1545 1786
1545 3570
1545 4880
1545 5412
1546 3196
1546 4942
1546 6990
1546 8087
1546 9635
1548 2538
1548 3866
1548 4737
1548 5197
1548 5235
1548 6068
1548 7402
1550 2649
1550 5754
1550 7662
1553 3621
1553 4907
1553 6899
1553 7303
1553 9291
1555 3881
1555 8610
1556 4403
1556 5025
1556 5574
1556 6737
1556 7020
1561 7077
1562 1762
1562 2211
1562 2679
1562 3110
1562 3364
1562 3918
1562 5050
1562 6189
1562 7416
1567 1835
1567 5024
1567 5792
1567 6065
1567 7379
1568 2435
1568 4467
1568 4590
1568 5518
1568 7074
1568 9163
1570 1660
1570 5358
1570 5918
1570 7575
1570 7753
1573 2795
1573 5068
1573 5165
1573 6895
1573 7136
1575 3001
1575 3473
1575 3788
1575 5917
1576 1641
1576 5774
1576 6938
1576 8082
1583 3081
1583 5829
1583 7032
1586 3199
1586 5998
1586 7033
1589 2777
1589 3692
1589 4036
1589 9003
1591 4437
1591 8868
1593 2137
1593 3213
1593 3581
1593 5291
1593 7043
1593 7297
1594 3414
1594 4558
1594 5908
1594 8632
1596 2013
1596 4329
1596 4890
1598 2403
1598 2405
1598 5041
1598 5070
1598 6343
1598 6945
1598 7693
1601 3922
1601 4229
1601 4569
1601 5489
1601 6855
1601 6974
1601 8040
1601 8139
1605 6452
1605 6952
1605 7631
1607 5082
1607 8075
1607 10175
1609 2410
1612 2260
1612 4225
1612 7043
1612 7663
1612 8199
1613 3322
1613 3494
1613 4842
1613 5484
1613 5727
1613 6140
1613 7731
1615 1811
1615 2471
1615 3785
1615 5326
1615 5577
1615 7200
1621 3325
1621 5580
1621 7129
1625 2950
1625 4168
1625 6327
1625 7019
1628 2217
1628 2973
1628 7069
1629 2208
1629 3596
1629 4664
1629 5311
1629 6709
1629 7226
1631 3785
1631 4248
1631 4354
1631 5027
1631 5275
1631 7084
1632 1997
1632 3737
1632 4039
1632 6958
1632 8108
1634 2511
1634 2887
1634 6766
1634 8024
1638 9311
1639 5449
1639 6592
1639 7528
1641 8231
1641 8289
1643 6896
1644 3210
1644 4918
1644 5843
1644 6282
1644 9237
1647 1660
1647 1923
1647 1941
1647 5067
1647 7999
1647 9789
1650 2689
1650 3686
1650 4414
1650 5700
1650 7744
1650 8102
1650 8961
1652 1924
1652 3967
1652 4932
1652 5348
1652 5409
1652 6343
1653 5834
1653 6675
1653 7316
1654 3182
1654 4196
1654 4945
1656 5914
1659 2453
1659 4722
1659 5317
1659 5500
1660 3227
1660 3530
1660 5915
1660 6778
1660 9805
1661 2960
1661 3243
1661 4555
1661 6646
1661 7362
1662 2931
1662 3342
1662 4552
1662 5821
1662 6577
1662 7281
1663 3024
1663 3978
1663 6395
1663 6934
1664 2272
1664 2516
1664 3516
1664 3858
1664 5074
1664 5508
1664 5640
1664 5648
1664 6943
1665 2654
1665 3289
1665 5372
1665 7226
1665 7904
1665 10082
1665 10114
1668 3269
1668 4042
1668 5879
1668 7900
1668 8002
1669 4225
1669 5607
1669 6794
1671 3834
1671 6131
1671 6452
1671 7434
1674 5367
1674 6345
1674 9752
1675 2982
1675 3364
1675 3663
1675 4403
1675 6967
1675 7235
1675 8075
1676 2960
1676 7211
1676 7412
1680 5907
1680 6728
1680 8394
1680 10329
1682 3777
1682 5414
1682 7857
1684 3276
1684 4488
1684 6161
1684 6734
1684 7846
1684 8568
1685 3273
1685 4884
1685 7037
1685 7282
1685 9052
1685 9537
1686 1902
1686 4433
1686 7659
1686 10007
1690 3271
1690 4716
1690 6742
1690 6814
1690 6945
1690 7046
1690 7087
1690 7295
1693 5621
1693 6928
1693 7812
1693 8964
1694 2833
1694 3743
1694 4118
1694 5296
1694 6889
1694 8370
1694 9423
1695 2362
1695 2372
1695 3547
1695 3801
1695 8089
1695 8970
1696 3783
1696 5534
1696 7661
1697 3175
1697 4518
1697 5748
1698 1789
1698 4860
1698 6124
1706 5076
1706 5580
1706 7107
1706 7920
1706 8844
1707 1880
1707 3812
1707 4106
1707 5302
1707 5564
1707 6173
1707 9090
1707 9121
1711 3138
1711 3418
1711 3589
1711 5161
1711 6173
1711 7000
1711 9047
1713 4156
1713 5161
1713 6833
1720 2834
1720 3174
1720 3918
1720 5027
1720 6521
1720 6657
1723 3744
1723 3772
1723 4095
1723 7124
1723 9162
1727 2587
1727 3897
1727 5291
1727 5957
1727 6629
1733 2833
1733 4797
1733 5484
1733 6399
1733 7160
1733 8221
1734 1924
1734 2311
1734 2737
1734 3918
1734 4964
1734 5398
1734 6413
1734 6850
1734 7001
1734 7589
1735 2402
1735 4146
1735 5065
1735 6943
1735 8084
1736 7225
1736 8149
1739 2559
1739 7322
1739 8052
1743 6291
1746 6117
1746 7094
1746 7104
1747 5294
1747 5560
1747 5876
1747 8394
1748 2471
1748 2812
1748 3942
1748 4415
1748 5210
1750 2018
1750 3899
1750 5591
1750 6717
1752 4861
1752 4910
1752 5591
1752 6525
1752 6828
1752 7110
1752 7136
1752 7350
1755 3336
1755 8706
1759 1909
1759 5022
1759 5125
1759 8027
1762 4179
1762 6174
1762 6456
1762 6496
1762 6895
1762 9256
1763 9332
1763 10076
1765 1868
1765 5067
1765 6294
1765 7242
1765 9062
1768 6090
1770 2412
1770 3838
1770 5554
1770 6384
1770 6447
1770 6846
1775 2879
1775 4364
1776 2936
1776 3502
1776 6112
1776 6791
1778 3570
1778 4518
1778 9423
1782 2809
1782 3727
1782 4942
1782 7379
1784 2538
1784 3923
1784 4569
1784 5472
1784 7882
1786 3421
1786 4977
1786 5766
1786 8127
1789 4600
1789 4886
1789 5445
1789 6623
1791 4377
1791 6629
1791 6977
1791 7051
1791 7066
1794 1983
1794 2477
1794 4117
1794 4456
1794 7068
1797 2099
1797 3227
1797 4189
1797 4386
1797 6871
1797 7087
1797 7136
1797 7260
1797 8221
1797 9052
1803 3286
1803 5003
1803 7034
1803 7144
1803 10172
1805 2326
1805 3530
1805 4627
1805 5658
1805 6711
1805 6990
1805 7731
1805 7804
1805 9291
1808 4181
1808 5676
1808 7963
1808 8430
1811 3254
1811 9913
1814 1929
1814 3611
1814 5004
1814 6447
1814 7141
1815 2709
1815 5943
1815 6288
1815 6794
1815 7325
1816 2680
1816 3839
1816 4744
1816 5472
1816 7226
1816 8477
1823 2502
1823 5444
1824 7001
1824 7187
1825 2864
1825 5612
1825 6425
1826 3483
1826 4425
1826 4766
1826 7610
1828 3453
1828 5658
1828 6018
1828 6756
1828 9525
1832 3198
1832 5628
1832 6924
1832 8064
1832 8608
1835 5203
1835 7768
1841 4002
1841 5692
1842 4828
1842 5465
1842 6327
1842 8356
1850 3109
1850 5752
1850 6065
1850 6575
1860 3128
1860 3283
1860 6721
1860 8043
1860 8533
1864 3298
1864 4829
1864 6111
1865 4225
1865 9729
1867 2821
1867 5210
1867 7677
1868 4118
1868 5888
1872 2756
1872 6875
1872 7383
1874 1933
1874 3289
1874 3676
1874 5616
1874 5883
1874 7154
1874 7821
1874 8447
1876 3279
1876 3945
1876 6577
1876 7161
1876 10038
1877 4505
1877 4552
1877 7401
1877 7698
1877 7826
1880 2777
1880 5082
1880 5810
1880 6349
1880 6706
1880 6827
1881 2732
1881 5872
1881 8706
1886 5189
1886 5599
1886 7051
1894 4745
1894 7117
1896 2357
1896 3200
1896 3772
1896 4937
1896 10140
1898 3811
1898 5783
1898 6007
1898 6785
1898 7039
1898 7731
1900 2516
1900 3227
1900 4922
1900 8622
1902 2189
1902 2887
1902 3314
1902 4507
1902 5629
1902 5635
1902 6168
1902 6399
1902 8831
1904 3236
1904 3493
1904 3555
1904 6373
1904 7339
1904 7857
1906 3714
1906 3935
1906 7013
1906 7333
1909 3530
1909 5325
1909 5894
1909 5945
1923 4179
1923 5484
1923 6248
1924 4504
1924 7172
1924 9728
1925 2321
1925 2502
1925 6037
1925 7066
1929 2795
1929 3127
1929 7021
1929 8199
1929 8257
1929 8408
1933 2117
1933 3857
1933 4823
1933 6955
1933 7676
1933 7819
1938 3771
1938 6496
1938 8090
1941 4974
1941 6886
1941 6988
1942 4829
1942 5113
1942 5419
1942 5558
1942 5594
1942 5736
1942 6462
1942 6765
1942 6971
1942 7569
1942 7955
1942 8454
1944 2172
1944 3570
1944 3815
1944 4167
1944 5294
1947 2896
1947 3737
1947 4036
1947 8844
1948 2977
1948 3242
1948 4623
1948 5758
1948 6804
1949 2453
1949 3190
1949 3580
1949 4207
1949 6465
1949 8088
1949 9485
1954 2532
1954 2832
1954 4225
1954 7094
1954 7292
1956 2208
1956 3093
1956 4161
1956 4234
1956 6181
1956 6629
1956 10388
1961 7032
1961 7070
1961 7767
1964 4795
1964 8073
1967 2657
1967 3043
1967 4556
1967 8027
1967 8951
1968 3811
1968 4679
1968 4849
1968 7161
1972 5414
1972 9388
1974 2266
1974 2632
1974 3449
1974 6344
1974 7623
1974 7866
1975 2909
1975 5224
1975 5777
1975 6540
1975 6732
1975 7293
1975 8203
1979 3078
1979 3381
1979 5185
1979 5260
1979 7127
1979 7412
1979 9471
1982 2351
1982 2848
1982 2877
1982 5692
1982 5855
1982 6400
1983 5382
1983 6008
1983 6422
1992 4509
1992 5769
1992 5849
1992 7115
1997 4382
1997 5475
1997 5621
2000 3965
2000 5263
2000 7257
2003 3817
2003 3866
2003 5375
2003 6122
2003 8962
2007 4942
2007 6932
2007 8370
2013 3438
2013 3879
2013 4251
2013 4752
2013 5220
2013 5680
2013 7063
2013 8728
2018 4123
2018 5218
2018 7993
2018 8701
2018 9062
2020 3082
2020 4958
2020 6742
2020 9342
2024 4886
2024 7103
2025 2210
2025 3371
2025 5758
2027 3829
2027 3912
2027 5148
2027 6556
2027 7074
2027 8989
2031 2689
2031 4233
2031 5640
2031 6109
2031 6171
2031 6463
2031 6508
2031 10184
2034 2837
2034 4641
2034 6112
2034 8868
2041 3513
2041 4964
2041 5154
2041 5522
2041 9185
2043 2993
2043 3529
2043 5482
2046 2350
2046 4043
2046 7037
2046 7339
2046 10567
2049 3570
2049 3684
2049 9611
2050 2990
2050 3068
2050 4993
2050 5086
2050 5482
2050 8957
2052 2632
2052 2817
2052 3167
2052 5541
2052 6226
2052 9476
2054 5041
2054 5313
2054 5975
2061 3171
2061 3963
2061 5763
2061 6624
2061 6717
2061 7362
2061 7598
2061 8068
2062 3641
2062 4400
2062 4705
2062 5279
2062 8529
2063 3812
2063 5325
2063 9805
2065 4446
2065 6618
2071 2632
2071 3695
2071 5724
2071 5810
2071 6655
2071 6826
2071 7496
2071 9027
2074 3535
2074 3616
2074 4302
2074 4766
2074 5666
2074 8497
2077 3347
2077 4892
2077 4934
2077 5676
2077 6763
2077 7077
2077 8951
2081 3979
2081 4440
2081 4767
2081 5285
2081 5574
2081 6000
2081 7435
2099 2593
2099 3443
2099 6319
2099 9047
2102 3356
2102 5005
2102 8072
2112 5851
2112 6027
2112 7204
2116 2835
2116 4260
2116 4405
2116 4440
2116 5421
2116 5843
2116 8747
2116 8799
2116 9340
2116 9525
2117 6395
2117 6508
2117 6846
2117 6972
2117 7289
2117 7685
2120 2250
2120 3228
2120 7219
2120 8000
2125 3324
2125 5735
2125 5921
2125 6168
2126 3304
2126 4083
2126 4510
2126 5115
2126 6187
2126 6805
2129 2272
2129 3053
2129 4383
2129 6652
2130 4698
2130 4847
2135 3198
2135 4822
2135 6289
2135 6445
2135 6873
2135 7154
2135 7267
2135 7602
2135 7624
2137 2326
2137 5347
2137 5915
2137 6987
2137 7719
2137 8121
2157 2654
2157 4296
2157 6320
2157 9183
2163 6459
2163 6791
2163 7113
2165 3942
2165 4145
2165 5481
2165 6577
2165 7831
2166 3865
2166 5579
2166 5621
2166 7942
2170 2875
2170 2968
2170 3080
2170 3621
2170 3705
2170 4204
2170 8951
2170 9340
2171 5260
2171 5544
2171 6362
2171 8557
2172 9049
2174 2802
2174 5004
2174 8264
2177 3207
2177 3245
2177 3438
2177 6395
2184 3757
2184 6707
2184 6871
2184 7851
2189 2410
2190 2545
2190 3164
2190 3400
2190 4780
2190 5691
2190 8354
2193 2987
2193 4260
2193 4860
2194 5626
2194 6097
2198 3442
2198 3918
2198 5122
2198 6785
2198 8749
2200 4151
2200 10162
2204 2894
2204 3547
2204 5111
2204 5294
2204 5624
2204 6335
2204 7492
2204 7612
2206 6576
2206 7626
2206 7650
2208 4772
2208 5478
2208 5704
2208 6053
2208 6193
2208 6353
2208 8089
2208 8336
2210 2909
2210 3930
2210 4212
2210 6537
2210 7347
2211 4454
2211 5720
2211 6910
2213 5268
2213 5665
2217 4998
2217 6293
2217 7191
2217 7835
2221 2272
2221 3411
2221 3418
2221 5005
2221 9199
2226 2551
2226 5762
2226 7492
2226 8083
2226 10249
2240 2795
2240 2812
2240 5065
2240 7062
2242 3409
2242 3583
2242 3602
2242 5963
2242 7133
2242 7857
2242 8061
2246 4175
2246 4506
2246 5050
2247 2632
2247 5939
2247 6137
2247 7486
2258 2311
2258 2909
2258 4344
2258 6954
2259 3171
2259 9193
2260 2704
2260 3024
2260 5714
2260 6623
2262 3383
2262 3698
2262 3802
2262 6916
2262 8710
2262 9599
2266 2434
2266 4767
2266 5607
2266 6315
2266 8221
2268 3273
2268 3885
2268 4596
2268 8989
2269 3909
2269 5098
2269 6488
2271 3987
2271 5636
2271 6480
2271 6999
2271 7716
2272 5342
2272 6988
2272 9425
2276 5577
2276 5917
2288 4000
2288 5186
2288 7821
2290 2950
2302 6046
2302 7726
2310 3320
2310 4490
2310 5090
2310 5249
2310 6706
2311 2919
2311 5877
2311 6818
2311 6932
2321 3003
2321 3652
2321 3866
2321 6958
2326 3831
2326 4956
2326 5285
2326 5604
2331 7073
2331 9090
2346 4099
2346 4209
2346 6352
2346 6975
2346 9635
2349 2914
2349 3270
2349 3449
2349 3933
2349 4985
2349 9913
2350 3739
2350 3757
2350 4611
2350 5074
2350 5201
2351 2673
2351 3545
2351 5587
2351 5726
2351 6205
2351 6835
2351 10272
2355 2926
2355 5165
2355 6567
2357 2914
2357 5202
2357 5912
2357 7504
2362 3245
2362 4942
2362 5147
2362 6426
2362 6752
2362 7731
2362 8034
2371 3284
2371 5242
2371 6112
2371 6265
2372 3540
2372 6521
2372 7664
2372 8527
2372 9425
2372 9728
2375 3391
2375 3396
2375 5484
2375 6980
2375 7991
2375 8370
2375 10038
2377 4386
2377 5072
2377 5409
2377 8241
2378 3503
2378 8079
2378 10176
2381 8961
2385 4050
2385 4175
2385 4839
2385 5558
2385 7403
2396 2783
2396 6173
2396 7158
2396 7676
2399 3389
2399 4758
2399 4931
2399 5298
2399 5876
2399 6702
2402 2762
2402 6145
2402 6707
2402 8055
2402 8644
2403 2836
2403 2996
2403 6525
2403 6603
2403 8749
2405 2674
2405 2988
2405 3661
2405 3837
2405 6986
2405 7694
2405 7847
2407 3870
2408 5452
2408 5752
2408 6722
2408 7177
2410 6896
2412 3568
2412 5215
2412 5530
2412 6977
2412 8027
2414 5550
2414 6620
2414 7223
2417 4861
2417 7401
2417 7403
2417 7731
2417 8263
2417 8610
2417 8708
2421 4801
2421 5758
2421 6245
2434 2762
2434 2979
2434 3435
2435 2719
2435 4157
2435 4654
2435 7732
2435 7831
2435 9729
2437 4277
2443 5151
2443 6662
2445 3044
2445 3073
2445 3611
2445 3997
2445 5013
2445 5186
2445 5710
2445 7556
2446 2679
2446 3268
2446 8410
2446 9789
2449 5330
2449 7039
2453 3641
2453 5331
2453 6523
2453 6807
2457 2944
2457 4286
2457 4719
2457 5959
2457 8189
2457 8962
2457 10505
2459 2840
2459 3066
2459 3228
2459 7297
2471 4146
2471 7177
2474 2614
2474 3677
2474 3750
2474 6618
2474 6903
2474 8711
2477 5593
2477 6628
2477 7796
2477 8021
2487 3499
2487 4437
2487 5700
2487 6371
2487 8284
2491 3070
2491 6944
2492 4354
2496 4446
2496 5520
2496 5682
2496 6881
2498 3899
2498 4844
2498 8622
2498 9311
2501 3717
2501 4123
2501 5244
2501 7268
2501 7412
2501 7514
2502 4344
2502 5270
2502 5287
2502 5902
2502 6948
2511 4081
2511 6908
2511 7046
2511 7613
2511 7671
2513 3733
2513 4234
2513 5936
2514 3326
2514 3698
2514 4884
2514 5153
2514 5200
2514 5275
2514 5633
2514 6065
2514 6501
2516 2816
2516 4599
2516 6506
2516 6832
2516 7037
2525 3197
2525 3220
2525 7040
2525 9237
2529 4059
2529 7435
2529 7664
2530 3250
2530 4828
2530 5694
2530 6253
2530 8372
2530 8428
2531 3024
2531 3263
2531 3793
2531 4247
2531 4698
2531 5337
2531 5348
2532 3611
2532 5321
2532 5550
2532 7094
2538 6829
2538 7657
2538 7772
2538 8597
2542 4978
2542 6243
2542 7310
2545 2926
2550 8745
2551 3516
2551 4488
2551 5735
2551 6440
2559 3389
2559 4533
2559 6554
2559 7252
2563 4672
2563 5966
2563 7581
2563 8822
2570 3898
2570 4450
2570 6623
2570 7999
2573 6283
2573 9599
2576 5673
2576 6942
2576 9340
2587 4828
2587 8005
2593 5100
2593 9183
2593 10194
2594 3190
2594 5371
2594 5666
2594 6075
2594 7264
2602 2712
2602 2835
2602 7093
2604 2777
2604 3096
2604 4161
2604 4381
2604 6634
2604 8076
2604 8923
2611 4672
2611 5963
2611 7861
2611 9760
2613 4093
2613 5447
2613 6094
2614 3197
2614 4087
2614 6221
2631 3330
2631 3928
2631 4335
2631 4801
2631 5763
2631 6754
2631 6991
2631 8027
2631 8771
2632 2982
2632 3714
2632 6452
2632 6668
2632 6715
2637 3897
2637 7043
2637 7448
2643 3954
2643 5275
2643 6966
2649 3802
2652 3660
2652 4080
2652 6696
2652 8429
2654 4004
2654 5182
2654 5508
2654 5778
2654 7172
2657 4286
2657 5257
2657 7355
2657 10395
2659 3874
2659 6549
2659 7496
2659 8264
2660 5994
2660 6577
2660 6945
2660 7717
2660 10140
2663 4432
2663 5528
2663 6174
2663 7037
2663 7613
2663 8438
2673 2968
2673 4015
2673 4539
2673 5481
2673 5503
2673 6928
2674 5069
2674 7194
2674 7375
2677 3755
2677 4110
2677 5762
2677 6675
2677 6810
2677 6942
2677 8745
2678 3607
2678 7472
2678 8055
2679 3286
2679 5818
2679 6774
2679 7414
2679 8020
2681 4548
2681 6513
2689 2944
2689 4123
2690 3741
2690 6551
2690 7133
2690 7233
2691 3802
2691 4698
2691 6265
2691 6856
2691 6933
2691 7626
2693 4829
2693 5291
2693 5583
2693 5920
2695 2967
2695 5906
2695 6737
2695 6905
2695 9331
2695 9792
2695 10587
2696 4355
2696 7901
2696 8599
2702 4260
2702 4970
2702 7238
2702 7770
2702 8106
2704 3864
2704 6744
2704 7831
2704 8076
2708 3000
2708 3168
2708 8745
2708 9350
2709 3110
2709 3583
2709 4435
2712 4168
2712 4901
2712 5625
2712 6573
2712 6680
2712 7685
2712 8308
2717 3935
2717 4307
2717 5594
2717 5727
2717 7648
2719 3435
2719 4212
2719 6160
2719 7020
2719 7888
2719 8527
2722 4627
2722 4997
2722 6232
2722 6253
2722 6623
2722 9611
2732 3812
2732 5593
2732 5861
2732 6766
2732 7264
2732 7549
2735 4851
2735 7403
2735 7711
2736 3007
2736 5612
2736 5802
2736 5871
2736 7211
2736 7313
2736 8236
2737 5000
2737 7318
2737 9342
2740 2919
2740 3604
2744 5313
2744 5883
2744 6288
2744 7219
2745 5050
2745 5419
2745 5533
2745 8952
2747 5921
2747 6007
2747 10567
2749 3163
2749 3435
2749 3500
2749 5031
2749 5619
2749 6725
2749 7306
2756 5050
2756 5828
2756 6352
2761 5955
2761 7060
2761 10319
2762 6248
2762 8873
2768 5453
2768 6079
2768 7744
2777 4170
2777 4179
2777 6848
2777 6859
2777 7403
2779 3942
2779 5341
2779 7174
2779 7586
2779 8224
2779 9728
2783 2851
2783 3261
2783 3533
2783 8601
2785 3457
2785 3956
2785 7292
2785 7302
2786 2883
2786 2936
2786 3801
2786 5730
2787 3025
2787 5148
2787 6761
2787 8952
2793 3516
2793 3898
2793 3978
2793 4842
2793 5302
2795 3254
2795 7033
2795 7858
2797 3763
2797 4117
2797 6513
2797 9204
2797 9230
2799 2851
2799 4187
2799 5820
2799 6314
2799 10112
2802 3773
2802 5774
2802 6814
2803 6333
2803 6506
2803 6704
2803 6916
2806 3242
2806 3294
2807 6806
2807 8393
2809 4800
2809 6554
2812 5239
2812 6911
2812 6928
2812 9980
2816 3263
2816 5990
2816 6252
2816 7081
2816 8228
2817 3115
2817 5337
2817 6022
2817 6099
2820 3134
2820 3501
2820 3759
2820 4268
2820 5794
2820 7001
2821 3677
2821 5050
2821 6988
2821 8082
2824 3777
2824 5842
2824 6737
2824 6986
2824 10114
2825 4866
2827 2864
2827 4263
2827 4663
2827 4896
2827 5249
2832 3558
2832 3858
2832 4302
2832 5472
2832 5823
2832 6757
2832 6992
2832 9238
2833 4798
2833 5220
2833 5714
2833 6986
2833 9694
2834 3876
2834 5802
2834 6508
2834 6744
2834 7035
2835 3130
2835 3626
2835 5628
2835 6117
2835 8577
2836 3348
2836 6401
2837 3985
2837 8241
2838 2914
2838 4355
2838 4415
2838 4866
2838 5621
2838 8567
2840 3861
2842 3198
2842 3567
2842 9333
2843 3535
2843 4936
2843 6932
2843 7238
2843 7333
2843 7623
2843 10082
2845 4623
2845 6638
2846 3066
2846 3400
2846 3763
2846 9856
2848 5218
2848 7835
2849 3473
2849 4866
2849 5520
2849 6538
2851 4647
2851 5025
2851 6181
2851 7581
2851 8597
2851 9805
2855 3805
2855 6606
2855 6655
2857 5610
2857 7302
2857 8952
2861 3227
2861 6944
2861 9284
2861 10587
2863 5979
2863 7002
2863 9062
2864 3311
2864 5041
2864 5389
2864 6258
2864 6680
2864 6810
2866 3356
2866 8186
2874 5891
2874 6684
2874 8074
2875 4950
2875 7097
2875 7273
2875 8610
2875 10082
2876 3150
2876 5229
2877 3396
2877 6266
2879 6933
2881 4651
2881 6189
2881 7848
2881 9451
2882 3911
2882 4651
2882 4942
2882 8232
2883 2979
2883 3124
2883 6769
2887 3304
2887 3737
2887 4509
2887 4918
2887 7329
2887 8024
2887 9007
2887 10175
2888 6001
2888 6275
2888 7075
2894 5389
2894 5465
2894 5960
2894 8024
2896 3206
2896 4201
2896 4341
2896 5067
2896 6419
2896 6634
2896 6776
2896 8568
2898 4405
2898 4459
2898 5601
2898 6795
2898 7134
2898 7847
2898 8167
2903 5385
2903 5579
2903 5963
2903 6111
2903 7189
2903 8502
2906 3228
2906 6440
2906 6734
2906 8234
2908 3035
2908 5680
2908 9204
2909 6801
2913 3686
2913 5211
2913 8211
2914 3060
2914 3809
2914 4582
2914 4869
2914 5504
2914 6258
2919 3660
2919 8012
2919 9575
2920 3496
2920 5928
2922 2939
2922 4344
2922 4553
2922 5262
2922 5890
2922 7102
2926 3084
2926 4569
2926 5834
2926 6501
2926 9805
2926 10120
2928 5727
2928 6090
2931 4590
2931 5298
2931 6465
2931 9245
2936 6924
2937 3138
2937 3181
2937 3356
2937 5257
2937 5493
2937 5564
2937 9350
2938 3783
2938 5375
2938 6938
2939 3501
2939 5545
2939 9511
2941 4775
2941 4942
2941 5736
2941 5891
2941 6896
2941 7268
2941 8082
2944 4772
2944 6655
2944 7282
2944 10272
2950 3197
2950 4083
2950 4234
2950 4277
2950 6542
2952 3320
2958 6704
2960 5183
2960 5860
2960 8119
2960 8869
2960 9752
2963 4797
2963 8231
2963 9812
2964 4005
2964 4290
2964 5200
2964 6841
2964 7976
2964 8127
2964 8410
2964 8447
2964 9769
2968 3516
2968 4557
2968 4788
2973 4072
2973 6336
2976 7087
2976 7489
2976 9913
2977 4189
2977 4248
2977 4788
2977 5065
2977 6761
2978 9163
2979 3827
2979 5502
2979 7847
2980 4066
2980 5554
2980 6080
2980 8371
2982 4839
2982 6786
2982 6791
2986 4054
2986 7054
2986 8040
2986 8289
2986 9003
2987 3109
2987 5235
2987 6236
2987 10000
2988 4117
2988 5131
2988 6204
2988 6387
2988 9031
2990 5507
2990 7578
2993 4745
2993 6988
2996 4587
2996 7167
2996 7209
3000 5242
3000 6438
3000 6501
3000 6934
3000 7437
3001 3602
3001 6297
3003 3078
3003 3227
3003 3443
3003 7906
3006 3127
3006 3292
3006 3894
3006 5186
3006 5891
3006 6812
3006 9340
3007 3175
3007 3367
3007 4435
3007 5139
3007 5190
3007 6883
3007 6989
3008 3277
3008 5493
3008 7354
3008 9704
3012 3367
3012 5337
3012 9311
3021 6932
3021 6945
3021 7446
3021 7695
3021 7711
3021 8446
3024 5722
3024 5855
3024 8167
3024 8710
3025 3421
3025 6242
3032 4277
3032 4939
3032 7007
3032 7194
3035 3082
3035 3516
3035 5448
3035 6721
3035 7456
3035 8393
3039 3939
3039 5299
3039 5928
3039 6562
3043 3912
3043 6242
3043 10132
3044 4117
3044 7661
3044 7949
3050 4039
3050 4851
3053 3863
3053 4974
3053 5871
3053 6681
3055 4363
3055 4664
3055 5352
3055 6747
3055 8359
3055 8410
3055 8487
3055 9291
3057 6080
3057 6671
3060 4268
3060 4703
3060 6890
3066 3776
3066 6060
3066 6347
3068 3724
3068 4059
3068 4485
3069 3109
3069 4283
3069 5004
3069 7732
3070 4817
3070 5038
3070 6721
3070 8952
3073 5599
3075 5264
3075 5820
3075 6575
3075 6637
3075 6880
3075 7077
3075 7136
3075 7305
3076 6684
3076 7084
3078 5259
3079 3426
3079 5810
3079 8583
3080 3112
3080 6019
3080 7370
3081 5382
3081 5994
3081 8791
3082 4327
3082 4369
3082 5099
3082 5302
3082 6025
3082 6541
3084 3537
3084 6424
3084 6452
3092 3515
3092 7898
3093 3971
3093 7173
3093 7863
3093 7880
3095 4201
3095 4381
3095 5694
3095 5850
3096 5068
3096 5415
3096 5425
3096 7162
3096 8505
3098 3238
3098 4042
3098 5387
3098 6437
3098 6958
3098 10175
3104 7022
3109 3503
3109 6626
3110 3442
3110 3933
3110 6739
3110 6881
3110 7788
3111 5882
3111 7110
3112 5178
3112 5482
3112 5591
3112 5979
3112 8791
3112 10114
3114 5534
3114 6424
3114 8139
3114 9203
3114 9311
3115 4679
3115 4831
3115 4839
3115 5317
3115 6766
3118 4781
3118 5443
3118 5910
3121 4588
3121 5111
3121 5147
3121 7042
3121 8014
3122 3684
3122 4753
3122 4790
3122 5607
3122 6366
3123 9599
3124 5299
3124 5440
3124 5971
3124 6194
3124 6958
3124 7962
3126 3684
3126 6576
3126 6630
3126 6999
3127 4940
3127 5448
3127 9473
3128 7012
3128 7021
3129 3202
3129 3772
3129 5110
3129 6050
3129 6419
3129 7761
3129 10038
3130 6825
3130 7188
3132 4098
3132 4937
3132 5249
3132 6656
3132 7286
3134 5202
3134 5767
3134 6513
3134 8127
3135 4225
3135 4600
3135 6228
3138 3473
3138 3874
3138 6876
3138 6928
3138 7528
3138 10388
3140 6458
3140 6938
3141 6362
3141 7717
3141 8562
3142 5220
3147 3240
3147 5453
3147 5467
3148 3375
3148 5241
3148 7003
3148 7067
3149 5640
3149 6820
3149 7314
3150 5003
3150 5910
3152 6384
3152 7292
3152 8061
3157 3200
3157 3659
3157 5241
3157 5298
3157 5910
3157 8264
3158 4852
3158 6783
3160 3317
3160 4015
3160 8149
3163 3381
3163 8610
3164 4000
3164 6805
3167 6988
3167 7172
3167 8349
3168 6646
3168 7337
3168 7535
3169 3987
3169 4848
3169 5166
3169 7567
3170 6889
3170 7113
3171 3325
3171 7268
3173 3966
3173 5888
3173 7693
3174 3918
3174 5585
3174 6700
3174 7418
3175 5407
3175 7851
3176 5041
3176 8332
3177 3908
3177 5943
3177 6160
3177 6503
3181 4212
3181 4292
3181 5007
3181 7472
3182 5114
3182 7756
3182 8568
3186 4617
3186 5270
3190 5387
3194 3682
3194 3912
3194 5818
3194 6538
3196 4795
3196 5038
3196 5232
3196 7847
3197 5262
3197 5465
3197 6728
3197 7698
3197 8000
3198 3421
3198 4918
3198 6785
3198 6873
3198 7965
3199 5489
3199 5930
3199 6684
3199 9694
3200 4543
3200 5876
3200 6833
3200 7414
3200 7528
3202 3326
3202 3830
3202 5182
3202 5957
3204 3506
3204 6743
3206 4229
3206 5056
3206 7776
3207 3693
3207 6523
3207 6843
3210 3995
3210 7045
3210 7231
3210 8608
3211 4285
3211 4596
3211 5548
3211 6757
3213 3340
3213 3611
3213 6623
3213 7381
3216 3949
3216 3970
3216 6037
3216 7318
3216 7812
3216 9238
3216 9759
3220 4156
3220 6689
3220 9789
3225 8068
3227 3741
3227 4403
3227 5990
3235 5510
3235 6563
3235 6938
3235 9537
3236 4557
3236 4722
3236 5172
3238 4147
3238 4790
3238 5465
3238 5950
3238 6006
3238 8366
3240 3282
3240 5114
3240 5215
3240 6001
3240 6778
3242 3294
3242 5597
3243 3826
3243 5046
3243 5883
3243 6754
3245 3733
3245 4355
3245 5374
3245 7023
3245 7961
3250 6929
3254 5270
3254 6258
3254 7231
3255 5464
3255 5509
3255 7851
3256 3567
3256 6909
3256 7081
3256 7242
3256 8040
3256 8082
3260 4290
3260 7374
3261 4590
3261 4651
3261 4736
3261 8058
3262 4475
3262 5024
3262 5062
3263 3686
3263 5826
3266 3303
3266 4012
3266 4474
3266 4950
3266 6569
3266 7311
3268 3870
3268 8055
3268 9387
3269 6007
3270 5912
3270 6305
3270 9340
3271 3656
3271 3995
3271 4490
3271 6945
3273 5954
3273 6945
3273 7084
3276 7801
3276 9393
3277 6099
3277 7453
3278 3440
3278 7473
3278 8370
3279 6473
3279 7064
3282 3919
3282 4744
3282 6305
3282 6717
3282 6944
3282 6948
3282 8146
3283 3777
3283 5316
3283 8087
3286 4485
3286 5203
3286 6145
3289 3949
3289 4945
3289 6254
3289 6315
3289 7092
3291 3493
3291 3954
3291 6463
3292 3317
3292 5409
3293 3871
3293 5818
3293 9083
3294 3995
3294 4837
3294 5453
3294 6704
3294 8336
3303 4446
3303 5134
3303 5648
3303 6819
3303 7767
3303 8018
3304 3829
3304 4737
3304 5485
3304 6757
3309 4162
3309 4438
3309 4582
3309 4661
3309 5242
3311 4300
3314 4964
3314 7569
3314 7581
3317 6096
3317 7375
3317 9597
3320 4156
3320 7089
3321 4627
3321 8326
3322 5258
3322 5704
3322 7888
3323 4382
3323 4963
3323 4964
3323 5576
3323 6373
3323 7731
3323 8961
3324 4003
3324 4995
3324 5072
3324 9185
3325 4869
3325 5032
3325 5778
3325 7060
3325 8708
3325 10162
3326 5241
3326 5404
3326 7976
3326 8505
3330 6124
3330 6743
3334 5157
3334 5669
3336 4438
3336 5601
3336 6232
3336 10388
3338 4066
3338 4823
3338 6544
3338 8799
3339 4556
3339 5547
3339 7133
3340 3829
3340 4054
3340 6665
3340 6734
3341 3727
3341 3954
3341 4147
3341 4527
3341 7154
3342 5128
3342 5367
3342 6539
3342 6833
3344 5460
3344 5691
3347 7429
3347 7490
3347 7812
3348 3599
3348 7132
3349 4271
3349 6626
3356 5896
3356 5983
3356 6668
3356 7139
3362 4083
3362 5452
3362 5614
3362 5949
3362 8557
3364 3993
3364 4245
3364 5226
3364 6636
3364 7354
3364 7835
3367 3416
3367 3452
3367 5500
3375 3426
3375 3516
3375 3874
3375 4042
3375 4139
3375 4600
3375 5443
3375 5769
3375 7785
3375 7920
3381 3684
3381 3877
3381 4900
3381 6363
3381 6771
3381 6807
3381 9000
3382 5348
3382 5773
3383 5722
3383 7052
3383 9031
3385 3587
3385 5342
3385 5503
3385 5762
3387 4233
3387 5085
3389 4771
3389 5666
3389 6623
3389 7717
3389 9856
3391 4248
3396 4663
3396 6124
3396 8013
3397 6577
3398 4798
3398 9179
3398 10076
3400 5210
3400 7261
3411 4212
3411 4357
3411 6955
3411 7200
3411 7303
3414 3682
3414 4744
3414 6347
3416 4437
3416 6488
3416 7156
3416 8557
3418 5054
3418 10388
3421 3727
3421 4815
3421 7064
3423 5235
3423 6868
3423 8964
3426 6254
3426 8326
3429 5582
3429 6356
3429 7305
3429 7454
3429 9027
3435 4885
3435 5161
3435 7866
3437 4187
3437 4466
3437 4735
3438 5313
3438 6328
3438 6370
3440 3909
3440 4175
3440 7306
3442 3866
3442 4199
3442 4587
3442 5882
3442 6386
3442 7318
3443 6391
3443 8635
3446 3672
3446 5134
3446 5880
3446 7147
3446 8562
3447 4570
3447 5285
3447 5710
3447 5906
3447 6006
3447 6050
3447 6945
3447 7139
3449 5879
3449 6800
3449 8043
3449 8351
3452 7238
3455 4724
3455 5597
3457 6021
3457 7268
3461 5183
3461 5352
3461 5950
3461 7046
3461 7864
3473 7191
3481 5583
3481 6487
3481 7490
3483 5928
3483 6713
3483 6785
3483 7352
3483 8267
3483 8869
3489 3790
3489 4963
3489 5250
3489 5960
3489 6254
3489 6596
3489 7063
3489 7225
3489 7962
3491 4170
3493 5563
3493 7355
3494 6607
3494 9856
3496 4528
3496 4590
3496 6972
3499 7191
3499 8601
3500 8822
3501 6447
3501 7850
3502 4063
3502 4547
3502 5484
3502 5500
3502 6314
3503 3827
3503 4364
3503 4472
3503 5533
3503 5737
3503 5888
3503 6109
3503 6521
3503 7007
3506 3730
3506 5105
3511 4286
3511 5767
3511 7492
3511 8383
3513 4300
3513 6511
3513 7000
3513 7362
3513 10132
3514 7156
3514 8277
3514 9635
3515 4632
3515 4942
3516 5202
3516 5348
3516 6774
3516 7798
3520 4732
3520 4774
3520 5151
3520 5547
3526 6952
3526 7063
3526 7074
3526 7242
3526 8957
3526 10194
3527 4251
3527 5682
3527 7043
3527 7134
3529 4167
3529 5125
3529 10221
3530 5270
3530 5612
3530 5817
3531 5752
3531 6753
3531 9161
3533 4811
3533 5165
3533 5353
3533 6282
3533 8019
3534 3881
3534 6871
3535 5241
3535 5509
3535 6438
3536 5296
3536 5917
3536 5948
3536 6725
3536 6753
3536 7804
3540 6241
3540 8221
3540 10221
3545 3830
3545 4964
3545 6007
3545 7728
3545 8136
3547 3966
3547 5387
3547 5984
3555 3607
3555 4600
3555 7403
3558 4005
3558 7006
3558 8003
3562 3839
3562 4647
3562 5407
3562 5576
3562 5968
3562 6449
3562 6578
3562 7961
3562 9635
3566 5296
3566 5665
3566 6021
3566 6248
3566 6967
3566 8215
3567 3648
3567 4043
3567 5154
3567 5817
3567 6112
3567 8022
3568 3826
3568 4822
3568 5139
3570 5806
3570 6093
3570 6429
3570 6820
3570 7401
3574 3624
3574 4157
3574 6390
3574 7000
3574 10613
3575 3815
3575 3881
3575 5713
3576 4138
3576 4592
3576 5357
3576 6780
3578 6652
3578 6881
3578 8595
3580 5503
3580 5713
3580 5912
3580 6804
3581 6806
3581 8348
3581 8728
3583 4932
3583 7497
3586 8243
3587 4039
3587 4558
3587 5776
3587 6202
3587 7042
3587 7768
3589 4344
3589 5863
3589 7069
3589 8118
3593 6021
3593 7068
3596 3897
3596 5576
3596 7924
3596 9940
3599 5412
3602 4852
3602 5548
3602 5915
3602 6568
3602 6640
3604 5013
3604 5063
3604 5626
3604 8711
3607 4623
3607 5971
3607 6619
3611 4568
3611 7306
3613 5288
3613 6117
3613 6352
3613 6888
3613 8086
3616 3966
3616 4302
3616 5959
3616 6696
3621 4892
3621 5092
3621 5197
3621 5911
3621 6060
3621 6308
3624 4664
3624 5179
3624 6018
3624 6174
3624 7610
3626 7303
3626 8277
3629 3978
3630 3638
3630 3774
3630 5215
3630 5510
3630 7103
3630 7182
3630 8947
3631 6682
3631 10184
3635 3656
3635 4109
3635 5467
3635 6305
3635 6341
3635 7013
3638 3658
3638 6315
3638 6501
3638 7019
3640 6774
3640 7090
3640 8081
3640 8327
3641 4937
3641 5884
3641 6160
3641 8085
3643 5337
3643 5724
3643 6274
3643 6717
3643 7129
3648 6989
3648 7770
3648 7851
3648 8186
3652 4760
3652 4939
3652 7906
3654 8087
3654 8651
3654 8708
3655 5664
3655 5691
3655 9393
3656 5160
3656 5522
3656 6488
3656 8951
3656 9704
3657 3663
3657 6395
3657 9940
3658 3663
3658 4459
3658 5628
3658 6216
3658 6496
3658 6724
3658 8608
3658 10038
3659 4559
3659 5128
3659 5220
3659 5669
3659 6513
3659 7006
3660 5371
3660 7661
3661 5460
3661 5497
3661 6618
3661 7355
3663 3796
3663 4937
3663 5977
3664 5759
3672 6109
3672 7136
3673 5105
3673 5648
3673 7067
3673 7492
3676 5134
3676 5695
3676 6609
3676 7215
3677 3936
3677 4364
3677 5924
3677 6332
3677 7060
3679 5816
3679 7353
3679 7780
3679 10172
3681 4733
3681 5116
3681 5357
3681 7209
3682 4397
3682 4849
3682 5068
3682 5695
3682 7314
3682 7726
3684 5157
3684 6438
3684 6614
3684 6833
3686 5192
3686 6549
3686 7264
3686 8042
3686 8822
3691 5056
3691 5507
3691 7059
3691 8646
3692 4567
3692 4862
3692 5577
3692 6426
3692 7194
3692 9760
3693 5013
3693 6829
3693 7071
3693 7138
3693 7788
3695 4474
3698 3963
3698 4767
3698 5443
3698 5624
3698 5640
3698 6916
3699 3813
3699 4892
3699 5160
3699 8452
3705 4192
3705 4409
3705 5695
3705 6413
3705 6429
3705 6745
3705 7685
3705 8632
3705 9621
3710 3744
3710 4000
3710 4329
3712 3759
3712 3903
3712 5069
3712 5688
3714 5311
3715 3858
3715 3899
3715 4192
3715 5865
3715 7020
3715 7162
3715 9425
3717 4886
3717 5936
3717 9047
3724 5855
3724 6480
3724 7857
3724 8087
3727 4617
3727 6692
3727 6834
3730 4716
3730 4829
3730 5794
3730 6671
3730 6814
3733 5843
3733 5937
3733 8997
3734 5502
3734 6734
3734 6875
3737 5154
3737 5816
3737 6827
3737 7362
3737 9489
3738 3832
3738 5873
3738 6903
3738 7113
3739 5352
3739 5633
3739 6680
3739 7698
3741 4985
3743 3999
3743 7868
3744 5027
3750 3759
3750 5520
3750 6093
3750 10395
3755 3903
3755 4572
3755 6511
3757 5945
3757 8873
3757 9076
3759 5616
3759 7151
3759 8356
3759 9729
3763 4929
3763 5601
3763 7420
3765 8180
3768 5279
3768 7081
3768 9332
3768 9471
3768 9574
3768 10249
3771 6158
3771 6702
3771 6777
3772 5136
3772 5914
3772 8452
3772 10612
3773 6971
3774 6934
3774 9473
3776 8549
3777 5092
3777 6412
3783 4110
3783 5369
3783 5440
3783 5791
3783 7064
3783 8027
3783 8761
3784 3804
3784 5342
3784 5704
3784 6917
3785 3844
3785 4937
3785 5376
3785 5782
3785 6638
3785 7306
3788 5449
3788 6288
3788 6926
3790 4766
3790 5042
3790 5682
3790 6513
3790 7734
3790 8085
3793 4547
3793 6451
3793 8177
3796 9597
3801 6123
3801 6911
3802 4896
3802 5412
3802 8952
3804 5376
3804 8243
3805 3979
3805 5343
3805 6336
3805 8064
3808 4015
3808 4435
3808 4815
3808 5959
3808 7402
3808 7882
3808 9007
3809 3997
3809 5268
3809 6895
3809 7343
3810 5385
3810 6452
3810 6549
3811 4284
3811 5928
3811 6973
3812 5175
3812 6093
3812 6743
3812 7654
3812 8326
3813 5059
3813 5183
3813 6868
3813 7821
3813 9485
3815 6717
3815 8408
3817 5321
3817 6189
3817 7524
3817 7908
3818 6996
3819 5502
3819 8243
3820 4015
3820 4302
3820 6039
3820 6202
3825 4123
3825 5545
3825 8221
3826 4435
3826 5437
3826 5650
3826 6374
3826 8432
3827 4244
3827 5854
3827 8234
3828 4040
3828 5897
3829 4939
3829 6636
3829 6785
3829 7850
3830 4098
3830 5960
3830 6158
3831 4828
3831 6021
3831 6181
3831 6575
3831 9121
3832 7614
3832 7718
3832 9090
3832 9621
3834 6713
3834 6889
3834 7904
3837 4851
3837 5541
3837 5614
3838 3949
3838 7022
3839 4757
3839 6447
3844 6459
3844 7772
3844 8074
3844 8748
3844 8791
3845 5043
3845 6199
3845 7154
3845 7212
3845 7663
3847 4930
3847 5315
3847 8308
3856 5142
3856 5218
3856 5332
3856 5640
3857 4453
3857 5890
3857 6080
3857 6403
3857 8348
3858 8366
3860 5250
3860 6836
3860 8327
3860 9969
3861 7133
3861 8527
3863 4225
3863 5235
3863 8308
3863 9112
3863 9269
3864 5242
3864 5974
3865 3920
3865 4809
3865 5607
3865 6381
3865 7429
3865 7986
3866 4132
3866 6254
3866 6374
3866 7235
3866 8549
3868 6412
3868 7306
3868 8502
3870 5467
3870 5482
3870 5881
3870 6291
3870 7695
3871 7663
3871 7827
3872 3991
3872 4042
3872 5453
3872 5902
3872 8077
3872 8167
3874 3894
3874 4201
3874 5985
3874 6090
3874 6933
3876 5027
3876 5676
3876 6497
3876 6743
3876 7835
3877 6506
3877 7244
3877 7932
3877 9378
3879 5331
3881 3946
3881 5937
3881 6199
3881 6569
3893 4355
3893 5053
3893 7564
3894 4941
3894 10132
3898 3954
3898 4722
3898 6252
3898 7623
3899 4541
3899 4651
3899 5089
3899 5851
3899 5902
3899 6181
3899 7311
3903 4402
3903 5121
3903 5545
3903 6068
3903 6341
3906 4118
3906 5178
3906 6246
3906 8378
3908 4168
3908 5971
3908 9007
3909 7070
3909 7312
3909 8356
3911 5891
3911 6187
3911 6207
3911 6793
3911 8398
3912 4064
3912 4967
3912 5255
3912 6845
3912 7753
3916 4900
3916 6945
3916 7322
3916 7942
3918 5175
3918 6069
3918 6527
3918 8869
3919 6438
3919 6525
3919 7556
3919 8061
3920 4403
3920 5597
3920 5791
3920 7032
3920 7743
3920 9473
3922 4506
3922 4539
3922 4941
3922 7977
3923 5482
3923 5959
3923 6723
3923 6898
3928 4139
3928 4851
3930 5476
3930 5928
3930 7144
3931 6253
3933 5260
3933 5792
3933 6079
3933 6724
3933 7003
3933 7191
3935 5926
3935 6720
3935 6728
3935 7461
3936 4005
3936 4855
3936 6734
3936 6775
3936 6843
3936 7648
3936 9109
3938 4095
3938 4118
3938 6232
3939 4632
3939 5031
3939 6918
3940 6804
3942 5424
3942 7066
3942 7866
3943 4162
3943 6400
3943 7472
3943 7717
3943 8211
3949 4167
3949 6496
3949 6928
3954 6704
3954 6713
3954 7133
3956 6213
3956 7303
3956 10176
3963 4163
3963 6243
3963 6525
3963 7221
3965 5624
3965 6252
3965 8398
3966 10567
3967 5692
3967 6251
3967 7298
3970 4020
3970 4974
3970 5152
3970 6501
3970 9238
3971 5863
3971 6439
3971 7504
3975 4266
3975 9062
3978 5160
3979 5872
3979 6638
3981 5528
3981 6060
3981 6409
3981 7401
3981 7412
3982 5226
3983 5767
3983 5871
3985 5804
3985 6007
3986 5149
3986 5709
3986 5877
3986 6132
3986 7059
3986 7853
3986 8054
3986 9269
3987 5385
3987 6652
3987 6886
3991 4800
3991 9185
3993 5038
3993 6213
3997 4848
3997 5088
3997 5871
3997 6551
3999 6634
3999 9340
4000 4965
4002 6131
4002 6682
4002 7761
4002 7835
4003 7169
4003 8951
4003 8959
4004 6830
4004 7134
4005 7106
4006 6330
4006 7004
4006 7137
4006 8034
4009 4161
4009 4970
4009 6049
4009 7379
4009 7779
4009 7848
4012 4024
4012 5302
4012 5533
4012 5554
4012 5593
4015 5352
4020 5829
4020 6820
4020 7435
4021 5313
4021 5592
4021 6778
4021 7218
4021 7778
4024 5313
4024 7323
4027 4912
4027 5031
4027 5352
4031 6671
4031 7272
4031 8708
4031 10038
4035 6709
4035 8810
4036 6193
4036 6485
4036 7490
4036 8022
4036 8477
4036 9980
4039 6218
4039 6646
4040 7848
4041 7037
4041 8831
4042 5782
4042 6447
4042 6609
4042 7141
4043 5783
4043 6506
4043 7942
4043 9055
4050 5453
4050 6846
4050 6997
4054 8184
4057 7156
4057 7315
4057 10610
4059 7286
4059 7308
4059 7354
4061 7963
4061 9393
4061 9913
4063 4612
4063 5239
4063 5577
4063 9621
4063 10319
4064 5291
4064 5633
4064 8586
4066 4555
4066 6880
4066 8601
4068 4788
4068 5127
4068 6115
4068 6885
4071 5452
4071 6817
4071 7947
4072 7145
4072 7589
4077 4251
4077 5304
4077 6427
4077 6551
4077 9075
4080 6884
4080 6972
4080 7744
4081 4967
4081 5761
4081 5974
4083 5285
4083 5724
4083 6299
4087 4509
4087 6707
4087 6890
4087 7149
4087 7224
4087 7264
4087 9049
4093 5136
4093 5901
4093 6445
4094 5337
4095 8961
4095 9291
4096 5032
4096 6413
4096 8073
4098 5063
4098 6715
4098 7012
4098 7403
4099 6462
4099 7185
4100 4432
4100 5050
4100 5624
4100 5890
4100 7955
4101 4844
4101 7097
4101 7352
4101 7858
4101 9489
4106 5622
4106 6254
4106 6400
4109 5019
4109 5640
4109 5914
4109 6039
4109 6090
4109 8711
4110 5025
4110 5597
4110 5628
4112 4930
4112 5004
4112 6603
4112 7300
4112 9203
4112 10175
4116 5211
4116 6085
4116 7051
4116 7347
4116 7728
4118 5767
4118 6574
4118 7319
4123 5046
4123 6541
4123 7765
4123 8372
4132 4529
4132 6193
4132 9611
4136 4848
4136 10249
4137 4517
4137 4774
4137 7695
4137 7804
4137 10038
4138 5949
4138 6327
4139 5113
4139 7043
4139 7316
4145 4685
4145 5190
4145 7297
4146 4591
4146 4930
4146 5132
4146 5185
4146 6763
4146 7949
4146 8822
4147 5475
4147 6808
4147 6931
4147 7163
4147 7888
4151 4337
4151 5743
4151 7129
4151 7984
4151 8231
4156 5116
4156 5218
4156 6780
4156 6917
4156 7352
4156 8873
4157 4459
4157 4663
4157 6834
4161 5636
4161 7078
4161 7322
4162 4582
4162 5440
4162 6554
4162 6646
4163 6513
4163 8583
4167 6451
4167 6963
4167 8568
4167 8569
4168 4849
4168 6248
4168 6320
4168 7718
4170 4541
4170 9946
4175 4861
4175 4963
4175 5926
4175 5973
4175 6173
4175 7488
4179 5585
4179 5897
4179 8711
4180 5528
4180 5560
4180 6832
4180 7322
4180 7514
4180 8289
4181 5026
4181 6174
4181 7217
4181 7226
4185 4886
4185 5046
4187 6039
4187 6189
4187 8088
4187 8582
4188 6962
4188 7221
4188 7298
4188 9230
4189 7113
4189 7189
4190 5823
4190 7984
4190 8327
4192 4737
4192 5482
4192 6661
4192 6972
4196 6911
4199 5472
4199 6451
4199 6781
4199 7139
4201 5189
4201 5570
4201 6630
4201 6783
4201 7598
4201 9694
4207 5201
4207 5626
4207 5861
4209 4618
4209 5148
4212 7059
4212 9835
4215 4963
4215 6794
4215 8255
4225 5122
4225 8497
4225 10388
4229 4657
4229 5682
4229 6464
4229 6887
4229 7821
4229 9272
4233 4936
4233 7156
4234 4454
4234 5836
4234 5849
4234 7785
4234 8020
4239 4981
4239 6050
4244 5204
4245 4869
4245 5166
4245 5345
4245 5576
4247 4271
4247 5481
4247 6538
4247 8046
4248 5006
4249 6340
4251 5025
4260 5018
4260 9940
4263 7132
4266 4781
4266 4997
4266 6221
4266 8262
4266 9286
4268 5122
4268 7826
4271 5425
4271 6958
4271 7321
4272 4939
4272 5260
4272 6996
4272 7215
4277 7200
4283 4752
4283 6006
4283 7305
4284 4905
4285 5067
4285 6294
4286 5448
4286 6525
4286 7650
4290 5148
4290 5564
4292 5802
4292 6672
4292 6702
4292 7293
4292 7564
4296 4357
4296 5908
4296 8582
4300 6559
4300 7053
4302 5939
4302 8708
4307 7486
4307 8799
4307 10114
4320 4950
4320 7281
4327 4929
4327 7215
4329 6888
4329 7239
4329 8074
4335 8027
4337 5985
4337 7115
4337 9704
4337 10132
4341 5011
4341 5855
4341 5980
4344 4354
4344 5299
4344 5592
4351 6539
4351 7751
4354 5614
4354 7504
4354 7900
4355 9287
4357 6327
4357 7106
4357 7194
4357 7705
4357 9237
4363 5460
4363 5990
4363 6800
4363 7060
4363 7711
4365 4567
4365 4970
4365 5432
4365 6675
4365 6976
4365 7009
4367 6050
4367 6380
4369 5542
4371 5128
4371 6444
4371 8997
4371 9062
4374 5637
4374 6625
4375 4947
4375 5315
4375 5813
4377 7176
4377 7302
4381 6817
4381 7303
4382 4784
4382 5438
4382 6090
4382 9378
4383 8482
4383 9060
4386 5076
4386 5448
4386 5902
4386 6366
4397 5438
4397 8149
4400 5493
4400 6046
4400 6254
4400 6728
4400 8228
4403 4758
4403 6810
4403 7224
4405 4781
4405 5132
4405 5628
4405 7580
4405 8201
4409 6620
4409 7370
4414 4474
4414 6345
4414 7729
4415 7804
4415 8951
4424 5819
4424 9980
4425 4679
4425 5006
4425 7104
4425 7804
4425 10587
4431 5713
4431 5805
4431 6777
4431 7448
4432 5330
4432 6314
4432 7059
4432 10175
4433 6006
4433 6319
4435 7034
4435 7101
4435 7123
4435 9640
4437 9163
4438 5110
4438 6161
4438 6724
4440 6419
4440 7316
4442 6189
4446 6097
4446 6552
4450 5528
4450 5582
4450 6221
4450 6709
4450 6881
4450 7657
4453 6861
4453 7711
4454 5404
4456 7626
4458 4524
4458 4687
4458 6887
4458 7095
4459 5218
4459 6883
4466 4995
4466 5537
4466 6618
4466 6767
4473 10172
4474 5865
4474 7139
4474 8243
4475 7113
4479 4572
4479 5395
4479 5792
4479 6596
4479 7039
4479 7560
4484 5299
4484 6859
4485 5203
4485 6091
4485 6258
4488 6521
4491 5817
4503 8146
4504 5848
4505 4705
4505 5151
4505 5680
4505 6589
4505 6724
4505 7009
4505 9425
4506 4993
4506 6065
4506 6487
4506 6799
4506 7189
4506 7272
4509 6513
4509 7092
4509 7631
4509 7866
4510 5092
4512 9350
4512 10007
4513 5453
4513 7228
4517 6080
4517 8221
4518 7045
4518 7282
4518 7313
4524 4922
4524 5038
4527 6006
4527 6008
4527 6527
4527 6610
4528 7090
4529 8022
4532 4890
4532 6236
4532 8370
4533 8771
4538 5860
4538 6918
4538 7215
4539 6742
4539 7663
4541 5942
4541 6549
4541 8398
4543 6463
4543 7110
4547 5211
4547 6718
4547 7138
4547 7831
4548 6327
4548 6972
4548 7770
4552 4974
4552 7226
4552 9237
4553 6869
4553 6874
4555 5919
4555 6963
4555 7403
4557 5548
4557 8075
4559 4918
4559 4922
4559 6299
4559 8601
4567 5640
4567 5894
4567 7090
4568 5580
4568 5766
4568 6608
4568 10172
4569 6537
4569 6556
4569 6973
4570 5448
4570 5482
4570 6171
4570 7208
4570 7716
4572 5522
4572 6319
4572 7193
4572 7271
4572 7578
4572 7761
4572 7780
4579 5069
4579 5633
4579 6783
4579 7063
4579 8791
4582 6065
4587 5920
4587 6768
4587 6770
4587 7114
4588 6282
4588 7144
4588 8228
4588 9423
4588 9946
4590 6236
4591 4884
4591 5918
4591 6160
4592 5816
4592 7564
4596 6138
4596 6999
4596 9047
4597 5598
4597 5726
4597 7990
4597 9597
4599 5443
4600 5748
4600 8276
4611 5541
4611 6171
4611 7418
4612 4995
4612 7176
4612 7580
4612 8050
4612 8632
4612 8747
4617 4724
4617 4758
4617 4772
4617 5817
4617 6817
4617 6892
4623 7274
4623 8349
4627 4884
4627 7888
4630 7578
4630 9597
4639 6702
4639 7716
4641 5054
4641 5100
4641 6458
4641 7305
4643 5159
4643 5182
4643 5930
4643 6027
4647 4837
4647 5740
4647 6784
4651 5149
4651 5502
4651 7749
4651 7776
4651 8564
4654 5689
4656 5304
4656 6447
4656 8255
4656 8262
4657 6917
4657 7575
4657 8186
4659 6807
4661 7038
4663 4958
4663 5032
4663 8567
4663 9230
4664 5682
4664 6977
4672 7140
4672 7257
4672 9023
4679 7099
4683 6205
4683 6876
4683 9331
4684 5472
4684 5597
4684 5966
4684 6551
4684 7602
4684 8398
4685 6778
4687 7229
4687 7490
4698 4705
4698 5172
4698 8189
4698 9284
4703 8438
4703 8568
4705 5024
4705 5043
4705 6328
4705 8844
4716 8398
4719 6124
4719 6445
4719 7362
4719 7868
4719 8084
4719 8394
4719 9277
4722 5291
4724 4869
4724 4936
4724 5390
4724 6537
4724 6728
4732 4757
4732 6856
4732 9340
4732 9665
4733 6232
4733 6370
4733 6652
4733 6942
4735 6544
4735 6750
4735 7160
4735 8549
4736 5625
4736 6373
4736 6429
4736 6938
4736 6958
4736 9812
4737 5763
4737 6163
4741 5731
4741 5819
4741 6382
4741 8276
4744 5724
4745 7292
4752 6282
4752 7050
4752 7677
4753 5354
4753 6637
4753 6916
4757 5202
4757 5966
4757 7302
4757 8595
4757 9286
4758 5476
4758 6226
4760 7094
4760 8043
4766 4913
4766 5711
4766 9575
4767 6409
4767 6754
4767 7099
4767 8073
4767 9185
4769 5658
4769 6881
4769 7315
4771 4775
4771 6513
4772 5611
4772 6089
4772 6606
4772 7650
4772 8064
4774 6288
4774 7976
4775 6668
4778 5022
4778 7130
4778 7313
4778 8371
4778 9245
4780 5105
4780 5455
4780 6878
4780 7169
4780 9287
4781 6488
4781 7040
4781 7671
4781 8962
4784 6297
4784 6327
4784 6640
4784 7589
4784 9752
4784 10175
4797 7244
4797 7612
4797 8255
4800 4970
4800 5325
4800 5818
4800 5828
4800 6291
4800 6791
4800 7711
4800 8289
4800 8989
4801 5959
4801 7350
4801 8203
4801 9342
4806 5918
4806 6986
4809 5530
4809 6314
4809 7044
4809 7233
4811 5547
4811 6861
4811 6933
4811 7826
4811 8136
4811 9031
4815 7231
4817 4950
4817 7068
4817 7252
4822 4995
4823 6193
4823 6636
4823 6886
4823 7379
4823 8066
4823 8868
4823 9340
4828 6723
4828 7648
4828 10172
4829 5973
4836 9163
4837 7053
4838 4931
4838 5409
4839 5482
4839 7453
4839 9489
4841 5876
4842 5415
4842 7189
4842 8289
4842 9980
4848 5504
4849 7446
4851 6556
4851 8989
4852 5088
4852 6221
4852 6836
4852 8180
4852 8622
4855 6619
4855 6998
4860 5528
4860 6038
4860 7852
4861 5315
4861 8583
4862 6001
4862 6932
4862 8525
4866 5299
4866 6891
4866 9269
4869 4985
4869 5921
4869 6189
4869 7039
4880 5100
4880 5898
4880 7751
4880 10319
4884 6168
4884 7145
4884 7313
4884 8203
4885 5342
4885 6039
4885 6377
4885 9090
4886 5612
4886 7312
4886 7764
4886 8505
4886 9789
4892 5810
4892 6291
4892 6305
4892 6638
4892 7260
4896 5870
4896 7641
4896 7772
4896 9199
4899 5497
4899 8083
4900 6665
4900 8203
4901 5710
4905 5974
4905 6634
4907 5619
4907 8000
4910 5468
4912 6160
4912 6400
4913 6099
4913 8651
4918 5331
4918 9090
4921 7286
4929 5484
4929 6655
4929 6802
4929 7986
4929 9805
4930 8549
4930 8567
4931 6629
4931 10404
4932 6780
4932 7955
4932 9162
4934 7050
4934 7102
4934 8351
4934 9333
4935 5298
4935 6636
4935 7113
4935 8224
4936 6463
4937 5088
4937 6972
4937 7002
4938 5828
4938 5856
4938 6625
4939 6412
4939 6559
4939 7819
4939 8748
4939 9756
4940 5046
4940 5387
4940 7173
4941 7177
4942 4950
4942 5963
4942 6094
4945 6934
4946 6786
4947 4981
4947 4998
4947 5818
4948 6764
4948 6770
4948 8228
4948 9769
4950 6094
4950 6105
4950 7007
4950 8651
4950 9856
4952 6274
4952 7677
4952 9112
4954 7071
4954 9075
4956 5794
4956 7718
4956 8708
4958 7156
4958 7249
4958 7564
4963 5737
4963 5782
4963 5879
4963 6904
4964 7119
4965 5640
4967 5134
4967 8061
4970 5287
4970 6874
4974 7085
4975 6777
4975 6944
4975 7614
4975 8084
4977 5154
4977 7632
4978 7313
4978 7778
4981 7853
4985 5485
4985 8608
4993 5288
4993 6390
4993 7150
4993 7233
4993 7589
4994 5415
4994 5594
4994 6638
4994 6926
4994 8610
4994 9769
4995 5166
4995 5882
4995 6576
4996 8565
4997 8146
4997 8200
4997 9350
4998 7267
4998 7977
4998 8232
5000 7780
5000 9203
5003 7156
5003 8469
5003 10194
5004 5998
5004 9451
5005 6927
5005 7524
5005 8267
5006 6210
5006 7370
5007 6836
5007 6943
5007 7204
5007 7292
5007 7383
5010 7295
5010 9050
5011 5794
5011 6774
5011 7144
5011 10003
5013 5752
5014 5026
5018 5412
5018 6109
5019 5917
5019 8432
5019 10404
5022 5700
5022 6163
5024 6689
5024 7850
5024 8959
5026 5134
5026 8708
5027 6655
5027 10172
5031 6293
5031 8083
5031 9204
5032 7589
5032 8211
5032 9230
5032 10162
5038 5767
5038 6909
5038 9238
5040 5250
5040 5629
5040 6931
5040 7949
5040 8432
5040 8951
5040 9574
5041 6210
5041 6274
5041 6541
5041 7021
5042 8408
5042 8482
5045 5528
5045 8107
5050 6624
5050 7866
5053 5820
5053 5917
5053 8022
5053 8180
5053 10388
5054 7711
5054 8348
5056 5088
5056 6355
5056 7167
5056 8569
5059 5817
5059 6289
5065 5068
5065 7857
5065 8055
5065 8997
5067 6462
5067 6464
5067 6570
5067 7580
5067 10319
5068 5610
5070 7113
5070 7252
5072 6545
5072 6880
5072 6918
5072 7749
5074 6195
5074 8042
5078 6201
5082 5136
5082 5279
5082 5560
5082 9161
5085 5805
5086 5342
5086 6171
5086 6931
5088 5547
5088 5652
5088 10110
5089 6411
5089 6996
5089 7965
5089 10177
5090 5937
5090 6898
5090 9284
5090 10272
5092 5912
5092 6541
5092 6596
5092 6934
5092 7882
5098 6758
5098 8082
5099 5882
5099 6990
5099 8549
5100 6089
5100 7079
5105 7075
5110 5242
5110 7239
5110 8102
5111 5285
5111 5622
5111 6339
5111 7090
5113 5183
5113 6988
5113 8371
5115 5793
5115 7490
5115 7602
5115 10587
5116 5850
5116 6182
5116 6933
5121 7882
5122 5134
5122 6516
5125 8951
5127 6090
5127 7069
5127 10505
5128 5372
5128 6094
5128 6378
5131 8546
5132 5876
5134 7169
5134 7613
5136 5579
5136 6988
5136 8354
5137 5689
5138 5917
5138 6040
5138 6728
5139 6391
5139 7821
5139 9805
5142 5804
5142 6328
5142 7812
5147 6046
5147 8586
5147 9203
5148 5375
5148 5585
5148 5921
5148 6737
5148 7228
5149 9752
5151 5730
5151 6988
5151 7021
5152 5943
5152 5973
5152 6374
5152 9978
5153 5270
5153 6610
5154 7303
5154 8027
5157 6461
5157 10112
5158 5802
5158 6371
5158 9704
5159 6713
5159 7567
5159 7827
5159 8562
5159 8564
5160 5761
5160 5926
5160 6331
5160 6738
5160 7942
5161 8231
5165 5403
5165 5629
5165 7726
5165 7826
5166 8410
5172 6744
5172 7731
5175 5260
5175 6320
5175 10114
5177 5476
5177 6819
5178 6182
5178 6675
5178 7676
5179 6140
5182 5508
5182 5834
5182 8040
5183 5776
5186 7244
5188 6856
5188 7033
5188 7112
5188 7117
5188 9231
5188 9670
5188 10194
5189 6044
5190 7256
5192 5800
5192 6728
5192 7601
5193 6513
5193 7723
5196 5888
5196 9199
5196 9272
5197 6345
5200 5229
5200 6426
5201 6464
5202 5389
5202 6929
5202 7642
5202 7868
5203 5907
5203 6817
5203 7150
5203 10526
5204 6242
5204 6753
5204 7514
5210 6668
5211 6656
5211 7221
5213 6869
5213 7826
5213 8710
5213 9835
5215 5593
5215 6449
5215 9332
5218 6371
5219 5475
5219 5920
5219 8624
5220 6506
5224 6161
5225 5885
5225 6710
5225 7138
5225 7492
5225 7564
5225 7847
5226 5599
5226 5891
5226 6468
5226 6485
5226 6892
5230 5341
5230 5354
5235 5572
5239 6387
5239 7648
5239 7653
5239 7853
5239 8393
5239 8411
5239 8820
5241 6702
5241 7137
5242 5666
5242 6909
5242 7812
5244 6896
5244 8635
5247 5583
5247 7163
5247 7514
5247 9193
5249 9640
5250 7219
5250 8234
5250 8950
5255 8710
5257 5313
5257 7661
5257 7976
5258 5585
5258 5594
5258 5743
5258 6378
5259 5560
5259 7323
5260 5333
5260 6114
5260 8262
5260 9340
5263 6501
5263 6661
5263 7264
5264 7780
5265 5321
5265 6174
5265 6646
5265 7321
5265 9256
5268 5304
5270 9640
5270 9969
5275 5990
5275 8118
5275 9286
5279 6852
5279 6889
5279 7916
5285 6928
5287 5412
5287 5680
5287 6812
5287 7497
5287 7623
5287 10567
5288 8366
5288 8635
5288 9204
5291 5863
5294 5412
5294 6053
5296 6785
5298 7215
5299 7009
5299 7200
5299 8236
5302 5510
5302 5619
5304 5452
5304 6752
5304 6795
5304 7076
5304 8021
5310 6742
5310 7313
5310 9752
5311 6619
5311 6662
5311 8231
5311 8820
5313 8013
5313 8950
5315 5697
5315 7141
5315 8923
5317 5489
5317 6187
5317 9728
5320 7007
5320 8176
5321 5424
5321 6171
5321 6996
5321 7337
5325 5404
5325 5682
5325 7827
5325 9332
5326 5926
5328 5778
5328 7514
5328 8708
5330 6226
5330 7641
5331 6786
5331 7650
5332 6378
5332 8019
5332 9769
5333 6097
5336 6603
5336 7304
5336 8525
5336 9007
5337 9231
5341 6818
5341 7597
5342 5576
5342 7866
5343 5939
5343 7124
5343 7920
5343 9060
5343 9423
5345 6075
5345 6848
5345 6954
5345 7104
5345 7137
5346 7003
5346 8601
5347 5697
5347 6775
5347 7084
5347 9792
5348 7140
5352 6781
5352 8874
5353 7119
5354 5865
5357 6403
5357 10112
5358 6780
5361 8018
5361 9635
5367 5548
5367 5691
5367 5894
5367 6112
5367 6946
5367 8012
5369 8215
5371 6374
5371 7107
5372 5778
5372 7318
5372 7986
5374 5926
5374 9792
5375 5558
5375 7437
5376 7313
5376 7581
5376 8082
5376 9203
5382 6069
5382 6288
5382 6825
5382 7297
5385 5984
5386 5827
5386 6387
5386 7209
5387 6205
5387 6758
5387 8999
5387 9179
5389 5445
5389 5709
5390 5763
5390 8058
5395 7299
5398 9425
5403 6578
5403 6767
5403 6886
5403 9980
5404 6768
5404 7864
5407 6232
5407 6778
5407 6891
5407 8497
5409 5676
5409 6345
5412 6619
5414 5424
5414 7908
5414 9557
5415 6444
5415 7050
5415 7094
5419 6172
5419 6835
5419 8754
5421 5500
5421 6538
5421 7260
5421 8408
5421 9402
5424 6254
5424 7064
5424 8468
5425 5955
5425 6767
5425 7761
5428 6228
5428 8498
5432 7798
5432 7819
5432 8348
5437 7302
5437 7798
5437 7861
5437 8167
5437 10613
5438 7092
5438 8438
5438 8498
5440 5691
5440 7728
5440 7760
5440 8061
5440 8243
5443 6445
5444 7226
5445 5548
5447 6308
5447 7174
5447 7767
5447 9183
5447 9185
5448 5451
5448 5673
5448 6069
5448 7006
5449 10249
5451 5692
5451 6168
5451 6282
5452 6288
5452 7586
5452 7984
5453 9075
5455 7042
5455 7564
5464 6961
5464 8487
5465 5583
5465 5769
5467 5985
5467 6999
5467 7613
5468 5558
5468 7586
5472 9756
5475 7257
5475 8599
5476 5773
5476 6725
5476 8662
5476 9423
5478 7122
5478 8136
5478 8706
5481 5945
5481 6819
5482 5640
5482 6090
5484 5762
5484 6720
5485 6226
5485 6749
5485 6755
5485 7103
5485 8003
5485 8323
5485 9031
5485 9812
5489 6652
5489 6841
5489 7932
5493 7685
5497 7528
5499 6412
5499 7716
5500 6931
5500 7924
5502 5748
5502 6133
5503 6253
5507 7122
5507 7136
5507 7489
5508 6080
5508 7528
5508 10221
5509 7698
5509 8087
5510 6987
5510 7768
5513 5782
5513 6412
5518 7244
5518 9694
5518 10221
5520 8527
5522 5560
5524 6665
5528 6391
5530 5624
5530 6932
5533 6232
5533 6625
5533 7176
5533 7212
5533 7728
5534 8118
5537 6918
5537 7039
5537 8557
5541 6884
5541 8595
5542 6251
5542 7180
5542 7244
5543 5635
5543 6537
5543 7372
5543 8149
5543 8791
5544 8869
5545 9284
5546 5724
5546 6274
5546 9856
5547 8567
5548 6711
5550 5800
5550 6331
5550 9671
5554 5570
5558 5665
5558 10272
5560 6199
5560 7040
5560 7473
5564 6737
5564 6878
5564 6952
5564 7851
5570 7850
5570 9473
5573 5880
5573 6090
5573 6718
5573 6800
5573 8206
5574 6756
5574 7037
5574 10038
5576 8104
5577 8525
5579 6422
5579 8644
5580 8119
5582 6497
5582 7221
5582 8077
5583 6283
5583 8119
5585 6070
5585 7223
5585 9671
5585 10587
5587 5624
5587 5702
5587 8047
5587 9062
5591 7461
5591 8084
5591 9946
5592 5876
5592 6016
5592 6288
5592 6996
5592 7295
5593 5802
5593 6696
5593 6911
5593 8444
5593 8831
5594 7743
5594 9272
5597 6967
5598 7043
5599 6544
5599 8711
5601 7733
5601 8411
5604 6294
5604 7034
5604 10000
5605 5886
5605 6715
5605 6934
5605 7093
5607 5869
5607 7612
5607 8267
5610 5916
5610 6578
5610 6762
5610 7124
5610 9121
5611 6686
5611 6706
5611 7586
5612 6053
5612 6982
5612 10076
5614 6019
5614 6929
5616 5974
5616 6527
5616 6617
5616 6974
5616 6982
5617 6685
5617 7281
5619 6890
5619 7621
5619 9110
5621 5636
5621 5954
5621 7185
5621 7631
5622 6619
5624 5966
5624 6623
5624 7180
5624 7190
5625 5960
5625 6060
5625 8098
5626 6841
5628 8052
5628 8662
5629 7124
5629 7412
5633 6429
5635 6426
5635 6810
5635 6836
5635 8013
5635 8876
5636 5963
5637 7112
5637 9350
5640 5664
5640 5876
5640 5984
5640 6464
5640 8202
5648 5851
5648 8013
5652 6715
5653 7132
5658 7490
5664 6539
5664 9007
5664 9270
5665 6096
5665 6299
5665 8694
5665 9256
5666 6173
5666 7677
5669 8595
5673 7067
5673 9256
5676 7718
5680 6776
5680 8923
5682 6715
5682 6832
5682 7054
5688 5966
5688 6568
5688 6856
5688 8077
5688 8595
5689 6039
5689 7312
5691 5877
5691 6868
5691 6952
5691 9525
5692 5694
5692 6521
5695 5748
5697 6484
5697 6747
5700 5863
5700 6083
5700 7353
5700 7764
5702 7124
5702 7274
5702 7311
5704 5850
5704 7071
5704 7900
5704 8149
5704 8336
5704 9203
5707 6371
5707 7103
5707 7105
5708 5818
5708 5881
5708 6617
5708 7801
5709 5924
5709 6812
5709 7144
5710 6652
5710 6794
5711 8018
5713 6668
5713 7115
5713 7122
5714 5979
5714 6503
5714 6804
5714 7327
5720 6265
5720 8058
5721 5805
5721 6314
5721 6378
5721 8231
5722 7801
5722 10000
5724 5888
5724 5994
5724 8493
5727 7726
5727 7888
5728 8644
5728 8820
5730 8191
5731 6711
5731 7343
5731 8709
5735 6378
5735 6424
5735 8014
5736 6160
5736 6835
5736 8586
5736 9402
5740 8087
5740 8874
5743 5754
5743 6570
5743 7140
5743 7215
5743 7726
5743 8426
5743 10613
5748 7798
5748 8586
5752 6742
5752 8747
5754 6274
5754 8577
5757 6768
5757 7058
5757 7761
5758 6825
5761 6717
5761 7224
5761 7717
5761 9805
5763 6122
5763 8359
5766 6341
5767 6828
5767 7074
5767 8454
5767 9398
5773 9574
5774 7038
5774 7186
5774 9350
5776 6199
5776 6345
5776 6933
5776 10184
5778 6040
5782 6252
5782 6558
5783 6201
5783 6721
5783 6846
5783 7303
5783 7314
5783 7845
5783 8323
5790 5820
5790 7295
5790 8139
5790 10162
5791 7569
5791 9230
5792 8599
5792 8608
5794 6538
5796 6549
5800 6424
5800 6904
5800 9665
5802 5804
5802 8962
5804 6409
5804 6905
5804 7268
5804 8327
5805 8255
5806 7490
5806 8083
5806 8108
5806 8951
5810 7167
5813 6377
5813 7044
5813 7626
5816 5869
5818 6218
5818 6521
5818 6929
5818 7733
5819 8527
5819 8961
5820 6445
5820 7218
5820 9913
5821 6544
5823 6559
5823 6744
5826 8597
5827 5915
5827 6871
5828 6963
5829 6720
5829 9163
5830 6827
5830 7328
5830 8020
5834 5914
5834 6860
5834 6946
5834 7107
5836 6724
5836 7204
5842 5928
5842 6952
5843 8083
5848 6291
5848 6573
5848 6734
5848 6871
5848 7187
5848 7202
5848 7646
5848 9946
5850 9049
5851 5968
5851 6497
5851 7798
5851 9237
5855 6653
5856 7418
5861 6341
5861 7115
5863 6387
5869 5983
5869 6275
5870 6373
5870 6687
5870 7287
5870 10388
5873 5912
5873 6050
5873 6721
5873 6830
5876 6377
5876 6382
5879 5901
5879 6094
5879 8177
5880 7412
5880 7826
5880 8477
5882 7087
5882 7117
5882 7650
5883 5919
5883 7299
5884 7497
5885 6094
5885 6331
5885 6778
5885 9075
5888 7306
5888 9076
5890 6573
5890 6608
5890 8601
5891 7104
5891 7973
5894 6737
5894 6871
5894 7733
5894 9038
5894 9759
5896 5950
5896 6709
5897 6377
5898 6544
5898 6818
5898 8102
5901 6544
5901 7984
5901 9388
5906 6253
5906 6804
5906 7064
5906 10249
5907 6606
5907 6864
5910 7454
5911 6926
5911 7266
5911 8068
5911 8206
5911 8438
5911 8810
5911 9136
5912 6085
5912 6680
5912 7564
5914 6700
5915 6213
5915 6777
5915 6861
5915 7077
5915 7316
5916 6626
5916 7581
5917 6944
5917 7289
5917 9023
5918 6194
5918 6687
5918 6925
5918 7149
5918 8599
5919 6945
5919 9162
5921 7151
5921 8383
5926 6707
5926 7043
5926 7751
5926 8429
5926 9728
5928 7623
5930 6523
5930 7272
5936 6969
5936 7339
5936 7347
5936 8202
5939 7362
5939 8085
5943 7305
5943 8822
5943 9425
5945 7105
5945 8662
5948 6702
5948 6856
5948 8186
5948 10140
5949 9393
5950 6749
5950 7300
5954 6288
5954 6860
5955 6891
5955 6954
5955 7614
5956 7580
5957 6436
5957 6480
5957 7916
5957 8356
5957 8868
5957 10162
5959 6817
5959 8108
5960 5998
5960 7015
5963 6675
5966 6046
5966 6424
5966 6468
5966 7043
5966 7252
5966 8079
5968 8066
5971 7286
5971 8822
5974 6860
5975 6774
5975 6874
5975 8378
5975 9621
5977 7046
5977 9256
5977 9532
5979 7046
5979 7801
5979 8024
5980 6783
5983 6328
5983 7229
5984 6804
5985 6168
5985 6850
5985 6933
5985 9525
5990 6079
5998 7381
5998 8502
6000 6105
6000 6661
6000 7004
6000 7446
6001 6974
6002 7744
6007 6765
6007 7765
6008 6840
6008 7033
6008 8505
6016 7993
6016 9109
6018 8469
6019 6093
6019 6883
6019 7289
6021 7586
6021 8000
6021 9287
6022 6707
6022 6810
6027 6111
6027 6207
6027 6763
6037 6711
6037 7211
6037 9060
6038 6711
6038 7908
6038 8624
6038 8748
6039 6243
6039 6878
6039 7052
6040 6345
6040 6487
6040 7263
6040 8082
6044 6783
6044 6797
6046 9599
6049 6684
6049 7162
6049 7650
6049 7731
6049 8215
6050 6808
6053 6869
6060 6199
6060 6896
6060 7528
6060 8326
6065 6656
6065 6692
6065 9269
6068 6638
6068 8073
6069 6220
6070 6252
6070 8929
6075 9332
6079 6220
6079 7001
6079 7151
6079 7586
6080 8429
6085 6140
6085 7514
6085 7676
6085 7861
6089 6739
6089 6765
6089 6793
6089 7071
6089 8199
6089 9230
6089 9812
6090 6124
6090 7215
6090 8019
6091 6620
6091 9007
6093 6605
6093 6757
6094 8326
6097 7646
6099 6840
6099 8999
6099 9286
6105 6784
6105 9287
6109 6160
6109 7235
6111 6911
6112 8064
6114 6452
6114 8947
6115 6942
6115 7074
6115 7718
6115 8356
6115 8831
6115 10596
6117 6786
6117 7934
6117 8118
6122 9350
6123 7188
6123 9932
6124 7093
6132 8452
6133 6825
6137 6345
6140 6390
6145 6419
6145 7264
6158 6656
6158 7029
6158 7300
6160 6451
6160 7261
6161 6909
6163 8043
6163 8276
6163 8962
6171 8043
6171 8822
6172 7073
6172 8635
6173 6506
6173 7003
6173 7716
6173 8947
6175 7785
6175 9511
6181 6924
6193 7648
6193 9670
6194 6764
6194 6987
6195 9932
6195 10112
6201 8042
6202 6770
6205 6253
6207 6873
6207 8430
6207 8959
6207 9185
6210 6395
6213 6613
6213 8089
6216 9599
6218 6540
6218 9331
6220 7774
6221 6624
6221 8635
6221 9284
6226 6715
6226 7374
6228 8276
6228 9050
6232 6445
6236 7164
6236 7274
6236 7316
6241 6848
6241 7263
6241 7866
6242 6694
6242 6932
6243 6449
6243 6824
6245 7598
6246 7092
6248 7303
6248 7564
6251 6722
6251 7006
6251 9476
6252 7025
6252 7580
6253 7073
6254 7453
6254 7612
6254 8289
6258 6352
6258 6812
6258 9339
6265 10175
6266 6932
6266 9350
6274 6563
6274 7208
6274 8086
6275 6998
6282 6976
6282 9000
6282 9121
6283 6887
6283 7180
6288 7179
6288 9163
6289 6987
6289 7217
6289 10221
6290 6614
6290 8077
6291 6689
6291 8662
6293 6762
6294 9284
6296 7686
6296 8372
6299 6805
6305 6875
6305 7007
6308 6972
6308 9557
6314 6373
6314 6855
6315 8202
6319 7321
6319 10319
6320 9511
6324 6749
6324 7654
6324 8326
6324 9038
6327 8076
6327 10610
6328 6427
6330 6554
6330 7132
6330 7420
6332 7492
6333 6997
6335 6903
6335 10038
6338 6588
6338 7266
6338 8079
6339 7044
6339 7085
6339 8003
6341 7023
6341 7179
6341 7231
6341 7260
6343 9969
6344 7659
6345 6775
6346 8066
6347 6661
6347 7826
6347 8959
6349 7067
6349 8228
6349 8370
6349 8632
6352 6988
6353 6750
6353 7598
6353 7744
6355 6607
6356 7107
6362 6603
6362 7597
6362 8711
6363 6682
6363 9378
6366 7163
6370 6618
6370 8354
6371 7063
6373 6807
6374 7162
6374 7228
6374 7343
6374 8139
6377 6461
6377 6656
6377 7325
6378 6722
6378 7051
6378 9792
6380 7350
6381 8951
6382 6880
6382 7095
6386 6573
6386 7187
6387 7339
6387 9769
6390 6878
6391 6891
6391 7150
6391 10110
6395 6576
6395 6817
6399 7711
6400 7761
6400 10249
6401 10596
6403 7318
6403 7866
6409 6513
6411 7139
6411 7158
6412 6640
6412 8327
6412 8961
6413 8622
6419 6511
6419 8221
6419 10567
6422 6464
6422 6471
6424 7069
6424 7106
6425 7319
6425 8107
6426 6700
6426 7071
6426 7848
6427 8586
6429 6917
6429 7278
6429 7575
6436 7446
6438 10175
6439 6672
6439 7504
6440 8184
6444 7624
6445 9393
6447 7575
6449 9269
6451 8349
6458 6860
6458 9284
6459 6800
6459 6896
6459 7733
6459 7835
6461 6723
6461 7381
6463 8243
6463 10319
6464 6895
6464 6961
6465 8608
6468 6626
6468 8083
6468 9621
6468 10007
6471 7059
6471 7160
6471 7182
6471 8701
6473 6576
6473 6987
6473 7161
6473 8136
6484 7864
6487 7150
6487 7319
6487 8203
6488 7006
6488 9161
6490 6521
6490 6801
6490 7068
6490 8950
6496 7760
6496 9350
6497 6732
6497 6742
6497 7339
6497 8754
6497 9393
6501 8086
6503 6539
6503 6836
6503 8189
6506 6903
6506 6969
6506 7297
6506 7314
6506 7324
6508 7073
6508 7140
6508 7297
6511 7329
6511 8136
6513 6619
6516 6559
6521 8327
6523 6917
6525 6634
6525 7726
6525 7781
6525 8635
6527 7147
6527 9007
6537 8635
6538 9485
6539 6551
6539 7066
6539 7379
6539 7676
6539 9023
6540 6814
6540 7711
6540 8989
6540 9473
6541 8497
6541 10272
6542 6661
6542 6781
6542 6836
6542 6977
6542 7019
6542 7305
6544 7434
6545 7826
6554 8186
6554 8529
6554 10287
6556 8072
6558 7963
6559 8191
6562 7013
6568 7169
6568 7239
6568 7316
6568 8061
6568 9532
6570 7733
6573 7212
6573 8167
6573 8308
6574 6762
6574 7138
6574 7172
6574 7204
6574 7223
6576 8042
6577 6755
6577 6950
6578 9062
6578 9760
6578 10112
6588 6977
6589 6706
6589 7760
6589 9978
6592 6636
6592 9291
6596 7821
6603 6933
6603 8064
6605 6843
6605 7069
6605 9038
6606 8562
6607 6623
6607 9272
6608 7976
6609 8469
6609 9038
6610 7685
6614 7314
6614 7662
6614 9203
6617 7705
6617 7986
6617 8624
6618 9062
6619 7167
6619 7289
6619 7304
6619 7749
6620 6848
6623 8127
6623 8662
6623 9525
6624 6684
6624 10404
6625 10038
6626 7324
6626 7698
6628 7149
6629 6720
6630 6689
6634 6934
6634 7217
6636 7671
6636 8002
6637 8075
6638 8005
6638 8326
6638 10082
6640 6686
6640 7162
6640 8345
6640 8426
6646 7714
6646 9339
6653 6829
6653 6962
6653 7461
6655 8066
6656 7059
6657 7767
6657 9000
6658 8356
6658 8562
6661 7305
6661 7599
6662 7218
6662 8045
6665 6899
6665 7037
6665 7661
6665 7717
6668 7308
6671 7798
6671 8323
6672 6924
6675 6743
6675 6982
6675 7586
6680 7115
6681 7977
6681 10221
6682 8202
6685 6988
6686 6783
6686 7589
6687 7734
6687 8577
6689 9333
6693 7046
6693 7117
6693 7208
6694 6818
6694 8709
6696 8077
6696 8502
6696 9532
6700 6977
6702 7099
6702 8429
6704 6711
6706 8088
6710 7097
6710 7257
6711 6762
6711 6846
6711 7900
6712 6806
6712 7524
6712 8022
6713 6810
6713 7078
6713 7755
6713 8020
6713 8050
6713 8426
6715 6873
6715 7298
6715 8034
6717 7050
6717 7659
6718 7711
6720 7299
6721 7180
6721 7765
6722 8072
6722 8923
6723 7293
6723 8203
6723 10395
6724 7189
6725 7311
6734 8046
6734 9090
6737 6830
6737 8215
6738 7182
6739 8568
6742 7013
6743 8019
6744 7942
6744 8635
6745 6929
6745 7244
6747 8098
6749 6969
6750 8708
6752 6800
6752 6999
6752 7136
6754 10526
6755 6952
6756 9090
6758 7776
6758 9729
6761 7801
6762 7274
6762 7362
6762 7429
6763 8411
6764 8221
6764 9333
6765 7139
6765 7316
6765 8089
6765 8873
6766 7145
6766 8043
6766 10172
6767 6845
6767 7130
6767 7325
6769 8749
6770 7379
6770 9402
6771 7305
6771 7642
6774 6889
6776 7435
6777 7492
6777 8105
6778 8050
6780 7151
6780 8366
6780 8502
6781 6942
6781 7949
6783 6799
6785 8497
6786 6898
6786 7075
6791 7641
6793 7046
6794 7414
6794 9161
6794 9489
6797 7194
6799 6876
6800 7372
6802 7266
6804 7093
6804 9611
6805 7019
6805 7661
6805 8356
6805 8502
6807 6908
6807 7765
6807 7999
6808 7090
6808 8047
6809 7586
6810 6977
6810 6990
6810 8082
6812 9729
6814 7325
6814 7605
6814 7663
6814 9739
6818 9365
6820 7991
6820 8081
6824 9112
6825 7448
6826 8030
6827 7067
6828 7286
6828 9203
6830 6997
6833 7208
6833 8582
6834 7105
6835 7314
6840 9231
6840 9272
6840 9284
6841 7282
6841 7289
6841 7731
6846 7749
6846 8024
6850 7274
6855 7084
6856 7354
6859 6869
6859 9969
6861 8567
6866 7698
6866 10112
6869 8567
6871 7136
6871 7779
6871 9423
6873 6969
6873 7264
6874 7362
6874 8263
6875 7013
6876 8597
6880 10221
6884 8956
6885 7535
6885 8761
6886 6933
6887 7239
6890 9203
6890 9287
6890 10505
6891 8180
6892 8706
6895 7381
6896 9193
6898 10329
6899 6938
6899 6943
6899 9277
6903 7046
6904 8562
6905 7033
6908 9440
6909 8622
6910 6942
6910 7224
6910 7327
6910 7504
6910 9525
6916 7224
6916 7646
6916 7744
6916 8068
6925 7094
6926 6955
6926 8791
6927 7071
6928 6966
6928 7961
6929 9050
6932 8189
6933 7991
6933 8497
6934 7019
6938 7661
6938 9060
6942 7717
6942 9031
6943 7106
6943 7748
6944 9789
6945 7179
6946 8189
6948 8255
6950 9537
6955 9910
6962 6988
6962 8003
6963 9532
6966 9728
6967 7073
6967 8045
6967 9665
6971 8844
6972 6996
6972 7764
6973 7023
6973 8236
6973 8706
6974 7094
6974 7101
6974 8323
6975 7113
6975 7774
6976 7372
6976 7461
6976 9378
6977 7043
6977 7850
6977 8184
6982 7058
6982 7165
6982 7821
6984 7020
6988 7821
6988 8052
6989 8003
6990 8021
6991 8149
6994 7042
6994 7094
6994 8236
6994 10132
6996 8872
6997 7316
6998 7110
6999 9759
7000 10175
7003 7354
7004 9759
7006 7713
7007 8005
7009 7037
7012 9739
7013 7657
7013 8748
7015 7446
7015 7986
7020 10272
7021 7693
7022 8748
7023 7286
7023 9760
7025 7122
7025 7857
7029 7038
7029 7379
7032 7221
7035 7244
7035 8121
7040 7586
7040 9913
7042 10070
7043 7492
7043 8184
7044 8569
7045 7165
7045 7204
7045 8118
7050 7149
7051 7202
7052 10162
7059 7778
7062 7174
7063 8997
7063 9378
7066 8791
7069 8068
7070 8086
7070 8366
7070 8469
7071 7580
7073 9256
7075 7312
7077 7965
7077 9635
7078 8469
7079 7299
7079 8167
7079 8206
7079 9759
7081 10038
7084 7209
7084 7663
7084 7696
7085 7315
7085 8565
7089 9047
7092 7138
7094 7185
7094 8398
7094 9331
7095 7575
7095 8136
7101 8047
7102 7261
7103 7224
7105 7161
7106 7888
7106 8728
7107 8345
7113 7304
7113 7362
7115 7963
7117 7264
7119 7772
7119 8046
7119 9425
7127 7719
7127 9163
7130 7149
7130 8021
7132 7249
7132 7671
7132 8599
7136 8040
7140 7261
7140 8184
7141 8348
7145 8644
7149 7209
7149 8014
7150 7228
7154 7256
7158 7732
7160 10120
7161 8923
7162 8477
7162 8601
7162 9340
7163 8326
7167 8709
7172 7753
7172 8929
7173 7370
7174 7274
7174 7323
7174 7327
7174 8632
7174 9946
7176 7888
7176 8601
7177 7321
7177 7355
7182 7256
7182 7401
7182 7780
7185 8102
7185 8701
7187 7295
7188 7212
7188 7413
7188 7965
7189 7755
7189 8180
7190 8370
7202 8997
7204 8749
7209 7473
7211 7453
7211 9378
7212 7347
7212 9423
7214 7621
7215 7323
7217 7932
7221 7333
7221 8308
7221 10162
7225 8393
7228 8323
7229 8599
7233 8139
7235 8073
7239 7375
7239 7901
7242 7657
7242 7850
7244 9231
7252 7325
7252 7375
7252 8599
7252 8632
7256 7437
7256 10184
7257 7312
7260 7497
7263 8336
7263 8372
7266 8022
7267 7723
7267 8477
7271 8952
7272 7714
7273 8020
7274 8529
7278 8081
7287 7976
7287 9286
7289 8651
7292 8822
7295 7993
7295 10070
7297 7768
7298 8064
7298 10395
7299 7528
7299 7916
7306 8257
7310 8088
7310 8336
7310 8710
7311 7327
7311 7663
7311 8047
7312 9339
7313 8487
7314 9203
7316 7748
7321 8090
7323 7850
7323 8378
7324 8202
7325 7906
7325 8104
7327 8326
7328 7973
7328 8706
7328 8831
7329 7686
7329 7733
7329 8018
7333 7676
7333 8438
7333 9574
7337 7748
7343 9185
7350 7976
7352 8709
7354 8345
7354 8356
7355 7835
7362 8079
7362 10176
7372 9621
7374 7698
7374 8180
7374 8262
7379 8964
7383 8622
7403 8959
7412 8127
7413 7990
7413 8083
7414 8748
7416 7446
7418 7696
7420 7986
7429 8054
7429 8359
7434 8030
7434 8046
7435 7488
7461 9473
7473 10175
7490 7999
7490 8601
7497 7549
7504 8595
7530 8024
7549 7648
7549 8393
7560 8014
7560 10120
7580 8082
7580 8844
7581 8083
7581 8167
7581 8533
7586 7934
7597 7623
7598 9932
7601 9835
7602 10221
7605 7845
7605 10038
7610 7986
7613 7714
7613 8073
7613 9388
7614 7932
7626 7693
7632 8234
7632 8632
7632 10395
7642 7646
7642 7942
7642 8505
7642 10287
7646 10038
7648 8289
7648 8711
7650 7853
7650 9062
7653 9398
7654 8366
7659 8595
7671 9256
7675 9193
7677 7856
7677 8565
7693 8497
7705 7888
7705 8076
7714 8498
7714 9055
7716 7723
7716 7781
7717 7719
7718 7986
7718 8601
7719 10076
7723 7831
7723 9245
7726 7955
7729 8107
7729 8577
7729 8765
7733 8084
7734 8708
7743 8020
7743 8874
7743 9532
7744 8074
7748 7847
7748 8706
7756 7880
7765 7861
7765 8567
7767 9489
7767 9640
7768 8253
7779 8289
7781 8061
7819 7864
7819 7984
7827 7888
7827 9910
7831 7901
7846 9277
7847 8706
7847 9729
7851 7852
7851 8394
7863 8577
7880 8533
7888 8964
7920 9378
7932 8868
7934 8068
7947 8349
7949 8042
7955 8372
7961 8868
7963 8257
7965 8493
7976 8257
7986 9342
7990 8410
7990 10221
7991 10176
7996 8186
7996 10184
8012 8929
8018 8383
8019 8582
8019 8822
8020 9230
8020 10329
8027 8074
8030 8996
8034 8962
8045 8505
8046 9277
8047 8241
8047 9425
8050 8079
8050 8084
8054 9291
8054 9339
8058 9110
8061 10319
8064 8088
8068 8444
8072 9047
8072 9440
8073 8202
8074 8264
8082 8632
8086 8771
8086 9769
8087 8262
8098 9075
8098 9789
8102 10319
8106 9060
8108 8595
8118 9052
8118 9640
8149 8747
8149 9752
8203 8234
8206 8487
8215 8822
8224 8264
8228 8348
8232 9162
8232 9425
8234 9075
8236 8502
8236 8929
8243 8253
8257 9050
8289 10184
8308 9277
8327 8601
8336 8601
8345 8398
8345 9910
8348 9291
8359 8923
8370 8754
8393 8709
8393 9333
8393 10114
8394 8748
8394 9451
8408 8428
8408 8791
8411 8970
8411 9532
8411 9537
8426 8610
8429 8923
8430 10132
8446 10249
8447 8997
8454 9575
8468 9332
8477 8529
8487 9000
8502 10110
8505 9038
8525 9752
8529 8644
8529 10221
8533 9342
8533 9728
8562 10070
8564 8869
8565 9121
8565 10140
8583 10140
8586 9003
8601 9387
8610 10395
8632 8957
8709 9532
8728 9000
8728 10000
8745 9007
8754 9537
8754 9597
8831 9525
8872 10132
8873 9856
8929 9161
8951 9179
8956 9161
8959 9621
8962 10587
8964 9378
8996 10596
8999 9038
8999 10112
9000 9060
9049 10287
9052 10000
9055 9599
9075 10395
9162 9277
9162 9342
9179 9557
9183 9756
9199 9284
9204 9269
9204 9388
9230 9485
9284 9759
9333 9756
9476 9640
9537 10082
9760 10434
9913 10505
10535 10536
