10000
4 3737
4 4047
4 7453
5 4155
6 1216
6 3456
6 4160
6 4615
6 5003
7 1306
7 3576
7 5501
7 7712
8 726
8 3693
8 4825
8 5872
8 7108
8 7329
8 7717
9 2482
9 3646
9 5824
9 9668
10 1188
10 1670
10 3287
10 3873
10 6747
10 8405
10 8411
10 8858
11 609
11 621
11 1245
11 3921
11 4156
11 8429
12 3102
12 4004
12 4066
12 5551
12 7261
12 9157
13 1338
13 1495
13 2752
13 2997
13 4398
13 4464
13 7931
13 8509
14 1385
14 2303
14 4117
14 7170
14 8824
15 1374
15 2954
15 7154
15 8056
16 1022
16 3358
16 4412
16 4994
16 8478
17 3833
17 7065
17 8524
17 8840
18 5358
18 6712
18 7438
19 8490
19 9182
20 522
20 3228
20 3261
20 3352
22 2072
22 2756
22 3674
22 5384
22 8601
24 3565
24 6786
24 7636
24 9210
25 1129
25 4860
25 6211
26 958
26 2067
26 2538
26 7678
26 7680
27 498
27 2593
27 4252
27 4394
27 4596
27 6062
27 8516
28 1220
28 3102
28 3637
28 3759
28 8460
28 8610
28 9000
29 2045
29 2994
29 4536
29 6703
29 7651
30 1004
30 4001
30 6655
30 7731
30 8951
31 269
31 1350
31 2074
31 3502
31 5729
31 7890
31 8892
32 1200
32 1718
32 2356
32 3733
32 6680
32 9026
33 632
33 1329
33 2936
33 3532
33 5396
34 1117
34 1740
34 3930
34 4236
34 4614
34 6822
34 7509
34 7971
34 8638
34 8836
35 5169
35 7243
36 4284
36 5540
36 5736
37 1709
37 4010
37 7899
38 3436
38 4538
38 4559
38 5169
38 5398
38 6575
38 8517
39 655
39 3487
39 5545
39 6585
39 7641
39 8777
40 674
40 857
40 6835
41 416
41 587
41 1218
41 2761
41 3619
41 6721
41 8755
42 1684
42 2040
42 3315
42 3474
42 4170
42 5762
42 5843
42 6204
42 6821
42 7432
42 7465
42 7919
43 3052
43 6608
43 8977
44 756
44 1473
44 3724
44 4154
44 4201
44 6080
44 6596
45 647
46 589
46 676
46 5956
46 6811
46 7721
47 764
47 3699
47 7123
48 1195
48 2053
48 4277
48 8548
49 1117
49 1236
49 1269
49 3542
49 5144
49 6056
49 7923
50 962
50 8400
51 985
51 5356
52 563
52 1886
52 3683
52 3704
52 6566
52 6684
52 7044
53 458
53 511
53 548
53 3539
53 5982
54 6653
54 7093
54 7642
54 7858
55 776
55 3619
55 7687
55 8398
56 3718
57 6204
57 7663
57 8508
58 3003
58 5987
58 7947
58 8536
88 110
90 229
98 233
249 8818
251 1922
251 2014
251 2476
251 6713
252 1678
252 6167
252 6711
252 6831
252 7628
253 3735
253 4422
253 6807
253 8053
253 8500
254 645
254 5153
256 518
256 5533
257 300
257 3330
257 6572
257 8654
257 8882
257 9038
258 473
258 4087
258 5504
258 9195
259 1117
259 6084
259 7218
259 7440
259 8833
260 1354
260 2321
260 2962
260 7513
268 505
268 3945
268 4430
268 5704
268 7334
268 7372
269 3422
269 4179
269 5464
269 5832
269 6652
270 1254
270 2991
270 3011
270 4027
270 4146
270 6075
270 6621
270 6806
271 6789
272 1303
272 2283
272 4284
272 5854
272 7156
274 828
274 4609
274 8460
279 778
279 8395
283 2948
283 3014
283 3526
283 6140
283 7624
283 7694
284 423
284 467
284 1722
284 4545
285 759
285 3334
285 3703
285 9212
287 1904
287 2253
287 4000
287 4188
287 5734
287 6633
287 8450
288 1364
288 7083
288 7682
288 9031
289 718
289 1670
289 2003
289 3583
289 3762
289 3813
289 4069
289 7082
289 8499
289 8550
291 458
291 4183
291 4418
291 4526
291 4982
291 6838
291 8945
291 9000
292 301
292 4059
292 4227
292 5365
293 565
293 3706
293 4118
293 6700
293 7092
293 7631
294 1312
294 3040
294 4294
294 6231
294 7649
295 1014
295 2281
295 8743
297 1678
297 1921
297 2014
297 6131
297 6610
297 8445
298 2957
298 5109
298 5713
298 8540
300 346
300 1559
300 5207
300 5973
300 7103
300 7258
301 4122
301 6646
301 7501
301 8539
302 651
302 3333
302 4052
302 6190
302 9193
304 1906
305 3029
305 3259
305 4942
306 4280
307 2765
307 4018
307 4428
307 4857
307 6168
307 7522
307 8606
309 2239
309 3007
309 3520
309 4988
309 8442
309 8971
311 2590
311 3018
311 3360
311 4141
313 8577
313 8863
315 317
315 1192
315 6216
316 3453
316 3550
316 7706
316 7954
316 9148
317 577
317 646
317 1117
317 3582
317 4532
317 5384
317 7706
320 2968
320 2986
320 3650
321 2056
321 3604
321 4259
321 5483
321 9650
323 4195
324 2187
324 2575
324 3391
324 3410
325 762
325 1220
325 2004
325 3055
325 3614
325 4110
325 5079
325 8561
326 4862
326 4988
326 8953
326 9205
327 1225
327 2030
327 3675
327 3703
327 6068
327 7729
328 1745
328 6094
328 7117
329 545
329 987
329 4867
329 5517
329 9639
330 723
330 1303
330 1315
330 2536
330 4060
330 8455
331 4065
332 4095
332 7251
333 1366
333 4090
333 6139
333 7903
336 408
336 2996
336 4033
336 7541
336 7731
336 7923
337 948
337 1120
337 3613
337 3790
337 4040
337 4282
337 7682
337 7874
338 632
338 1036
339 860
339 4188
339 6751
340 840
340 2980
340 5066
340 5742
340 7925
341 3997
341 7671
341 7947
342 3980
342 5841
342 6636
343 450
343 4034
343 5366
343 5728
343 7686
343 7909
344 569
344 2966
344 3038
344 3632
344 6583
346 6778
346 8461
347 1115
347 3012
347 3566
347 5817
347 6667
347 6812
347 7365
369 573
369 1366
369 1779
369 4007
369 4484
369 4559
369 5742
369 7716
370 414
370 785
370 829
370 1004
370 2411
370 4623
370 8610
371 4271
372 4140
372 4253
372 6567
372 6590
372 7041
372 7373
373 920
373 1204
373 3310
373 4082
373 4293
373 4893
373 7072
373 8575
374 1790
374 7923
375 588
375 1118
375 1719
375 2095
375 3021
375 4542
375 6635
376 1541
376 2476
376 3700
376 3827
376 4471
376 4500
376 6602
376 6637
376 7644
377 3432
377 4033
377 4533
377 5165
377 6735
377 6839
378 587
378 1188
378 7697
379 597
379 1011
379 1267
379 1380
379 1466
380 1744
380 6758
380 6825
380 8844
382 602
382 1208
382 6131
383 2029
383 2040
383 2100
383 2590
383 2755
383 4076
383 6819
383 7090
383 8023
384 471
384 853
384 2337
384 3045
384 8007
384 8452
385 2996
385 3053
385 5960
386 599
386 2249
386 3008
386 3557
386 3845
386 5518
386 6796
386 6831
386 8578
386 8877
402 7351
402 7692
402 7696
403 3651
403 4482
406 7648
408 3554
408 6562
408 7150
409 517
409 1694
409 1939
409 3598
409 5753
409 7684
409 8466
409 8821
409 9016
410 1109
410 4105
410 4166
410 5137
411 602
411 1385
411 1687
411 2144
411 3048
411 3058
411 5508
412 1098
412 2965
412 3163
412 4081
413 605
413 2415
413 4182
413 6192
413 6603
413 6671
413 8777
414 5161
414 5484
414 6770
414 7370
414 8984
415 8440
416 1690
416 2933
417 3831
417 6207
417 7375
417 8487
417 8966
418 960
418 2975
418 8569
419 3451
419 4153
419 4603
419 6699
419 7715
420 4251
420 4888
420 5109
420 6789
421 1105
421 1132
421 5493
421 6168
421 7648
423 2267
423 4089
424 4032
424 4855
424 6713
424 7168
424 9163
425 6140
425 9669
426 2258
426 3647
426 4293
426 4515
426 6012
426 8537
426 8816
427 860
427 3820
428 567
428 3614
428 5724
428 5964
428 6026
429 3971
429 5364
430 3018
430 4168
430 5348
430 6198
430 6791
431 1038
431 7876
431 8030
431 8407
432 6812
432 7608
432 8434
433 782
433 945
433 5368
433 5707
433 5819
433 7851
433 8489
433 8820
433 8828
433 9047
434 3713
434 4131
434 4545
434 5760
434 6167
435 654
435 1263
435 3647
435 4181
435 7969
435 8530
436 5376
436 8756
436 8822
437 1703
437 3265
437 3440
437 3756
437 4196
437 7077
438 652
438 9157
439 3566
439 4874
439 4887
439 6521
440 569
440 4315
441 2155
441 3666
442 717
442 3033
442 3503
442 3683
442 7475
442 8838
443 968
443 2320
443 3453
443 4281
444 1328
444 5831
444 6589
445 3583
445 3896
445 7677
445 8880
445 8947
446 7889
447 1185
447 4183
447 4871
447 6637
447 6793
447 7258
448 3522
448 4486
448 5784
448 7151
448 8816
449 652
449 3361
450 736
450 1483
450 1742
451 900
451 3542
451 5506
451 6195
451 6572
451 6751
451 8501
452 4112
452 4590
452 7342
452 7693
453 2263
453 2289
453 3812
453 4099
453 5120
453 8545
453 8948
454 1035
454 1261
454 3228
454 4207
454 5922
454 5948
455 1178
455 1347
456 734
456 1315
456 1904
456 6767
456 9681
456 9784
457 2517
457 3485
457 4094
457 4423
457 8410
458 2936
458 7043
459 962
459 2513
459 3811
459 4017
459 4417
459 5969
459 7129
459 8495
459 8858
460 3312
460 6662
460 6757
460 8581
461 766
461 3657
461 3723
461 8514
462 3896
462 5086
462 6119
462 7041
462 7881
462 8855
463 740
463 3742
463 6627
464 1261
464 1939
464 2246
464 7630
464 8948
464 9192
465 2548
465 3038
465 4134
465 7662
465 7686
466 506
466 3745
466 6570
466 6705
467 670
467 1307
467 2054
467 3738
467 3896
467 4504
467 5120
467 6768
467 8842
467 8978
468 814
468 3298
468 7977
469 1014
469 1370
469 2052
469 3584
469 7666
469 9166
470 3947
470 5876
470 7441
470 7630
471 754
472 638
472 1938
472 4506
472 9200
473 552
473 617
473 871
473 2240
473 3317
473 4142
473 4218
473 5964
473 6763
473 8607
473 8881
474 5352
474 6083
474 6673
474 7851
474 8635
475 1529
475 1721
475 6589
475 7715
475 8469
476 3334
476 4861
476 6827
476 8412
477 632
477 2952
477 3287
477 3363
478 519
478 816
478 1975
478 4398
478 4457
479 881
479 2768
479 6616
480 1021
480 1226
480 5363
480 6794
480 7451
481 4131
481 7947
481 9153
482 650
482 1307
482 1353
482 1363
482 2157
482 6051
482 9683
483 1359
483 1978
483 2994
483 3454
483 3640
483 4618
483 5398
483 5867
483 7158
483 8443
484 856
484 3356
484 3621
485 953
485 4045
485 8962
486 5003
486 7720
487 522
487 5123
487 7736
488 954
488 1246
488 2319
488 5968
488 8410
489 1478
489 6198
490 6131
490 6790
490 9213
491 1265
491 3338
491 7435
492 2288
492 7199
492 8645
493 990
493 1373
493 3909
493 4176
493 4614
493 6040
493 6595
493 7068
493 7704
494 1175
494 4174
494 7357
494 8870
495 1029
495 2238
495 2573
495 3700
495 6591
496 597
496 848
496 3573
496 3660
496 6198
496 6753
496 8412
497 1240
497 4160
497 9676
498 1733
498 4510
498 7343
498 8912
498 9039
499 1140
499 8491
500 2947
500 3055
500 4396
500 4942
500 5496
500 8599
501 2770
501 3334
502 876
502 952
502 5960
502 8455
502 8836
503 6009
503 7489
503 8608
504 766
504 1116
504 3024
504 6598
504 7256
504 8410
504 8817
505 1299
505 4311
505 4423
505 7956
505 8876
506 2963
506 9207
507 8612
507 8639
508 4251
508 5908
508 7661
509 2768
509 3266
509 7077
509 7245
510 2535
510 3441
510 7520
510 7948
510 9039
511 585
511 3567
511 3648
511 4214
511 4987
511 5695
512 2921
512 2953
512 5784
512 6672
513 948
513 4291
513 5070
514 1941
514 3442
514 4027
514 4278
514 7953
514 8498
515 972
515 3620
515 8609
515 9150
516 1973
516 3451
516 4418
516 5103
517 1135
517 4212
517 6748
517 7556
518 5020
518 8487
519 6777
520 986
521 759
521 928
521 984
521 1901
521 1919
521 3561
521 6040
522 6075
522 9021
523 976
523 1298
523 1303
523 3531
523 4236
523 8981
523 9021
524 2055
524 2578
524 4052
524 6231
524 6633
524 7688
525 938
525 2095
525 8410
525 8455
527 2243
527 3257
527 3340
527 5066
527 5144
527 5712
541 1677
541 6631
541 6758
541 8520
542 3007
542 3681
542 5489
542 5841
542 6763
542 8547
543 1255
543 4068
543 4251
543 6610
543 6817
543 7364
543 8036
544 3485
544 3618
544 8393
545 1316
545 3297
545 3641
547 735
547 2532
547 7495
547 8639
548 4299
548 5911
549 1127
549 7962
549 8449
549 8462
549 8537
549 9153
550 2482
550 3856
550 7235
551 1236
551 1342
551 1911
551 1959
551 7077
551 8402
551 9668
552 1495
552 1933
552 3486
552 7709
552 7809
562 3644
562 8569
563 8419
563 8557
565 4228
565 8956
567 1483
567 1515
567 3703
567 7164
567 7374
567 8434
571 1560
571 2763
571 3391
573 3299
575 1346
575 1833
575 3734
575 3807
575 4212
575 6828
576 676
576 889
576 1367
576 3350
576 3757
576 4877
576 8831
577 3945
577 6194
577 7480
577 8560
578 925
578 1342
578 1922
578 1952
578 1980
578 3648
578 6191
578 7244
578 9209
584 4106
584 4469
584 6606
584 7355
584 8433
585 1379
585 3980
585 4483
585 4863
585 5370
585 6699
585 8413
585 8438
585 8892
586 3597
586 3814
586 4550
587 710
587 7983
588 787
588 4185
588 6817
589 5804
589 5964
589 6566
589 8457
591 870
591 8539
591 8990
595 6691
596 866
596 1233
596 2403
596 3346
596 3560
597 3001
597 7235
597 7643
598 3333
598 8421
600 817
600 3286
600 3520
600 3847
600 6210
600 8639
600 9158
601 1348
601 3993
601 5161
601 5959
601 8974
602 782
602 1338
602 4229
602 5839
602 8592
602 8976
603 851
603 1101
603 2140
603 3801
603 4003
603 5066
603 5787
603 7513
604 867
604 1354
604 5083
604 6044
604 8605
605 3631
605 4186
605 8599
609 3486
609 4295
609 6677
609 7663
609 8465
609 8581
610 1258
610 3609
610 3969
610 5692
610 6741
610 8421
610 8841
611 1392
611 4254
611 4506
611 7456
611 8707
611 8711
612 4546
616 2281
616 6752
616 7046
617 821
617 932
617 4150
617 6678
617 7890
618 701
618 2580
618 3054
618 3808
618 4510
618 4546
618 6206
618 7458
618 8524
620 705
620 8640
621 889
621 3085
621 3692
621 4278
622 2574
622 3450
622 3464
622 4023
622 4397
622 4469
623 1189
623 2489
623 5518
624 981
624 1191
624 2046
624 5808
624 8029
624 8832
625 2762
625 4057
625 4862
625 6039
625 7101
625 9640
626 1979
626 2436
626 3220
626 5206
626 7441
627 985
627 2065
627 6837
628 1565
628 8611
632 668
632 4308
632 4547
632 6040
632 7068
632 7685
637 867
637 4018
637 4591
638 3476
638 6748
642 2581
642 3581
642 7455
643 2484
643 4506
643 8890
644 1301
644 2330
644 3644
644 4097
644 5496
644 7153
645 768
645 3595
645 4877
645 5386
645 5791
646 1955
646 2526
646 6225
646 8994
647 1721
647 7937
648 1275
648 4069
648 4131
648 4374
648 4857
648 7317
648 7936
649 1495
649 3878
649 4574
649 8985
649 9195
649 9650
650 3589
650 3736
650 5823
650 7906
651 1100
651 4515
651 5181
651 5914
651 6612
652 906
652 2447
652 3639
652 4551
652 7162
652 8011
652 8961
653 6822
653 7156
653 7666
653 7690
654 8977
655 1192
655 1970
655 3023
655 5846
655 6677
656 946
656 3429
656 4262
656 4393
656 8585
658 1744
658 2583
658 6798
664 1529
664 4184
664 5020
664 8777
668 3467
668 5707
669 1559
669 3450
669 4561
669 5844
669 7162
670 2983
670 4193
670 5093
670 7525
670 8619
672 1216
672 3297
672 3582
674 1748
674 2321
674 4480
674 7530
674 7667
674 7683
676 4120
676 5708
676 6702
677 2543
677 3021
677 3344
677 4603
677 5874
677 6754
677 8410
678 1921
678 2921
678 4100
678 5984
678 6147
678 8967
688 6725
688 6743
688 8569
692 1503
692 3700
692 5371
692 7505
693 3303
693 3463
693 3705
693 5835
693 8530
694 1096
694 3050
694 3462
694 3592
694 3675
696 2345
696 2482
696 2760
696 7116
696 8879
701 1196
701 4144
701 8484
701 8953
703 1997
703 3410
703 6662
703 7511
705 1684
705 3283
705 5788
705 8577
707 1473
707 1968
707 4182
707 6734
708 1356
708 1568
708 4470
708 7522
708 8648
708 8878
708 9185
709 1226
709 2056
709 8561
710 4173
710 4214
710 8803
710 9215
711 3042
711 3550
711 7073
711 7137
713 3542
713 3675
713 6646
715 940
715 2258
715 5348
715 6621
715 6689
716 2970
716 7484
716 7665
717 2768
717 3412
717 9150
718 1255
718 2959
718 4084
718 7933
718 8831
719 1280
719 1478
719 2999
719 3675
719 4104
719 4196
720 4115
720 4538
720 6193
720 6801
720 9197
721 993
721 4422
721 6804
722 3002
722 7891
723 1121
723 6518
723 6571
723 8909
724 746
724 2525
724 2552
724 3462
724 6818
724 7064
724 8725
724 9030
725 1913
725 3317
725 3606
725 4607
725 5853
725 6800
725 7727
725 7903
726 5988
726 8516
726 8576
727 8428
728 2979
728 5477
729 1017
729 2760
729 3484
729 3815
729 4021
729 7984
729 8015
731 752
731 3611
731 3966
731 4085
732 3451
732 3674
732 3691
732 6663
732 7633
733 2053
733 3802
733 5545
733 7727
734 5490
734 8027
735 955
735 2079
735 6003
735 6570
735 6804
736 918
736 1241
736 2998
736 6016
736 6231
737 1189
737 3056
737 4044
737 4122
737 6189
737 7608
737 7610
737 8885
737 8899
738 6689
738 9006
738 9150
739 5579
739 9165
740 4994
740 8596
741 1316
741 2170
741 3691
741 8424
742 1179
742 3611
742 6012
742 6808
743 3751
744 932
744 3845
745 3971
745 7105
745 7933
745 8743
747 5760
747 7875
747 9629
751 1915
751 3673
751 4034
751 5153
751 6015
751 6610
751 8570
752 5496
752 6716
752 6824
752 7505
753 910
753 2046
753 4162
753 7876
753 8609
754 1312
754 4515
754 5947
755 2320
755 4870
755 5507
755 7936
756 1036
756 1344
756 1350
756 4144
756 6710
756 7626
757 1110
757 3557
757 4543
757 5965
758 1267
758 5867
759 1710
759 3993
759 5552
759 6570
759 7250
760 1976
760 5386
760 7884
760 8033
761 1096
761 3423
761 3815
761 4573
761 8743
761 9193
762 1686
762 3428
762 8520
762 9036
763 6678
763 7911
763 8006
764 4173
764 5695
764 7330
766 972
766 1971
766 7700
766 8526
766 8832
767 3209
767 5465
767 5492
767 7496
767 8728
767 8995
768 2394
768 8833
769 817
769 3562
769 6191
769 7688
772 2302
772 4096
772 4181
772 5872
772 5988
772 8600
774 1115
774 1929
774 2341
774 4234
774 6660
774 7555
774 7880
776 1111
776 2521
776 7757
776 8546
777 2582
777 3856
777 9156
778 814
778 1966
778 3554
778 3720
778 7525
778 8618
781 1318
781 3023
781 3682
781 5951
781 5965
782 2545
782 3289
782 3587
782 7479
785 3041
785 4316
785 6699
785 8520
786 4262
786 4561
786 6212
787 6617
787 8392
787 9163
797 948
797 6609
797 6625
797 6703
797 6799
797 8435
802 2006
802 7049
804 4284
804 4894
804 5678
804 7142
806 3430
806 4189
806 5920
806 7478
806 8432
813 3463
813 5987
813 7725
814 2302
814 3990
814 4104
814 5386
814 5547
814 8611
816 5121
816 8826
817 843
817 4235
817 4428
817 7500
818 1779
818 2516
818 2968
818 4013
818 7253
819 2401
820 2951
820 3760
821 6597
821 6754
824 1997
824 2281
824 3717
824 4491
824 7892
826 3043
826 3441
826 4309
826 4429
826 4622
826 6585
826 7355
826 7537
826 8776
827 4519
827 6595
827 8021
828 4001
828 5729
828 6688
829 6206
829 8509
834 1936
834 3993
834 6094
834 9011
834 9214
840 5693
840 5825
840 6840
840 8949
843 1196
843 4132
843 5974
843 8599
844 1886
844 2069
844 2981
844 3290
844 3353
844 3356
844 3677
844 4273
844 7483
844 7732
846 2928
846 3293
846 3605
846 4196
846 4489
846 6573
846 7683
846 9205
847 4410
847 6217
847 6775
848 912
848 1211
848 1217
848 1975
848 3682
848 8401
848 8489
849 871
849 1684
849 1920
849 3258
849 5999
849 6726
849 6777
849 8008
849 8506
851 966
851 7627
851 7719
851 8490
851 8822
851 9679
852 1247
852 1980
852 2768
852 3667
852 4221
852 5819
852 8633
852 8702
852 8743
853 2546
853 3959
853 7903
854 4507
854 7471
855 7199
855 7633
856 4005
856 4077
856 5087
856 8855
857 993
857 1311
857 3363
857 3450
857 3720
857 7457
857 8634
858 2926
858 3496
858 4134
858 5123
858 6571
858 7881
858 8517
859 7698
859 8551
859 8937
860 1343
860 1371
860 8959
861 3721
861 4032
861 7962
863 4115
863 7171
863 7651
863 7906
863 8486
863 8581
864 3305
865 2523
866 3280
866 4078
866 4273
866 5516
866 6068
866 6648
866 7865
866 9022
867 1908
867 3425
867 4285
867 4553
867 5787
868 6607
869 2355
869 4496
869 5971
870 1241
870 4250
870 5724
870 6587
870 7523
871 4855
871 5947
871 6831
871 8405
871 8553
872 2352
872 3705
873 1132
873 3428
873 6600
873 6692
873 7158
873 8945
874 3012
874 3239
874 4306
874 4430
874 6598
874 8854
875 3693
875 3819
875 4379
875 4396
875 4858
875 5502
875 6149
875 8415
875 8608
876 2352
876 4065
876 4867
876 6030
876 7690
876 8739
877 4271
877 6062
877 7437
878 7887
878 8650
879 1522
879 7043
879 8970
880 1253
880 1381
880 2048
880 4374
880 5931
880 7653
880 7968
880 8870
881 3916
881 5704
881 6610
881 6743
881 8521
881 8647
882 1307
882 1941
882 2320
882 3013
882 7464
882 8897
883 909
883 2391
883 5494
883 5539
883 5984
883 6748
884 1169
884 1396
884 3261
884 8404
884 8478
885 1131
885 1886
885 5789
885 7858
885 8457
886 943
886 2138
887 2417
887 2765
887 6639
887 8936
888 5819
888 7341
888 7918
888 8618
889 2045
889 2214
889 3542
889 7109
893 6630
893 8956
894 1187
894 1243
894 1305
894 1503
894 3764
894 4105
894 6675
894 8893
895 6697
895 8428
896 3414
896 3791
896 4314
896 4550
896 9007
898 3623
898 3972
898 6159
898 7980
898 8024
898 8056
898 8396
899 4107
899 7913
899 8566
899 8702
899 9191
900 2537
900 2937
901 3291
901 7968
902 3001
902 3361
903 1106
903 1270
903 5965
903 6567
904 2438
904 5475
904 6190
904 6645
904 6835
905 1683
905 2981
905 4573
906 7116
906 7975
907 3604
907 4105
907 6584
908 1504
908 2258
908 2955
908 6673
908 9154
909 1729
909 4127
909 7635
910 3533
910 3662
910 6670
910 7857
910 8011
911 6702
911 8538
912 1370
912 4027
912 6578
913 2253
913 8995
914 1203
914 3800
915 1204
915 1915
915 3443
915 3460
915 4470
915 6162
915 6812
915 8474
915 8567
916 1559
916 1779
916 2355
916 3986
916 4882
916 6611
916 9652
917 2920
917 4404
917 7923
918 3675
919 2412
919 6642
919 8554
921 3532
921 3614
921 8728
922 6750
922 7671
922 8881
922 9034
922 9651
923 1338
923 6684
923 7153
923 8973
923 9640
924 3602
924 7465
924 8635
925 2143
925 3633
925 3991
925 6772
927 1980
927 6561
927 6614
928 4611
928 5518
928 5920
928 6686
929 1900
929 5982
929 6126
929 8404
929 9191
930 1568
930 2096
930 4519
930 6613
930 6727
930 8705
931 5180
931 5357
931 5728
931 5820
932 1329
932 6085
932 6621
932 7062
932 7668
932 7684
932 8903
932 8956
933 3692
933 4875
933 8469
934 2271
934 8401
935 4306
935 4380
935 9015
936 7527
936 8560
936 8587
937 2098
937 6001
938 1341
938 3958
938 4192
938 4463
938 7446
938 7904
939 5463
939 5911
939 8989
940 5740
940 5813
940 9152
940 9644
941 1269
941 1751
941 1932
941 2242
941 3006
941 6702
941 7887
943 3936
943 7094
943 7471
944 1297
944 4023
944 8992
945 4524
945 9784
946 987
946 6706
946 7723
946 8588
946 8889
947 1710
947 2269
947 3945
947 5001
947 7252
947 7701
948 7972
949 4105
949 6159
949 7850
951 4063
951 7689
952 2971
952 3431
952 5754
952 7065
952 8501
952 8513
952 8946
953 2575
953 3422
953 4022
953 7632
954 7157
954 8471
954 8609
955 6191
955 6561
955 7078
955 7660
957 3793
957 4232
957 5695
957 7883
957 8955
957 8966
958 3352
958 6760
959 5367
959 9011
960 8947
961 8975
962 1740
962 6058
962 6570
962 7655
962 7662
963 1912
963 4176
963 7099
964 1110
964 2315
964 3284
964 4634
965 4078
965 5119
965 7929
966 1135
966 3022
966 4145
966 7107
966 7519
966 8557
967 1341
967 5071
967 7657
967 8710
968 1302
968 2009
968 2582
968 2960
968 3332
968 4532
968 4610
968 4889
968 7324
968 7501
968 7858
969 1365
969 3962
969 3989
969 4154
969 5101
969 6579
969 8569
969 8845
970 7049
970 7861
971 1187
971 2156
971 5825
971 7339
971 7702
972 3544
972 3714
972 6185
973 1205
973 4168
973 7892
973 9783
974 3719
974 4000
974 7125
974 8892
974 8959
975 1116
975 1234
975 3429
975 4404
975 5372
975 7086
975 7511
976 4399
976 5707
977 1950
977 3051
977 4026
978 2436
978 4309
978 5086
978 5808
981 3995
981 8465
982 1014
982 3752
982 6777
982 7627
982 7738
984 1197
984 3477
984 4465
984 6143
984 6671
984 8396
984 9035
984 9669
985 3525
985 3718
985 5969
985 7877
985 9014
986 3258
986 4550
986 7075
986 8959
987 3422
987 3596
987 4064
989 2517
989 6633
989 7245
990 3583
992 4180
992 7983
992 8455
993 2006
993 2953
993 7348
993 8460
993 8551
994 2991
994 3033
994 6610
994 6752
994 7948
994 8438
995 3938
995 7098
995 8031
996 2247
996 2751
996 3124
996 3522
996 5079
996 5961
996 6062
997 1218
997 4127
997 4153
997 6625
998 3304
998 3319
998 4039
998 5388
998 7244
998 7541
999 1120
999 3514
999 4142
1000 1378
1000 1687
1000 1752
1000 3847
1000 5356
1000 7317
1001 2982
1001 4155
1002 1193
1002 2027
1002 2156
1002 2751
1002 5114
1002 6743
1002 7708
1003 1885
1003 2473
1004 3806
1004 6655
1005 2241
1005 3264
1005 3912
1005 4118
1005 6767
1005 7609
1006 3590
1006 5914
1006 6623
1006 8726
1007 2180
1007 3296
1007 3555
1007 4128
1007 5016
1007 7349
1007 7658
1007 9160
1008 1881
1008 4090
1008 4285
1008 5907
1008 8491
1008 9195
1009 4493
1009 4525
1009 4572
1009 7462
1010 1482
1010 1683
1010 2515
1010 3592
1010 4087
1010 4477
1010 4852
1010 6801
1010 7125
1010 7140
1010 7865
1010 8970
1011 1694
1011 3261
1011 8487
1011 8755
1012 3343
1012 3487
1012 3614
1012 3945
1012 4593
1012 4893
1012 5087
1012 5787
1013 1679
1013 2406
1013 6195
1013 6565
1013 6715
1013 9153
1014 2995
1014 4425
1014 7652
1014 8507
1016 3471
1016 7731
1016 9033
1017 3413
1017 3610
1017 6588
1017 7141
1019 1211
1019 3609
1019 8483
1020 1236
1020 3315
1020 5494
1020 6732
1020 7160
1020 8443
1020 9181
1021 3807
1021 4882
1021 7553
1021 9146
1021 9676
1022 4596
1022 8467
1022 8706
1023 3625
1023 8975
1023 9785
1025 3436
1025 3646
1025 5020
1025 7157
1026 3573
1026 4049
1026 5972
1026 6722
1026 7526
1027 3448
1027 6153
1028 6522
1029 3641
1030 2975
1030 3527
1030 5157
1030 6616
1030 8738
1031 6630
1031 9031
1033 7254
1035 2143
1035 4414
1035 8727
1036 1966
1036 2045
1036 2249
1036 2521
1036 8406
1036 9001
1036 9035
1037 1116
1037 1325
1037 2070
1037 3442
1037 4822
1037 6656
1037 7887
1037 7910
1037 7951
1037 8710
1037 8837
1038 1040
1038 3439
1038 4142
1038 5874
1038 6709
1095 1168
1095 3054
1095 6026
1096 1752
1096 2040
1096 2249
1096 3011
1096 4263
1096 6667
1096 8959
1097 1350
1097 6650
1097 8731
1097 8739
1098 1968
1098 7953
1098 9046
1100 3042
1100 4064
1100 5112
1100 5623
1101 2146
1101 4131
1101 4877
1101 4890
1101 5476
1101 6749
1101 7499
1101 7713
1101 7962
1101 8897
1103 1927
1103 3444
1103 3461
1103 6750
1103 8907
1104 5066
1104 5922
1104 6609
1104 6674
1104 7356
1105 2526
1105 7716
1105 8502
1106 3921
1106 4412
1106 5994
1106 8437
1107 2155
1107 3610
1108 2577
1108 7155
1108 8803
1109 1359
1109 2078
1109 3437
1109 4114
1109 6739
1110 3310
1111 6029
1111 7943
1111 9014
1112 4224
1112 6171
1112 6210
1112 8562
1112 8655
1113 6007
1113 6063
1113 7608
1114 2419
1115 7206
1115 7660
1116 2261
1116 3009
1116 3012
1116 3413
1116 4497
1116 4593
1116 9150
1117 1685
1117 4289
1117 5877
1117 8894
1118 1399
1118 3829
1119 1212
1119 1678
1119 4876
1119 5715
1120 1679
1120 2004
1120 4155
1120 4402
1120 4881
1120 6167
1120 7085
1120 7100
1121 4140
1121 4556
1123 4007
1123 7454
1124 5749
1124 7051
1124 7170
1125 1515
1125 1737
1125 1911
1125 2770
1125 2970
1125 6134
1125 6585
1125 7911
1126 3285
1126 3435
1126 3521
1126 3718
1126 4380
1126 6198
1127 2281
1127 3520
1127 3920
1127 8480
1128 1685
1128 3006
1128 5483
1128 6807
1128 7631
1129 3671
1129 5101
1129 7672
1129 8467
1130 3490
1130 3604
1130 5845
1130 6680
1131 4179
1131 7329
1132 1920
1132 2761
1132 7106
1133 3264
1133 5788
1133 7081
1134 1310
1134 1979
1134 3686
1134 4270
1134 4885
1134 4994
1134 6574
1134 6710
1134 9168
1135 1397
1135 1913
1135 4129
1135 4597
1135 7631
1135 7639
1139 1979
1140 4269
1140 6710
1140 6777
1164 1377
1164 4219
1164 7433
1164 7648
1164 7661
1164 9003
1165 1334
1165 4286
1165 5950
1165 7968
1165 8824
1166 3482
1166 4421
1166 7099
1166 7756
1167 1185
1167 2754
1167 3634
1167 3736
1167 4611
1167 6562
1167 6634
1168 1755
1168 2534
1168 6080
1168 8441
1169 1172
1169 1554
1169 3429
1171 3339
1171 5500
1171 8604
1172 6062
1172 7244
1173 2138
1173 2518
1173 3350
1173 3720
1175 1979
1175 2379
1175 4111
1175 4503
1175 8490
1176 2980
1176 3292
1176 7901
1178 2000
1178 2098
1178 6680
1178 6747
1179 5919
1179 7070
1179 8780
1181 1739
1181 8647
1181 8953
1181 9017
1181 9185
1185 1932
1185 5908
1185 8704
1187 6805
1187 7112
1187 7164
1187 8952
1188 1343
1188 7046
1188 8032
1189 3698
1189 8744
1190 3696
1190 7165
1191 3429
1191 3793
1191 4163
1191 8776
1191 8964
1191 9168
1192 1208
1192 3050
1192 3557
1192 4305
1192 5623
1192 5762
1193 2185
1193 3692
1193 5101
1193 7457
1194 3761
1194 3821
1194 8527
1195 1941
1195 3749
1195 4865
1195 7067
1196 1374
1196 3329
1196 3337
1196 7857
1196 8056
1196 8650
1197 1370
1197 8890
1199 2477
1199 2490
1199 5206
1199 7648
1199 9670
1200 1956
1200 2132
1200 2543
1200 4120
1200 5510
1200 7069
1200 7652
1201 2430
1201 2965
1201 5388
1201 6016
1201 6808
1203 4863
1203 5788
1203 5988
1203 7921
1203 8034
1204 6763
1204 8420
1205 1920
1205 3639
1205 3896
1205 4133
1205 7083
1205 7976
1206 3330
1206 3613
1206 4418
1206 6761
1206 7465
1206 8989
1207 4255
1207 4280
1207 7086
1207 9183
1208 2338
1208 4507
1208 7325
1208 7475
1209 3638
1209 6131
1210 7642
1210 9015
1210 9183
1211 2056
1211 3572
1211 3700
1211 4866
1211 4874
1212 1238
1212 3017
1212 5109
1212 6523
1212 7623
1212 8838
1213 4118
1213 6776
1213 8973
1214 3059
1214 6602
1215 4229
1215 8890
1216 4167
1216 4469
1216 4499
1216 8410
1216 8541
1217 6565
1217 7085
1217 7960
1218 2975
1218 4208
1218 8863
1219 2074
1219 2990
1219 8471
1219 8817
1220 1927
1220 2145
1220 2551
1220 6201
1220 7530
1220 9649
1221 3018
1221 3738
1221 7433
1223 1522
1223 7064
1223 9002
1225 3323
1226 2484
1226 4015
1226 4293
1226 7107
1226 7109
1226 7685
1227 1305
1227 1313
1227 5725
1227 6828
1227 7938
1229 2046
1229 3259
1229 3451
1229 7635
1229 9018
1231 6756
1231 7955
1231 8898
1232 2170
1232 3290
1232 4167
1232 8590
1233 7690
1233 8054
1234 6186
1234 6660
1234 8425
1234 8966
1236 1267
1236 2935
1236 6603
1236 8402
1236 8852
1236 8888
1238 2531
1238 4865
1238 7652
1238 8541
1240 2250
1240 7519
1241 4166
1241 4202
1241 4458
1241 8456
1241 8492
1242 5970
1242 5971
1242 6816
1243 1368
1243 3582
1243 4270
1244 3021
1244 3742
1244 4015
1244 4603
1244 5704
1244 6587
1244 8636
1245 2582
1245 2940
1245 4005
1245 4164
1245 5089
1245 6639
1245 7976
1246 3264
1246 7206
1246 8032
1247 6044
1249 1362
1250 7119
1251 4217
1251 5479
1251 7865
1251 7920
1252 4500
1252 5522
1252 7673
1252 8578
1253 6028
1253 6149
1253 7110
1253 7518
1253 7657
1254 3455
1254 5021
1254 7453
1254 8974
1255 1266
1255 1356
1255 2521
1255 3057
1255 3610
1255 6806
1258 3045
1258 4079
1258 7691
1259 4594
1259 6758
1259 7110
1259 8437
1260 2240
1260 6583
1260 6643
1260 9024
1261 3443
1261 3485
1261 4879
1261 6825
1261 7471
1263 1771
1263 2293
1263 3557
1263 4313
1263 6629
1266 6101
1266 6792
1267 3303
1267 4465
1267 5162
1267 6720
1267 7098
1267 7961
1268 2283
1268 4110
1268 4235
1268 5707
1268 6709
1268 7329
1268 7528
1268 7674
1268 7727
1268 8528
1269 6616
1269 9149
1270 4407
1270 8840
1272 1362
1272 2013
1272 3562
1272 4406
1273 6801
1273 8615
1275 1297
1275 3589
1275 3647
1275 3993
1275 6646
1275 7611
1276 1475
1276 3718
1276 9023
1279 2022
1279 2920
1279 4050
1279 4142
1280 1367
1280 2766
1280 3635
1281 1304
1281 4273
1281 4504
1281 5947
1281 6719
1297 3363
1297 3673
1297 4537
1298 2543
1298 3873
1298 5523
1298 5692
1298 7957
1299 2515
1299 5161
1299 5846
1299 7754
1299 9205
1300 5505
1300 7652
1300 7692
1300 8443
1301 2992
1301 5484
1301 5804
1301 7100
1301 8439
1301 9205
1302 2491
1302 2550
1302 3257
1302 5194
1303 5736
1303 7892
1303 8503
1304 7115
1304 7461
1304 7689
1305 2336
1305 2515
1305 3691
1305 5708
1305 8844
1307 6815
1307 7727
1307 8477
1308 3469
1309 1364
1309 7245
1310 2953
1310 3741
1310 5170
1310 7956
1311 3363
1311 3554
1311 6621
1311 6712
1311 7317
1311 8035
1312 2078
1312 2314
1312 4864
1312 5082
1312 5375
1313 3759
1313 5161
1313 5375
1313 6619
1313 7610
1314 3538
1314 7047
1315 4421
1315 4852
1315 5943
1315 6145
1315 6703
1315 7469
1315 7730
1315 8519
1315 8878
1316 1745
1316 1950
1316 3407
1316 9031
1318 2072
1318 7075
1318 7469
1318 7718
1321 1372
1321 3616
1321 6128
1325 1672
1325 3058
1325 4181
1325 4222
1325 4456
1325 6199
1328 2931
1328 5093
1328 8618
1329 4887
1329 8022
1331 3948
1331 5989
1331 8006
1331 8999
1334 1920
1334 3303
1334 3625
1334 4553
1334 4887
1334 5983
1335 2012
1335 3873
1335 7918
1336 5853
1336 6518
1337 2261
1337 3847
1337 6732
1337 8515
1338 4207
1338 7328
1339 2403
1339 3502
1339 5758
1340 4566
1341 6056
1341 6724
1341 7102
1341 8817
1342 7521
1343 2095
1343 2429
1343 3614
1343 8951
1345 3589
1345 3704
1345 3959
1345 4036
1345 4479
1345 7498
1345 9041
1346 4064
1346 6051
1346 6159
1347 4481
1347 8018
1348 3045
1348 3529
1348 4122
1348 7739
1349 1684
1349 8996
1351 4886
1351 6579
1351 7060
1351 7947
1352 3971
1352 8998
1352 9629
1353 4089
1353 5855
1353 8474
1353 9165
1354 4491
1354 6647
1354 8568
1355 1367
1355 2951
1355 3335
1355 5747
1355 6777
1355 7645
1355 7953
1356 1719
1356 4290
1357 2983
1357 3616
1357 3717
1357 8487
1357 8644
1358 3634
1358 4572
1358 6702
1358 7890
1359 2945
1360 5808
1360 6656
1360 6750
1360 7256
1360 8755
1361 3314
1361 6769
1362 2269
1362 4010
1362 4622
1362 8006
1363 1954
1363 5483
1363 6186
1363 7739
1364 1938
1364 3945
1364 6219
1364 6574
1364 6577
1364 9191
1365 3617
1365 8633
1366 3343
1366 5207
1366 5525
1366 6796
1366 8587
1367 1496
1367 4228
1367 6751
1367 7449
1367 7678
1368 2099
1368 3029
1368 6586
1368 9019
1370 3328
1370 4375
1370 7669
1371 3623
1371 3674
1371 4546
1371 6091
1371 7627
1371 7669
1371 8960
1372 3428
1372 3737
1372 4875
1372 5909
1372 7711
1373 7556
1374 3023
1374 4258
1374 4878
1374 6835
1374 9150
1377 4424
1377 7100
1378 1772
1378 2766
1378 6777
1378 8898
1379 2000
1379 6806
1379 7636
1380 6005
1380 6592
1380 8736
1380 8849
1381 2760
1381 5623
1381 7618
1384 1906
1384 2955
1384 3356
1384 6623
1384 7612
1385 4095
1385 4205
1385 4822
1385 4877
1385 7122
1386 6588
1386 6646
1386 7923
1392 2277
1392 6610
1392 7429
1396 3788
1396 4040
1396 5845
1396 7372
1396 8730
1397 2268
1397 7957
1399 4193
1410 2185
1410 4126
1410 4555
1410 7369
1410 8643
1414 8636
1459 4478
1459 6728
1459 9651
1463 3847
1463 3856
1463 5207
1463 5724
1463 5945
1463 6078
1463 6676
1463 7374
1465 3310
1465 6162
1465 7100
1466 2337
1466 2948
1466 3486
1466 7058
1470 3163
1470 4062
1470 4470
1470 5363
1470 7081
1473 2069
1473 2548
1473 4551
1473 5522
1473 6041
1473 6747
1473 6823
1475 8464
1478 2220
1478 2532
1478 3054
1478 4489
1478 6566
1478 7433
1478 7985
1482 1723
1482 1885
1482 2278
1482 4230
1482 6817
1482 7160
1482 7737
1482 8458
1483 4175
1483 4212
1483 4296
1483 7047
1484 4017
1484 7137
1484 8447
1495 5523
1495 5545
1496 3996
1496 4890
1496 6666
1496 6756
1496 7643
1496 7680
1496 8443
1497 6167
1497 6665
1497 7969
1503 4077
1503 7117
1503 8817
1504 2394
1504 4306
1504 6152
1504 7624
1504 9220
1506 1508
1514 5872
1514 5958
1514 6128
1515 2053
1515 3641
1517 3704
1517 4892
1522 3553
1522 3682
1522 3994
1522 4568
1522 7104
1522 7492
1522 8459
1522 8937
1523 2219
1523 3305
1523 4131
1523 5710
1523 6073
1523 7867
1523 8444
1526 3923
1526 4893
1529 4553
1529 5877
1529 5912
1529 7095
1529 7258
1529 8846
1539 2230
1539 2931
1539 8986
1540 3687
1540 7332
1540 7337
1540 7440
1541 1948
1541 2768
1541 4381
1541 8652
1554 1679
1554 2547
1554 9020
1554 9215
1559 1698
1559 4257
1559 5499
1560 2241
1560 5623
1560 6573
1560 6615
1560 7154
1564 2187
1564 6210
1564 7520
1565 3457
1565 3958
1565 5075
1565 7636
1565 7910
1565 8022
1565 8486
1565 9191
1568 3535
1568 4228
1569 5076
1569 6056
1570 3341
1570 4282
1570 6650
1570 7098
1668 5484
1668 6702
1668 7109
1668 7958
1669 2416
1669 3704
1669 8643
1670 2001
1670 4111
1670 7893
1672 2378
1672 3436
1672 4876
1672 5755
1672 6740
1672 7613
1673 1909
1673 2249
1673 2333
1673 4006
1673 7076
1673 7708
1674 1685
1674 2320
1674 3484
1675 2941
1675 3962
1677 4413
1677 5540
1677 8418
1677 8831
1678 3342
1679 2267
1679 3916
1679 7446
1679 8507
1679 8652
1680 2294
1680 2417
1680 3412
1680 6016
1681 7982
1681 8401
1682 2531
1682 3285
1682 3363
1682 4428
1683 2767
1683 3938
1683 4176
1683 4410
1683 5501
1683 5835
1683 6816
1683 7455
1683 7732
1684 3821
1684 4098
1684 5164
1684 7717
1685 2951
1685 3591
1685 3720
1685 4533
1685 6076
1685 6200
1685 7630
1686 3333
1687 2406
1687 6713
1687 7521
1688 2164
1688 4639
1688 5982
1688 8879
1689 2543
1689 8507
1689 8711
1690 5181
1690 6562
1690 7878
1690 8727
1691 4028
1691 4460
1691 7738
1692 3360
1692 3577
1692 6199
1692 7679
1692 8588
1694 3483
1694 4415
1694 5789
1694 8575
1695 3806
1695 7681
1696 3878
1696 6624
1696 7251
1696 7469
1698 9003
1698 9155
1699 4380
1699 8720
1700 3427
1700 3456
1700 3619
1700 3647
1700 3930
1700 5356
1700 5955
1700 6836
1700 8540
1700 8644
1701 3607
1701 6758
1703 2942
1703 2952
1703 4410
1703 6747
1703 7671
1703 7878
1703 7940
1703 8730
1705 2163
1705 2997
1705 4568
1705 9041
1706 1922
1706 5946
1706 7740
1709 2067
1709 2351
1709 4104
1709 7513
1709 8545
1709 8550
1709 8977
1710 1739
1710 3561
1710 5819
1711 2417
1711 3923
1711 5351
1711 8596
1711 8736
1711 9028
1714 3009
1714 7247
1714 7635
1714 8587
1714 8975
1714 9012
1714 9669
1717 3633
1717 6178
1718 3467
1718 4221
1718 5144
1718 8525
1719 2001
1719 2263
1719 2302
1719 2987
1719 8576
1719 8735
1719 8965
1719 8988
1720 3575
1720 5673
1720 7068
1720 8023
1721 3280
1721 3470
1721 3621
1721 5522
1721 6742
1721 8501
1721 9018
1722 1980
1722 7505
1722 8474
1722 8776
1723 2538
1723 4869
1723 6637
1723 9680
1729 1923
1729 2525
1729 4129
1731 3292
1731 5201
1733 4158
1733 4477
1733 5704
1733 5946
1733 6209
1733 7624
1734 1976
1734 3282
1734 6657
1734 6765
1734 7428
1736 1745
1736 4392
1736 6688
1736 6762
1736 8023
1737 3267
1737 3479
1737 4561
1737 6665
1737 7141
1737 7732
1737 8968
1737 9196
1738 3139
1738 4068
1738 4571
1738 6569
1738 6828
1739 3405
1739 7372
1740 2583
1740 2767
1740 3964
1742 2045
1742 2751
1742 5082
1742 6837
1744 4416
1744 7432
1744 7437
1745 1913
1745 2351
1748 3473
1748 4412
1749 2219
1749 2574
1749 4466
1749 5505
1749 7732
1750 2246
1750 4207
1750 4872
1750 8998
1750 9207
1751 2762
1751 7463
1751 8833
1752 2337
1752 3337
1752 5168
1752 6521
1752 8519
1752 8731
1755 2542
1755 3818
1755 5436
1755 7152
1755 7374
1771 5817
1771 6010
1771 6127
1771 6583
1771 6674
1771 7712
1771 8649
1772 4538
1772 4546
1772 4593
1772 6627
1772 7870
1772 8056
1773 2403
1773 4176
1773 4217
1773 5988
1773 7327
1773 7615
1775 1970
1775 2936
1779 3288
1779 4153
1779 4871
1790 2531
1790 4524
1832 8499
1833 2937
1833 3569
1833 3793
1833 5673
1833 6126
1833 6754
1833 7109
1833 7693
1843 2957
1843 3048
1843 8841
1881 2937
1881 3989
1881 5379
1881 7879
1885 3364
1885 3471
1885 4202
1885 8577
1886 4201
1886 4480
1886 5725
1886 6711
1886 8440
1888 5730
1888 7235
1888 8413
1898 5496
1898 7083
1898 7228
1898 8523
1899 3554
1899 8649
1900 2212
1900 5462
1900 5737
1900 6777
1900 9020
1901 3330
1901 3557
1901 4164
1903 2145
1903 5738
1903 5823
1903 7680
1904 3015
1904 4016
1904 4295
1904 7634
1905 5085
1905 5213
1905 5477
1906 2056
1906 2378
1907 6002
1907 6219
1907 8500
1907 8818
1908 2412
1908 5384
1908 5554
1908 8817
1909 7050
1909 7092
1909 8608
1910 1919
1910 3496
1910 5999
1910 6120
1910 7730
1910 7923
1911 3943
1911 4537
1911 6751
1911 8449
1911 8564
1911 8817
1912 2583
1912 4021
1912 5947
1912 6205
1912 7871
1913 3618
1913 3690
1913 4040
1913 6753
1913 7725
1913 8803
1915 3714
1915 6753
1915 9217
1919 3026
1919 7458
1920 3815
1920 5533
1920 7251
1920 7912
1921 2537
1921 4425
1921 4639
1921 6013
1922 2483
1922 2525
1922 4097
1922 4156
1923 2540
1923 4456
1923 8881
1924 4212
1924 5379
1927 3323
1927 4151
1929 3994
1929 4100
1929 5705
1929 6699
1929 7723
1930 8420
1932 2993
1932 4295
1932 5972
1932 7673
1932 9019
1933 4275
1933 7977
1934 6645
1935 4164
1935 6630
1936 4090
1936 4153
1936 5180
1936 7714
1937 4021
1937 4473
1937 6145
1937 6823
1937 7351
1937 7676
1938 3618
1939 5166
1939 6786
1941 3993
1941 6657
1941 7158
1941 7946
1941 9000
1947 2928
1947 4425
1947 5088
1947 7939
1947 8431
1947 8994
1947 9167
1948 3025
1950 4076
1950 4419
1950 4567
1954 7059
1954 7669
1954 8397
1955 1974
1955 2931
1955 3531
1955 3700
1955 8839
1956 5486
1956 6130
1956 6139
1956 7057
1957 4551
1957 4556
1957 8020
1958 3576
1958 3614
1958 3902
1958 6585
1958 6786
1958 8993
1958 9187
1959 4021
1959 4565
1959 7934
1960 4032
1960 5178
1960 6747
1961 4280
1966 2943
1966 8608
1968 4044
1968 7056
1969 4407
1969 6807
1969 7058
1969 7327
1971 2982
1971 3558
1972 3420
1972 3555
1972 6821
1972 8885
1973 2294
1973 2928
1973 3413
1973 5381
1974 7625
1975 3736
1975 4560
1975 6723
1975 6822
1975 8470
1975 9644
1976 3555
1976 4874
1976 7526
1976 7650
1976 7936
1977 6147
1977 7164
1977 7704
1977 8009
1978 4008
1978 4234
1978 5973
1978 6725
1979 4539
1979 8031
1980 2396
1980 6574
1980 8571
1981 3000
1981 7929
1981 8887
1981 9153
1997 4258
1997 5921
1997 8728
1998 8710
1999 3563
1999 4496
1999 6093
1999 7254
1999 7626
2000 3359
2000 4084
2000 4092
2000 4269
2000 5124
2001 2946
2002 4170
2003 2304
2003 2756
2003 6159
2003 8505
2004 2337
2004 3794
2004 5090
2004 7078
2005 3758
2005 3948
2005 5082
2005 7635
2006 4987
2006 6573
2006 7098
2006 7950
2006 9182
2007 2593
2007 4872
2007 7512
2007 8844
2009 3597
2009 3793
2009 3827
2009 4203
2012 2366
2012 4521
2013 3547
2013 3649
2013 3718
2013 4044
2013 6619
2013 7260
2014 8840
2015 3622
2015 6170
2015 7513
2015 8446
2015 8518
2018 2185
2018 2575
2021 2947
2021 3331
2021 3360
2021 7923
2023 8435
2023 8460
2024 6707
2024 7345
2025 3699
2025 4028
2025 4612
2025 9180
2026 3442
2026 6582
2027 7716
2028 7635
2029 2151
2030 3623
2030 5972
2030 7908
2037 2038
2040 4047
2040 6169
2040 8937
2041 4454
2041 4534
2041 6610
2041 8025
2046 4251
2046 5072
2046 5213
2046 7048
2048 3483
2048 5503
2048 6603
2048 9639
2049 2288
2049 6735
2049 7530
2051 4551
2051 5957
2051 6715
2051 9785
2052 3920
2052 4559
2052 5957
2053 3687
2053 4314
2054 5134
2055 3603
2055 6723
2055 7471
2055 8742
2056 2477
2056 4131
2056 6069
2056 8464
2065 2921
2065 3921
2067 3634
2067 4020
2067 4106
2067 7650
2067 7663
2068 5501
2068 7466
2068 9165
2069 2758
2069 4233
2069 6656
2070 2413
2070 3522
2070 4046
2070 5525
2071 2421
2071 4019
2071 5081
2071 6640
2071 6669
2072 2981
2074 4156
2074 8829
2077 4506
2077 6610
2077 7114
2077 9196
2078 3420
2079 7148
2079 8427
2082 3029
2082 3675
2082 5352
2082 8591
2084 4046
2084 4611
2084 7697
2084 8426
2086 3631
2086 3930
2086 6039
2086 8459
2086 8756
2086 8839
2091 2356
2091 2995
2091 3856
2091 4980
2091 6194
2091 7910
2091 7953
2095 8438
2096 2333
2096 4188
2096 7341
2098 2578
2098 3257
2098 6209
2098 7436
2099 7139
2099 8465
2099 8605
2099 8963
2100 4485
2100 8641
2100 8900
2103 2956
2103 7093
2103 8556
2131 3318
2131 4017
2131 4557
2131 6579
2131 7242
2132 5738
2132 7052
2132 9018
2138 2476
2138 2943
2138 4279
2139 7063
2139 8831
2140 2241
2140 7364
2142 5212
2143 4164
2143 6010
2143 7715
2144 3257
2144 3266
2144 4035
2144 4183
2144 6742
2145 5123
2145 8509
2146 8965
2146 8990
2149 6028
2149 6646
2149 7084
2149 8459
2149 9783
2150 2543
2150 4088
2151 2172
2151 2421
2151 2767
2151 3289
2151 5361
2151 5692
2151 5762
2151 6218
2151 7692
2155 4029
2155 8964
2156 9042
2157 3674
2157 6812
2158 7335
2158 8576
2160 3730
2160 7354
2160 8708
2163 4589
2163 6133
2163 7115
2163 7693
2163 8450
2164 2247
2164 2517
2164 3647
2164 4503
2164 7083
2170 3791
2170 7374
2172 2319
2172 5514
2172 8497
2172 9028
2173 4422
2173 8983
2180 3623
2180 8726
2181 4194
2181 6712
2181 7251
2185 3481
2185 5179
2185 8903
2187 2251
2187 4257
2187 4307
2187 5973
2187 7325
2187 7908
2212 3056
2212 4888
2212 7475
2212 8518
2212 9679
2214 3349
2214 6690
2217 4495
2217 7490
2219 7047
2220 4271
2220 6196
2220 7168
2225 4523
2231 2927
2231 7665
2238 3790
2238 5872
2238 7690
2238 8035
2239 6521
2239 7864
2240 4379
2240 6776
2240 9220
2241 8646
2242 5790
2242 6610
2242 6670
2242 7541
2242 7623
2242 7945
2242 8405
2242 8702
2242 9644
2243 2587
2243 3665
2243 4187
2243 6639
2243 6693
2243 6732
2245 6217
2245 6592
2245 7095
2245 7983
2246 2590
2246 4611
2246 5101
2246 6781
2246 8857
2247 2342
2247 3576
2247 4404
2249 4053
2249 5913
2249 7340
2249 8017
2250 2588
2250 4515
2250 4877
2250 7938
2250 8825
2251 3564
2251 4870
2251 8428
2251 8646
2252 3001
2252 3576
2252 4551
2252 6734
2252 7469
2252 8604
2253 3282
2253 3523
2253 3565
2253 4533
2258 8988
2261 2262
2261 3660
2261 4478
2261 7152
2262 3358
2262 4464
2262 5119
2262 7610
2263 3563
2264 4084
2264 7702
2264 7908
2264 8015
2264 8565
2266 3582
2267 3355
2267 4281
2267 4296
2267 6195
2267 7639
2268 5783
2268 8609
2269 6076
2269 6808
2270 4410
2270 6806
2271 2936
2271 3057
2271 4378
2271 4569
2271 5537
2271 7057
2271 7968
2272 2488
2272 3428
2272 3584
2272 6031
2272 6193
2276 4491
2276 6680
2276 6790
2276 9639
2277 2447
2278 4886
2278 6633
2282 5359
2282 8533
2283 2770
2283 3023
2283 3490
2283 3591
2283 3596
2283 3732
2284 5509
2284 8567
2284 8638
2288 4161
2288 6658
2288 7160
2288 8967
2289 2999
2289 5715
2289 6673
2289 7496
2289 8834
2290 4130
2290 7090
2290 7159
2290 7331
2290 7628
2290 7886
2293 4290
2293 8726
2293 9205
2294 2551
2294 4856
2294 6590
2294 6741
2296 3351
2296 5710
2296 5961
2301 3482
2301 3790
2301 3818
2301 6578
2301 7453
2302 3355
2302 3943
2302 6665
2302 6673
2303 2314
2303 3457
2303 4169
2303 4187
2303 6579
2303 6604
2304 5547
2305 6068
2305 6190
2305 7371
2305 8960
2309 6797
2309 8803
2314 3023
2314 3647
2314 6076
2314 6521
2314 8438
2315 2394
2315 4206
2315 6217
2315 7373
2316 2489
2316 4180
2316 6621
2316 7122
2316 8887
2317 5398
2317 8533
2318 5789
2318 7982
2318 8803
2320 2764
2320 4859
2320 5713
2320 6591
2320 9202
2321 3440
2321 5512
2333 3546
2333 7366
2335 3442
2335 5831
2335 6521
2336 4497
2337 4052
2337 7091
2338 6225
2341 4148
2341 5783
2341 7137
2341 7364
2342 3638
2342 6566
2342 6820
2343 2982
2343 4481
2345 3310
2351 3993
2351 7920
2351 7982
2351 8440
2351 8603
2351 8801
2351 9669
2352 4314
2352 7852
2352 8597
2352 8648
2355 2516
2355 4400
2355 6825
2355 7123
2355 7153
2355 7738
2356 3474
2356 6523
2356 7471
2356 7680
2365 3573
2365 3809
2365 5385
2366 4045
2366 4280
2366 5364
2366 7084
2366 7645
2378 4218
2378 5366
2378 7521
2378 7672
2378 8971
2379 4161
2379 5206
2379 5789
2380 4214
2380 8744
2391 7918
2392 3786
2392 4062
2395 7876
2395 9161
2396 8566
2396 8596
2400 3330
2400 3793
2400 4278
2400 6728
2400 7897
2400 8524
2400 9185
2401 4491
2401 4892
2401 5620
2401 7675
2401 8816
2403 4169
2403 7972
2403 8492
2406 6592
2406 8598
2406 9157
2409 3408
2409 4110
2409 7687
2411 3586
2411 3732
2411 3966
2411 8560
2412 6760
2412 7713
2413 3139
2413 7365
2415 3461
2415 7350
2415 7698
2416 4232
2416 8440
2417 3668
2418 2442
2418 2767
2418 3721
2418 5089
2418 6729
2419 3638
2419 4316
2421 4116
2421 4609
2421 6653
2427 4546
2427 6802
2427 6822
2427 8950
2429 3355
2430 6152
2430 7739
2430 7933
2436 3028
2436 4614
2436 5819
2436 7249
2436 7958
2436 8499
2436 8641
2436 9031
2438 4468
2438 4526
2438 7123
2438 7218
2441 2763
2441 5921
2441 7055
2441 7615
2441 7894
2442 3045
2442 4374
2442 6149
2442 7091
2442 8987
2442 9024
2447 3831
2447 4376
2450 2942
2450 3526
2450 4862
2450 8409
2450 8940
2451 3725
2451 6785
2451 6806
2451 6819
2454 8436
2473 3597
2473 4010
2476 2982
2477 3438
2477 4560
2477 5849
2477 5873
2477 7124
2477 7350
2480 2481
2482 6051
2482 7921
2483 2758
2483 2760
2483 4611
2484 6797
2485 3764
2485 7194
2486 3921
2486 4006
2486 4398
2486 5827
2487 3240
2487 9146
2488 3994
2488 5499
2488 5621
2488 5734
2488 5755
2488 5971
2488 6841
2488 8502
2489 4015
2489 6093
2490 4214
2490 4219
2490 8417
2491 3445
2491 3504
2491 6632
2491 7145
2491 7480
2510 4153
2510 6664
2510 7614
2510 9001
2513 3638
2513 3811
2513 4454
2513 7475
2513 8552
2514 5690
2514 6138
2514 6656
2514 7370
2514 7929
2514 9682
2515 2574
2516 4260
2516 5115
2516 8780
2517 4155
2517 4281
2517 6682
2518 4222
2518 6605
2518 9650
2521 3558
2521 3718
2521 8880
2522 2592
2522 3621
2522 7640
2522 8035
2522 8594
2523 4112
2523 6680
2523 7362
2523 8403
2523 8480
2523 8979
2525 4167
2525 4183
2525 6056
2525 6779
2525 7699
2526 2545
2526 3009
2526 3291
2526 6787
2526 8710
2527 3353
2527 3503
2527 4853
2527 6735
2527 6827
2528 6048
2531 3994
2531 6599
2531 6722
2531 9782
2532 3288
2532 3551
2532 7120
2533 4037
2534 7108
2534 8463
2534 8612
2535 6214
2535 7366
2535 7687
2535 7705
2535 8959
2535 9024
2536 3031
2536 7139
2537 2956
2537 3031
2537 5500
2537 6120
2537 7633
2537 7704
2537 8519
2538 3786
2538 5739
2538 5849
2538 7079
2538 7144
2538 7475
2539 3606
2539 4528
2539 7106
2539 9003
2539 9197
2540 4484
2540 6716
2540 7629
2540 8760
2540 9183
2541 2937
2541 3319
2541 4234
2541 7463
2541 7929
2542 3010
2542 4185
2542 7893
2542 8576
2542 8708
2543 4427
2543 6613
2543 7071
2543 8725
2544 3477
2544 3698
2544 4550
2544 7435
2545 6607
2546 3601
2546 5347
2546 8422
2547 3548
2547 4421
2547 4532
2547 7657
2548 4980
2548 7498
2548 9190
2549 4206
2549 4208
2549 7479
2550 3363
2550 3598
2550 3720
2550 4498
2550 7097
2551 4004
2551 4068
2551 6050
2551 6570
2552 7316
2573 3465
2573 7693
2573 7875
2574 2943
2574 3750
2574 4014
2574 4229
2574 5706
2574 7235
2574 7862
2575 3011
2575 3027
2575 3930
2575 4279
2575 7100
2576 3804
2577 4048
2577 4259
2577 4478
2577 6672
2577 8831
2578 3531
2579 2967
2579 4854
2579 5839
2579 8876
2579 8971
2580 3038
2580 5074
2580 5853
2580 7373
2580 7437
2581 3531
2581 5137
2581 8499
2581 8702
2581 8703
2582 5762
2582 5949
2583 2992
2583 8470
2584 4532
2584 5746
2584 5950
2584 8714
2584 9782
2586 3057
2587 4544
2587 5397
2587 7074
2587 7449
2587 7731
2588 3745
2588 3909
2588 5090
2588 5486
2588 6069
2588 6770
2588 7652
2590 4504
2590 5525
2590 7324
2590 8527
2591 3827
2593 7105
2593 8739
2750 3620
2750 3693
2750 5693
2750 5846
2750 7714
2750 8509
2751 6143
2751 7325
2752 3330
2752 3560
2752 4151
2752 6711
2752 6738
2753 3553
2753 5974
2754 4506
2754 7119
2754 8503
2755 3490
2755 8552
2756 5079
2756 9152
2757 3559
2757 3565
2757 8603
2757 9200
2758 3557
2758 3596
2758 7522
2758 7641
2758 9784
2759 2982
2759 6010
2759 6201
2760 6612
2760 7664
2760 9046
2761 7757
2762 4129
2762 7890
2763 3298
2763 4187
2763 4471
2763 6674
2763 7242
2763 8591
2764 3496
2764 7053
2765 3524
2765 6825
2766 4392
2766 6203
2766 8715
2767 6794
2767 8507
2767 8827
2768 4040
2768 6571
2768 6701
2769 3355
2769 4224
2769 4502
2769 7947
2769 9217
2770 3963
2770 6196
2770 6762
2770 7330
2771 8412
2771 8707
2864 2877
2920 3451
2920 3533
2920 7045
2920 7530
2920 8988
2921 3474
2921 4124
2921 4375
2921 7685
2921 8403
2924 5824
2924 7728
2924 9153
2925 3811
2925 8481
2927 4486
2927 6772
2927 7052
2927 7688
2928 3421
2928 4873
2928 6048
2928 8558
2929 3444
2929 3726
2929 4501
2930 3315
2930 4515
2932 4213
2932 4894
2932 8448
2933 4290
2933 6144
2933 8653
2934 3439
2935 2990
2935 4001
2935 5813
2936 5975
2937 3520
2937 4481
2937 8612
2937 8741
2938 3348
2938 3587
2938 3923
2938 5741
2938 6809
2939 4623
2940 3347
2940 4012
2940 6093
2940 6134
2940 7342
2941 5711
2941 5867
2941 6726
2942 5371
2942 6586
2942 6756
2943 3713
2943 3989
2943 4127
2943 4518
2943 6147
2944 3576
2944 5388
2944 5552
2945 3833
2945 5727
2945 5813
2945 7242
2946 5397
2946 8978
2947 3598
2947 5987
2947 7711
2947 8570
2948 8417
2949 2985
2949 4867
2949 8906
2950 3748
2950 6716
2950 9031
2951 3258
2951 9161
2952 6613
2952 6752
2952 8591
2953 3058
2953 4392
2953 8569
2954 6612
2954 8486
2955 3572
2955 9169
2956 3800
2956 4979
2956 6131
2956 6146
2956 7342
2956 7480
2956 8731
2956 8983
2957 3587
2957 5565
2958 4164
2958 8704
2958 9024
2960 4124
2960 6016
2960 7428
2960 7685
2961 3587
2961 4003
2961 8587
2962 6645
2962 7058
2963 2972
2963 4127
2963 6196
2963 8730
2965 6026
2965 6590
2965 6657
2966 3746
2966 5206
2966 6209
2966 6585
2966 8497
2967 3625
2967 4199
2967 8522
2967 9681
2968 6128
2968 6805
2968 8539
2969 6586
2969 7242
2969 7431
2969 7870
2970 3889
2970 4823
2970 6216
2970 7951
2970 8891
2970 9012
2971 4098
2971 4478
2971 5354
2971 6684
2971 9168
2972 3874
2972 6766
2975 3336
2975 4622
2975 7980
2975 8406
2975 9039
2976 3990
2976 4308
2976 8638
2977 4618
2977 4825
2977 5181
2978 3062
2978 5075
2978 5709
2978 6050
2978 7087
2980 3480
2980 3930
2980 6679
2980 7145
2980 7850
2981 3018
2981 4035
2981 6764
2981 7809
2981 8517
2981 8886
2982 4477
2982 6594
2982 7325
2985 3000
2985 8645
2985 8971
2986 3004
2986 3971
2986 8423
2987 3725
2987 4040
2987 7375
2987 8030
2988 7046
2988 7465
2991 7874
2991 8444
2992 8468
2993 4422
2993 7218
2993 7734
2994 3280
2994 3446
2994 4517
2994 5503
2996 7950
2997 3291
2997 6628
2997 6773
2997 6811
2997 7679
2997 8516
2998 5016
2998 5539
2998 6743
2999 6012
3000 7162
3001 5512
3001 7498
3002 3328
3002 3605
3002 6777
3002 7112
3003 3362
3003 6009
3004 3338
3004 4869
3004 7490
3004 7898
3005 4141
3005 5975
3006 4565
3006 7098
3006 9182
3007 4048
3007 4498
3007 5749
3007 6678
3007 6703
3007 8821
3009 4481
3009 7715
3009 8476
3011 3668
3011 5753
3011 6080
3011 6643
3012 4404
3012 7064
3012 7371
3013 3477
3013 3518
3013 7969
3013 8411
3014 3585
3014 4219
3014 7524
3014 7704
3014 7916
3015 5531
3015 8405
3015 9028
3016 4266
3016 4883
3016 5436
3016 5550
3016 6039
3016 6045
3016 6209
3017 4132
3017 7144
3017 8415
3021 6587
3023 4231
3023 6823
3023 9153
3024 5201
3024 9640
3025 4040
3025 4454
3026 4482
3026 8439
3026 9009
3027 4537
3027 8524
3027 8820
3027 9195
3029 3986
3029 5695
3031 3737
3031 4492
3031 9197
3033 5162
3033 5512
3033 6179
3034 4551
3034 7347
3034 8950
3035 5153
3035 5673
3035 6216
3035 7715
3035 8739
3036 4161
3036 5162
3036 6587
3038 6597
3039 4546
3039 5547
3039 7972
3039 8708
3040 6068
3040 6733
3040 6767
3041 3477
3042 6126
3043 4122
3043 7498
3044 7144
3044 7489
3044 8561
3044 9785
3045 4379
3046 6153
3046 6708
3046 8537
3047 3124
3047 4088
3047 6232
3047 7094
3048 3329
3048 4180
3048 6041
3049 3448
3049 8643
3049 9783
3050 4252
3050 4855
3050 4860
3050 5843
3050 6095
3052 3603
3052 6002
3052 6194
3052 6834
3052 7147
3052 7155
3052 8955
3053 4229
3053 4850
3053 7908
3053 9183
3054 3303
3054 4273
3054 5971
3055 3487
3055 4122
3055 7454
3055 7971
3056 3355
3056 3723
3056 3748
3056 7726
3056 7865
3057 4204
3058 4860
3058 4982
3058 8908
3059 3590
3059 4207
3059 8035
3061 4539
3061 9214
3062 5919
3062 7660
3075 3081
3085 4199
3085 7696
3085 7884
3085 8471
3085 8704
3102 5084
3102 5743
3102 7104
3102 7165
3124 5727
3124 8405
3124 8491
3139 3945
3139 3948
3139 8435
3150 3265
3150 3474
3150 6051
3150 7372
3150 7456
3150 8990
3163 4078
3163 5839
3163 6051
3163 6230
3163 8551
3180 3446
3180 3599
3209 4114
3209 4461
3209 6618
3209 7374
3220 7102
3220 8743
3222 3225
3228 3527
3228 7674
3228 7712
3228 8509
3240 3717
3240 8403
3240 8645
3255 4882
3255 5907
3255 6143
3255 7527
3256 4594
3256 5525
3256 7050
3257 7115
3258 4564
3258 4640
3258 5693
3258 7059
3258 7650
3259 4316
3261 3391
3261 4399
3261 5162
3261 6603
3261 8654
3261 9025
3264 5681
3264 8652
3264 9181
3265 3604
3265 4052
3265 6084
3265 6613
3266 7527
3267 4309
3268 7206
3269 8501
3270 3346
3270 6783
3278 3333
3278 9670
3279 4528
3279 5983
3279 8899
3279 9001
3280 3696
3280 4497
3280 6835
3280 8461
3280 8602
3281 7691
3281 8564
3282 3442
3282 9159
3282 9205
3283 3313
3283 4006
3283 7648
3283 7683
3283 8454
3283 8954
3284 4250
3284 4410
3284 5357
3284 7471
3285 3800
3285 7961
3286 6191
3287 3994
3287 4137
3287 5545
3287 6589
3287 7478
3288 4873
3288 5724
3288 7524
3288 7525
3289 4890
3289 6564
3290 4533
3290 8416
3291 3720
3291 3938
3291 7940
3292 6711
3292 8056
3292 9187
3293 6588
3293 7152
3294 3921
3294 4003
3294 5194
3294 6687
3295 5958
3295 7258
3296 3323
3296 5975
3296 6119
3296 6677
3296 7946
3296 9208
3297 4517
3297 6705
3297 7470
3297 7809
3297 8400
3298 3606
3298 3961
3298 5087
3298 6660
3299 7249
3299 7474
3299 7753
3303 4526
3303 5170
3303 6206
3303 6716
3303 9191
3304 4010
3304 5067
3304 7114
3304 8536
3305 4564
3305 5706
3310 4609
3311 3622
3311 5958
3311 7206
3311 8734
3312 3695
3312 4567
3312 7634
3313 3535
3313 5730
3313 6000
3314 4395
3314 4606
3314 8864
3314 9215
3314 9784
3315 7248
3316 5712
3316 7257
3316 8857
3316 9181
3317 3743
3317 3812
3317 8021
3317 8870
3318 3700
3318 4018
3318 6567
3319 9041
3323 3565
3323 4473
3323 7083
3325 6041
3325 7695
3325 8829
3328 3986
3330 3349
3330 4478
3330 6799
3331 4276
3332 4037
3332 4047
3332 7482
3332 8650
3333 3682
3333 4513
3333 7716
3333 8760
3334 7070
3334 8648
3335 4417
3335 7258
3336 6621
3336 7884
3338 4222
3338 7068
3338 7537
3339 4009
3339 5463
3341 8879
3342 3751
3342 4177
3342 5825
3342 6835
3342 8702
3343 7354
3343 8826
3344 4413
3344 5854
3344 8404
3345 3461
3345 6667
3345 6768
3345 8465
3345 8592
3345 9016
3346 3423
3346 3691
3346 3974
3346 5107
3346 5197
3346 8514
3347 4850
3347 7243
3348 4403
3348 6708
3348 7206
3348 7495
3348 8459
3349 7635
3349 8462
3350 9783
3351 3958
3351 5071
3351 5972
3351 6618
3351 8954
3352 4211
3353 3819
3353 4014
3353 7448
3353 8463
3354 5492
3354 7895
3355 7351
3355 8025
3355 8484
3355 8973
3356 5016
3356 5851
3356 8618
3356 8714
3358 3692
3358 6572
3358 6821
3359 5871
3359 6744
3359 6794
3359 7702
3359 7726
3360 7675
3360 7679
3360 9201
3361 3556
3361 5379
3361 5529
3361 8607
3361 9032
3362 4022
3362 5575
3363 3607
3363 4546
3363 5538
3363 8493
3364 9023
3368 5753
3369 4424
3369 7618
3369 8009
3371 3381
3391 4047
3391 4174
3391 6815
3391 7658
3400 3404
3405 4396
3405 6573
3405 7937
3405 8437
3405 8635
3407 5964
3407 6126
3408 3496
3408 3630
3408 4181
3408 4187
3408 7698
3408 9041
3409 4486
3410 4606
3410 5951
3411 4025
3411 4173
3411 5197
3411 5522
3411 8618
3412 3909
3412 4427
3412 7058
3413 3533
3413 6838
3414 7500
3414 7661
3420 3764
3420 4173
3420 5361
3420 6128
3420 9155
3421 3752
3422 4546
3422 5965
3422 5975
3422 6214
3422 7984
3422 8870
3423 5749
3425 3504
3425 4866
3426 3692
3426 7495
3426 8953
3426 9162
3427 4574
3427 7902
3428 3938
3428 7342
3428 8404
3428 8518
3429 7647
3430 4605
3430 5361
3430 5706
3430 7522
3430 8431
3432 4183
3433 3814
3433 4196
3433 5486
3433 6837
3433 7123
3433 7152
3434 3514
3434 7626
3435 4180
3435 5168
3435 5366
3435 7918
3435 8464
3435 8478
3435 8541
3436 3687
3436 6772
3436 7635
3437 5504
3437 7712
3437 8760
3438 4129
3438 4232
3439 4257
3439 5988
3439 6592
3439 6736
3439 6810
3439 8708
3439 9025
3440 7886
3441 6818
3441 8478
3441 8490
3442 3748
3442 5511
3442 5635
3443 3673
3443 4206
3443 7164
3444 4613
3444 4874
3445 3526
3445 4012
3445 5212
3445 5908
3445 8029
3445 8777
3446 7129
3448 4855
3448 5531
3448 8706
3449 3699
3449 4491
3449 6662
3449 7462
3450 5123
3450 8906
3451 3543
3451 5373
3451 7899
3451 8467
3452 8494
3452 8654
3452 9029
3453 3530
3453 4607
3453 7348
3453 8570
3454 7070
3454 7980
3454 8893
3455 4508
3455 7519
3456 5395
3456 7121
3456 7684
3456 8542
3457 7143
3457 7731
3457 7906
3458 5121
3458 7088
3458 8532
3459 7358
3459 7431
3459 9669
3460 4231
3460 6591
3461 4543
3461 4573
3461 6606
3461 7460
3462 5826
3463 8566
3464 5855
3464 7914
3465 4070
3465 4559
3465 8018
3465 9629
3466 3658
3467 4638
3467 7186
3467 7485
3469 4558
3469 9676
3470 5501
3471 7458
3471 7701
3471 8971
3473 4133
3473 5199
3473 5479
3473 5551
3473 7331
3473 8597
3474 3502
3474 3548
3474 3623
3475 4504
3475 8646
3476 4220
3477 4605
3477 5672
3477 6572
3477 6591
3477 7662
3477 7858
3478 3553
3478 4881
3478 7753
3479 5825
3479 6758
3479 7946
3480 7257
3480 8469
3481 7524
3482 4066
3482 4881
3484 4146
3484 5812
3484 7611
3484 8895
3485 5487
3485 6663
3485 7047
3486 3544
3486 5164
3486 5737
3486 8451
3486 8637
3487 4479
3487 4509
3487 7108
3487 9039
3488 3808
3488 4164
3488 4513
3488 6676
3488 7677
3488 8422
3489 4822
3489 5093
3489 5821
3489 7912
3489 8711
3489 9046
3490 3523
3490 4273
3490 5378
3490 8392
3490 8470
3490 8531
3490 9155
3491 7955
3496 5090
3496 7342
3496 8518
3496 8570
3502 4216
3502 4417
3502 9022
3503 9739
3504 8515
3505 6597
3514 6598
3514 6652
3514 8600
3514 8975
3518 5711
3518 6143
3520 4373
3520 6195
3521 7530
3521 7913
3522 7463
3523 3607
3523 5994
3523 6648
3523 7923
3524 6819
3524 7955
3525 3568
3525 6003
3525 6731
3525 8035
3527 4149
3527 6600
3527 6685
3527 7541
3527 8053
3529 7473
3529 7526
3529 8398
3529 8447
3530 3552
3530 4882
3530 7668
3531 6237
3531 8975
3531 9023
3532 4485
3532 4979
3532 5840
3532 6776
3532 8881
3533 5871
3533 7446
3534 4615
3534 8955
3535 4229
3535 8453
3536 4053
3536 6560
3536 9016
3537 3620
3537 4179
3537 7972
3537 9189
3538 4546
3538 7645
3539 3612
3539 7525
3540 4508
3540 5978
3540 8619
3540 9669
3542 5746
3542 5966
3542 7157
3542 8025
3543 4537
3543 5498
3543 5806
3544 5398
3544 5791
3544 7244
3545 4559
3545 8451
3545 8516
3546 4866
3547 4399
3547 4501
3547 6839
3548 3756
3548 4509
3548 6826
3549 3696
3549 4123
3549 6820
3549 8996
3550 5761
3551 4987
3551 7078
3551 8411
3551 8514
3552 4398
3552 7479
3552 8502
3552 8778
3553 5545
3553 5820
3554 6190
3554 6835
3554 8458
3555 5578
3555 7518
3556 4013
3556 6754
3556 7889
3556 9031
3557 3639
3557 3647
3557 4149
3557 6214
3558 7345
3559 4552
3559 7683
3560 4869
3560 8470
3561 3762
3561 4568
3561 9191
3562 3831
3562 3974
3562 7244
3563 3752
3563 4166
3563 5690
3563 6232
3564 4232
3565 4234
3565 6207
3565 7144
3565 7899
3565 8485
3566 3975
3566 7049
3567 5815
3567 6674
3567 8701
3569 4036
3570 6131
3570 7472
3570 8467
3571 5951
3572 4214
3572 5734
3572 7084
3572 8893
3573 3601
3573 4155
3573 7041
3573 7731
3574 6696
3574 7482
3574 7953
3576 6622
3576 7362
3576 8480
3576 8585
3577 4545
3577 5521
3577 6001
3578 4495
3578 7636
3578 7954
3579 8604
3580 4227
3580 7081
3580 9183
3581 5835
3581 6518
3581 6580
3581 7623
3581 8508
3581 9207
3582 5978
3582 6167
3583 9009
3583 9153
3583 9710
3584 4508
3584 5988
3585 5071
3585 6599
3586 6207
3586 6690
3586 8021
3587 4507
3587 4603
3587 4855
3587 5843
3587 8505
3588 6655
3588 6748
3588 8594
3589 4127
3589 4261
3589 7878
3590 4428
3590 5806
3590 6677
3590 8433
3590 8480
3591 6664
3591 7672
3591 7903
3591 9019
3591 9149
3592 4158
3592 7076
3594 4496
3594 7081
3595 5693
3595 6830
3595 8487
3595 8541
3595 9667
3596 4381
3596 4469
3596 7701
3597 7250
3597 9217
3598 8828
3598 9185
3599 4039
3600 8940
3600 8958
3601 4536
3601 4851
3601 8413
3602 8493
3602 9150
3603 4870
3603 7332
3604 7730
3605 4207
3605 7675
3606 4116
3606 4413
3606 5351
3607 5168
3609 6840
3609 8725
3610 5167
3610 5497
3610 8032
3610 8897
3611 3690
3612 4251
3612 6669
3612 8948
3612 8981
3613 3620
3613 6576
3613 7948
3613 8536
3613 9021
3614 4556
3614 5825
3614 7334
3614 8619
3615 4405
3615 8983
3616 4270
3616 7042
3616 7740
3616 8891
3617 5134
3617 7350
3618 4612
3618 6143
3618 8957
3619 3829
3619 7429
3619 8892
3619 9644
3620 4254
3621 6190
3621 7724
3622 4607
3622 6778
3622 8551
3623 3808
3623 4041
3623 7526
3623 8504
3623 8573
3625 3726
3625 5873
3625 7335
3629 6653
3629 6721
3629 8980
3630 7636
3632 4611
3632 6564
3632 7055
3632 8906
3632 9683
3633 4501
3633 5369
3634 4399
3634 5079
3634 7372
3634 7871
3635 3806
3635 8850
3637 4192
3637 4972
3637 5499
3637 6101
3637 7430
3637 7530
3637 9012
3638 3975
3638 6701
3638 6746
3638 7671
3639 7984
3640 5514
3640 5987
3641 4419
3641 5831
3641 7883
3644 5705
3644 7235
3644 7950
3645 5178
3646 5704
3646 6521
3646 7712
3646 9156
3647 8436
3648 4014
3648 4043
3648 4889
3648 9198
3649 7701
3649 7891
3650 6655
3650 8998
3651 3696
3651 5565
3657 4429
3657 7142
3657 7672
3657 8412
3658 7122
3660 4224
3660 6581
3660 7707
3662 4573
3662 5137
3664 3687
3664 7939
3666 8008
3666 8030
3667 7693
3667 8635
3671 3674
3671 3939
3671 4306
3671 4428
3671 7348
3673 7712
3673 7935
3674 4622
3674 8633
3675 5496
3680 5750
3680 7717
3680 7921
3681 5943
3681 9034
3683 6825
3683 7110
3683 8912
3683 9182
3684 4590
3684 7712
3686 5961
3686 6152
3687 5074
3687 7085
3687 7718
3689 3807
3689 4105
3689 6660
3689 7648
3689 8982
3690 6002
3690 6627
3690 7116
3690 7691
3691 6586
3691 6636
3691 6762
3692 5531
3692 6132
3692 7064
3692 8896
3693 4079
3693 5970
3694 5677
3694 7099
3694 7690
3694 8802
3694 9012
3695 4266
3695 4825
3695 7711
3695 9712
3696 4421
3696 5525
3696 7335
3696 9159
3697 5002
3697 7886
3698 7635
3698 8837
3699 5506
3699 6625
3699 7051
3699 9782
3700 4120
3700 5733
3700 7882
3701 5725
3701 5987
3701 6792
3701 9148
3701 9164
3702 5949
3702 7432
3703 8023
3703 8056
3703 8494
3704 6631
3704 6689
3704 6839
3704 8393
3705 4013
3705 6636
3705 8936
3705 9656
3706 4511
3706 7919
3713 8416
3714 4028
3714 8594
3717 4287
3717 5358
3717 8973
3719 7740
3719 7852
3719 8422
3719 8432
3720 3938
3720 4510
3720 7851
3721 5076
3723 4114
3723 4185
3724 3733
3724 4134
3724 5475
3724 6800
3724 8023
3724 8542
3725 4028
3725 4268
3725 4556
3725 7432
3725 7646
3726 5739
3726 6710
3730 3980
3730 4181
3730 4280
3730 5676
3730 8461
3731 4150
3731 4894
3731 7150
3731 7912
3731 8549
3732 8991
3734 5621
3734 6670
3734 6772
3735 3805
3735 3993
3735 4155
3735 5947
3735 6062
3735 6580
3735 6796
3736 9218
3737 4513
3737 8881
3738 4867
3738 7337
3738 7501
3738 8417
3738 8536
3739 4045
3739 4379
3740 8701
3742 7809
3742 8948
3742 9035
3743 7475
3743 7901
3743 8574
3745 8801
3745 9640
3746 3847
3746 4109
3746 9217
3747 7636
3747 8542
3747 8650
3748 3996
3748 4126
3748 5545
3748 7317
3748 7952
3749 4410
3749 5483
3749 6204
3749 7935
3750 7449
3751 4097
3751 8427
3751 8548
3751 8578
3751 9164
3752 4165
3752 4311
3752 4634
3752 4942
3752 7441
3752 7728
3752 8710
3753 5920
3753 7625
3753 7938
3753 8490
3754 5499
3755 3991
3756 4509
3756 6169
3756 7046
3756 7145
3757 4118
3757 7358
3758 7962
3759 7448
3759 8983
3760 7140
3760 8019
3761 6230
3761 6641
3762 6193
3762 7715
3762 7961
3763 4087
3763 6153
3763 6199
3763 8532
3763 9185
3764 5071
3764 6707
3764 8983
3786 5164
3786 7457
3786 8618
3787 7237
3788 4007
3788 4392
3788 6052
3788 7206
3789 4519
3789 5672
3789 7350
3789 8495
3790 3948
3790 5506
3790 6001
3790 6737
3790 6750
3791 7160
3792 4003
3792 4276
3792 5112
3793 3971
3793 8006
3793 8829
3794 4176
3794 5966
3795 7057
3795 7985
3795 8526
3800 6621
3800 9650
3801 8701
3802 4025
3802 5475
3802 6694
3802 7918
3803 4612
3803 7055
3803 8841
3804 7369
3805 6708
3805 8008
3806 4412
3806 5556
3807 9027
3811 4108
3811 6622
3811 6656
3811 7357
3811 9038
3812 7080
3812 7372
3812 7482
3812 8451
3813 5079
3813 5565
3813 7497
3813 9020
3814 6578
3815 7719
3815 8029
3815 8476
3815 8891
3818 4162
3818 5733
3818 6836
3818 7654
3818 8535
3818 9025
3819 8884
3820 4007
3821 6205
3821 7149
3827 6178
3827 7727
3827 7946
3829 4272
3829 4854
3829 6791
3831 3920
3831 6691
3831 8959
3833 5529
3833 8432
3834 5737
3834 8714
3844 4224
3844 7927
3844 7937
3844 8738
3845 6622
3845 7731
3845 8644
3856 5387
3856 6679
3856 7145
3873 4567
3873 8993
3874 4081
3874 7064
3878 6218
3889 5965
3889 6737
3889 7926
3896 4085
3896 6044
3902 5672
3902 7615
3902 8638
3902 9022
3909 5839
3909 5949
3909 8647
3911 6167
3911 6695
3911 7078
3911 7459
3911 7719
3912 4113
3912 4397
3916 4014
3916 4130
3916 6211
3917 6572
3917 7629
3917 7916
3917 8505
3919 4378
3919 6689
3919 7438
3919 7695
3920 9201
3921 6212
3921 8553
3924 5957
3930 6610
3930 7170
3930 8846
3930 8975
3935 4488
3935 5847
3935 7324
3935 7894
3935 8392
3936 5678
3936 5959
3938 7915
3939 4188
3939 6837
3943 5085
3943 5464
3943 9146
3945 5514
3945 6742
3945 7922
3947 4000
3947 4116
3947 4823
3947 7258
3947 7875
3948 5556
3948 5919
3948 7921
3948 8511
3958 4049
3958 4299
3958 7165
3959 4551
3959 7088
3961 7331
3962 8999
3963 4504
3963 5977
3963 8432
3964 5957
3964 7648
3965 5977
3965 7714
3966 5210
3966 6231
3969 4260
3969 5530
3969 7137
3969 8845
3969 8851
3971 6626
3971 7317
3972 5488
3972 5977
3972 9739
3973 4036
3973 4551
3973 8482
3973 8643
3974 4519
3974 5835
3974 6080
3974 7359
3974 7509
3974 8463
3980 7734
3986 4467
3986 6771
3986 7342
3986 9009
3986 9680
3989 9044
3990 4186
3990 4469
3990 7646
3991 4379
3991 5736
3991 9151
3993 4113
3993 5371
3993 5494
3993 7664
3993 7909
3994 7461
3994 7664
3995 6042
3995 6806
3995 7354
3995 7684
3995 8446
3996 4037
3996 4469
3996 5504
3997 7095
3997 7256
3997 8488
4000 6039
4000 6750
4000 6822
4000 8854
4001 7142
4001 7714
4001 8572
4003 4878
4003 5178
4003 7083
4004 5514
4004 7893
4005 4104
4005 4478
4005 4850
4006 4089
4006 5376
4006 8024
4007 9157
4008 4546
4008 8743
4008 8888
4009 7554
4009 7984
4010 5552
4010 7913
4011 6648
4011 9186
4012 4167
4012 4276
4012 6698
4012 7728
4013 4293
4013 5178
4013 6170
4013 6750
4013 7866
4013 8548
4014 4430
4016 6824
4016 8640
4017 4203
4017 4614
4017 9014
4018 7218
4018 7513
4019 6728
4019 6759
4019 6831
4019 7732
4019 8457
4020 4271
4020 5837
4020 7350
4021 4491
4021 6028
4021 6805
4021 7920
4022 5486
4022 6731
4023 4027
4023 7612
4023 8973
4024 4550
4024 4987
4024 7859
4025 6600
4025 7361
4025 7665
4025 8465
4026 4855
4026 5207
4027 4876
4027 5072
4027 5753
4028 6728
4028 8524
4029 4510
4029 5511
4030 5385
4030 7875
4031 4401
4031 7336
4032 4275
4032 6650
4032 7063
4032 7912
4032 8440
4034 7490
4035 4567
4035 6828
4035 7095
4035 7475
4035 7937
4035 9014
4036 8841
4037 4564
4037 5119
4037 5947
4038 4498
4038 4854
4038 6170
4038 6642
4038 6706
4039 8528
4040 4413
4040 6600
4041 7095
4041 8425
4044 4134
4044 5123
4044 7370
4044 8985
4045 4879
4045 5849
4045 7170
4045 8507
4046 4053
4046 8591
4046 8983
4047 6691
4048 4270
4048 4487
4048 5551
4048 6762
4048 7369
4049 7939
4050 5207
4050 7937
4052 4423
4052 5547
4052 6579
4052 9215
4053 7351
4053 8585
4053 9020
4056 7857
4057 7675
4057 9202
4058 7713
4058 8714
4059 5922
4060 6630
4060 6796
4060 8418
4060 9022
4061 4556
4061 5495
4061 7328
4062 4140
4062 4518
4063 6144
4063 8415
4063 8558
4065 5872
4065 7709
4065 9008
4066 4526
4066 4605
4066 4891
4066 5727
4066 6080
4069 5200
4070 4111
4070 8606
4071 4282
4076 6594
4076 7730
4077 4226
4077 5513
4077 7129
4078 6216
4078 8885
4079 4255
4079 7106
4079 7155
4080 6212
4080 6577
4080 7055
4082 7505
4083 7123
4083 7625
4084 4426
4084 6204
4084 7701
4084 8877
4085 6792
4085 7144
4085 7168
4086 4622
4086 5179
4087 6028
4088 6691
4088 7977
4089 4285
4089 4569
4089 7109
4089 7526
4089 8534
4090 5981
4090 8652
4090 9669
4091 8756
4091 9157
4093 4308
4093 4415
4093 4851
4093 4859
4093 7342
4094 6146
4094 7652
4094 7861
4095 6084
4095 7649
4096 8448
4096 8894
4096 8972
4097 4223
4097 4589
4098 6126
4098 8391
4098 8818
4098 9644
4099 7650
4099 8607
4100 4125
4100 6720
4100 7078
4100 8407
4104 4887
4104 8032
4106 5975
4107 4878
4107 8442
4108 4423
4108 7149
4108 8463
4110 4150
4110 9206
4112 4571
4112 5635
4112 8508
4112 9187
4113 4426
4113 9038
4114 4214
4114 4972
4114 6674
4114 7083
4114 8568
4115 4511
4115 7091
4115 7651
4115 8548
4116 4192
4116 6201
4116 6768
4116 8650
4118 4406
4118 4996
4118 7636
4118 8529
4118 8853
4120 6523
4121 4562
4121 4593
4121 4886
4121 5111
4121 5463
4121 8532
4122 5462
4122 7104
4124 4507
4124 8542
4124 9217
4125 4217
4125 4515
4125 5981
4126 7735
4126 8540
4126 8641
4126 8642
4127 5678
4127 6745
4127 7091
4127 8498
4127 8725
4128 4460
4128 4851
4129 6639
4129 6826
4129 7167
4129 8576
4130 5908
4130 5978
4130 7629
4130 8604
4131 6747
4131 7078
4131 7910
4131 8444
4132 7335
4133 4525
4133 5787
4133 5827
4133 8532
4135 7114
4135 9043
4135 9161
4136 6186
4138 5514
4138 5623
4138 5984
4138 5986
4138 6559
4138 7691
4138 7706
4139 6630
4140 4534
4140 6797
4141 8642
4142 5737
4142 6780
4142 8037
4143 6171
4143 7253
4144 4398
4144 4502
4144 6708
4144 7043
4144 7723
4144 8031
4144 8991
4145 7687
4145 8397
4145 8705
4146 8432
4147 4394
4147 6561
4147 6642
4147 6761
4147 7072
4147 8635
4149 7347
4149 8836
4150 5120
4150 6138
4151 8414
4151 9155
4153 4286
4153 4410
4153 6615
4153 9031
4154 5947
4155 8017
4156 4274
4156 4294
4156 5537
4156 6584
4156 7521
4157 5579
4158 7704
4159 5079
4159 5741
4160 7687
4161 4458
4161 5964
4161 8860
4162 5462
4162 5523
4162 5812
4162 8599
4163 5790
4163 6015
4163 6179
4164 4856
4164 6518
4165 5691
4165 6670
4165 6723
4165 8414
4165 8877
4166 4858
4166 7102
4166 7243
4167 5782
4167 7505
4167 8414
4167 9202
4168 5374
4168 6617
4169 7118
4169 8743
4170 8598
4173 6522
4174 4983
4174 5507
4174 7524
4174 7854
4174 8889
4175 5367
4176 6820
4177 4611
4177 7350
4178 5364
4178 5487
4178 6607
4178 8756
4178 9035
4179 5705
4179 6044
4180 4467
4180 5381
4180 7609
4180 8987
4181 7961
4183 5359
4183 6045
4183 6642
4183 6836
4183 8591
4184 7643
4184 8635
4184 8827
4185 4468
4185 5753
4185 8567
4186 4266
4187 7526
4187 7608
4187 8027
4188 6591
4189 5826
4192 4850
4192 6521
4192 7943
4192 8022
4192 8394
4192 8475
4193 5089
4193 9042
4194 5000
4194 7656
4195 5070
4195 5135
4195 6809
4195 7613
4195 8598
4196 4565
4196 4996
4196 7520
4196 8988
4199 4886
4199 7078
4199 8428
4200 4610
4200 6589
4200 7058
4200 8708
4200 9783
4201 5113
4201 6000
4202 7867
4203 4550
4203 9196
4204 5635
4205 5017
4207 5360
4207 7503
4207 8478
4207 8729
4207 9185
4208 7160
4208 7229
4208 9676
4211 4216
4211 4378
4211 5849
4211 7866
4211 8485
4212 5982
4212 5989
4212 7500
4212 8420
4213 6007
4213 6561
4213 7881
4215 5713
4215 9208
4216 5488
4216 5846
4216 7642
4217 4854
4217 7475
4218 5476
4218 9027
4219 8429
4219 8560
4219 9024
4220 6192
4221 8828
4222 6192
4222 6760
4222 9014
4223 8471
4224 6050
4224 8645
4225 7745
4225 8655
4225 8703
4226 4982
4226 6728
4226 8485
4226 8976
4227 5742
4227 5784
4227 8473
4228 5000
4228 6062
4228 6813
4229 5730
4230 4266
4230 5124
4230 5213
4230 5849
4230 7983
4230 8397
4231 6809
4231 7170
4232 4262
4233 7757
4233 8986
4236 5621
4236 7142
4236 8801
4236 9676
4237 4255
4237 4483
4240 4244
4249 5754
4249 7256
4249 7658
4249 7672
4249 7916
4250 6650
4251 5946
4251 6645
4251 9186
4252 5850
4253 6824
4253 9029
4254 7740
4254 8715
4254 8740
4255 7348
4256 6168
4256 7105
4256 7110
4257 6672
4258 6643
4259 4406
4259 6231
4259 6673
4259 7753
4260 8033
4261 5080
4261 5734
4262 5746
4262 6219
4262 6679
4262 8479
4263 6800
4264 6581
4264 7913
4265 8521
4265 8979
4266 4515
4266 4604
4266 4983
4266 7614
4267 4473
4267 6571
4267 6675
4268 6578
4268 8414
4268 9042
4268 9167
4269 4854
4269 4981
4269 8407
4269 8973
4270 5512
4270 6579
4271 5153
4271 7438
4271 8510
4272 4502
4272 8523
4273 5705
4273 6199
4273 6623
4273 7929
4273 7960
4273 7968
4274 5817
4274 6201
4275 5365
4275 7526
4275 9186
4276 4456
4276 4470
4276 4640
4276 5712
4276 8404
4277 7635
4277 7984
4278 6617
4279 5521
4280 7161
4282 6728
4282 7342
4283 6230
4283 8011
4283 9205
4284 5490
4284 5972
4284 7700
4284 7899
4284 8726
4286 4823
4286 5785
4286 6720
4286 8599
4286 9169
4287 5790
4287 7736
4289 4860
4289 5066
4289 5872
4289 6685
4289 7103
4289 8961
4290 5673
4291 4458
4291 4473
4291 5000
4291 5755
4291 6775
4291 7933
4291 8776
4293 5479
4293 7464
4293 8006
4294 4309
4294 5970
4294 6198
4294 7372
4295 7154
4295 8510
4296 5855
4296 6688
4297 4526
4297 8609
4297 8958
4298 7500
4298 8844
4299 8873
4305 4316
4305 6026
4306 7475
4307 7110
4307 9216
4308 7362
4308 8538
4309 7068
4311 9215
4313 4889
4313 7627
4313 9201
4314 6728
4314 8982
4314 9194
4315 5144
4315 7530
4315 9018
4316 6690
4373 7954
4374 5964
4374 9014
4376 6202
4378 7164
4378 7962
4378 8514
4378 8565
4378 9148
4379 5741
4379 6750
4379 8407
4380 4606
4380 4881
4380 5545
4380 7326
4380 7678
4380 9146
4381 7058
4381 7730
4391 4462
4391 7968
4392 4596
4392 8394
4393 4510
4393 6787
4393 8570
4393 9034
4394 5832
4394 6133
4395 6736
4395 7626
4395 7868
4395 7910
4397 4505
4397 7555
4397 7877
4398 4551
4398 4982
4398 5360
4398 7734
4398 7884
4398 8009
4398 8402
4399 4470
4399 6003
4399 6748
4399 7129
4400 5381
4400 6127
4401 5820
4401 6045
4401 8737
4403 8459
4403 8883
4404 4608
4404 6619
4404 7610
4404 8821
4404 8840
4405 4415
4405 5107
4405 5915
4405 6688
4406 5530
4406 5681
4406 5692
4406 6771
4406 7341
4406 7868
4406 8882
4407 5165
4407 7438
4408 4552
4408 8736
4408 9196
4410 4500
4410 5539
4410 6719
4410 8035
4411 6518
4411 6809
4411 7061
4411 8701
4412 6758
4412 8442
4412 9216
4413 6699
4413 7051
4413 7332
4414 5549
4414 5978
4414 7066
4414 8592
4415 8444
4415 8707
4416 5066
4417 5817
4417 6131
4417 7978
4418 5212
4418 6838
4418 7612
4419 4855
4420 5379
4420 5676
4420 5912
4420 8447
4420 8949
4421 5912
4422 7118
4422 7627
4423 7063
4424 7102
4425 5851
4425 6559
4427 6190
4427 7349
4428 4870
4429 7155
4429 8830
4430 5848
4430 6628
4430 8952
4454 6216
4454 6813
4454 8533
4454 8977
4455 5556
4456 6143
4457 5493
4457 6569
4458 5116
4458 5352
4458 8887
4461 5206
4461 6609
4461 7364
4461 8726
4462 7916
4462 8643
4462 8834
4463 5073
4463 7689
4463 9681
4464 8550
4465 7859
4465 8981
4467 6722
4468 6074
4468 7119
4468 7160
4468 8642
4469 6754
4470 6715
4470 6835
4471 5875
4471 5957
4471 6146
4471 6577
4471 8467
4472 7062
4472 7874
4472 9679
4473 6079
4473 9195
4477 6159
4477 7652
4477 8756
4479 5517
4479 6579
4479 9047
4480 4614
4480 7441
4480 9151
4480 9639
4481 7686
4482 5809
4482 6774
4482 7740
4483 6204
4483 7701
4483 8744
4484 6608
4484 8705
4484 8838
4485 5815
4486 7165
4487 6194
4487 7117
4487 7724
4487 8937
4488 4886
4488 7691
4489 6822
4489 9046
4491 4607
4491 5999
4491 7375
4493 5115
4493 6193
4493 7073
4495 5693
4495 9784
4496 6007
4497 5819
4497 7754
4498 5711
4499 7327
4499 8881
4500 8996
4500 9011
4501 8509
4501 8835
4502 7163
4503 4562
4503 5812
4503 8886
4504 8506
4505 7700
4505 8553
4506 6699
4506 8573
4506 9887
4507 5578
4507 9201
4508 7317
4508 9002
4509 7071
4509 7347
4509 7483
4509 8017
4510 4859
4510 8647
4510 8823
4511 6721
4511 7745
4511 7879
4512 7985
4513 8006
4513 9047
4515 6138
4515 8637
4515 8974
4517 5730
4518 6217
4518 7721
4519 6045
4519 7888
4521 5137
4521 7070
4523 5212
4523 5850
4523 7446
4523 7712
4523 7945
4524 6763
4524 7673
4525 7327
4528 5067
4530 5067
4532 5820
4532 6669
4532 6831
4532 7086
4532 7152
4532 7912
4532 8023
4533 4560
4533 5705
4533 5809
4534 7354
4535 5385
4535 6582
4535 7218
4536 7329
4536 7700
4537 7637
4537 7901
4537 8602
4538 4565
4538 6185
4538 9014
4539 7065
4539 7637
4539 8995
4541 5960
4541 7916
4542 7984
4542 8654
4542 9198
4543 5119
4543 5396
4543 6605
4543 7121
4543 7890
4544 6068
4544 7149
4545 6181
4546 6706
4546 8499
4546 8803
4546 8977
4547 6772
4547 6817
4547 8714
4550 5838
4550 8864
4551 5531
4552 5692
4552 8615
4553 6094
4553 7710
4555 5020
4555 5373
4555 6585
4555 6721
4555 9189
4556 6738
4556 7466
4556 9192
4557 6759
4557 8800
4558 5823
4558 7246
4558 7645
4559 7638
4559 8515
4560 7332
4561 8884
4562 5020
4562 5365
4562 6728
4562 6745
4562 8647
4564 5388
4564 7653
4564 7935
4565 6803
4565 7636
4565 8571
4566 6684
4566 8539
4566 8971
4567 7556
4568 7150
4568 7316
4568 8019
4569 4854
4569 6786
4572 7250
4574 5956
4574 6093
4589 7953
4589 7961
4590 5152
4590 7521
4590 9185
4591 5970
4591 6002
4594 7170
4596 5152
4596 5517
4597 6577
4597 7324
4603 6044
4603 6698
4603 8005
4603 8421
4603 8608
4604 4882
4604 8036
4606 6564
4606 7871
4607 4894
4607 8801
4608 7156
4608 8726
4609 5734
4609 5945
4609 5964
4609 8440
4609 8737
4610 7677
4610 8406
4611 6712
4612 8644
4613 6210
4614 8448
4614 8842
4615 5372
4615 7331
4616 5917
4616 6614
4616 6618
4618 5121
4618 8406
4618 8570
4618 8639
4618 9047
4618 9206
4622 5961
4622 6680
4622 7515
4623 8515
4639 4870
4639 5999
4639 7511
4640 5086
4640 5912
4640 5921
4640 6009
4661 4672
4668 4691
4728 4760
4750 4756
4799 4811
4822 5201
4823 6675
4825 5088
4825 8959
4850 4854
4850 8831
4851 7537
4851 8966
4852 7099
4853 5498
4853 5921
4853 7498
4853 7515
4854 6701
4854 7043
4854 7257
4854 8738
4855 7983
4856 6127
4856 8443
4856 8638
4857 5529
4857 7489
4857 8458
4858 5692
4858 6101
4858 8566
4859 7441
4860 6827
4861 7261
4862 7140
4863 7492
4864 7757
4864 8431
4864 9026
4864 9159
4866 4875
4866 7447
4867 8843
4868 6766
4868 8706
4868 9194
4870 4996
4870 8945
4872 5374
4872 6756
4872 7509
4872 9153
4873 5755
4873 6202
4873 7059
4874 5554
4874 6210
4875 7427
4875 7675
4875 9154
4876 5116
4876 6608
4876 7658
4876 7945
4876 9046
4877 5952
4878 5075
4878 5968
4878 8557
4879 5950
4879 6583
4880 7867
4880 8395
4880 8703
4882 5915
4883 6670
4883 6697
4883 6772
4883 7046
4884 9682
4886 6073
4886 6147
4887 5722
4887 7679
4888 5722
4889 8020
4890 5508
4890 5952
4890 7070
4891 6652
4891 7317
4891 8705
4891 9186
4892 5206
4892 6728
4892 8893
4893 6196
4894 5733
4894 8899
4894 9169
4914 4936
4941 6634
4941 8499
4942 6582
4942 7462
4971 5959
4972 5169
4972 6721
4972 7745
4979 5508
4979 8618
4980 8445
4981 7119
4981 8887
4982 9201
4983 5816
4983 6186
4983 7682
4983 8846
4987 5695
4987 6601
4988 7361
4988 8981
4989 6012
4989 7465
4994 6230
4994 7036
4994 7139
4994 7902
4994 8545
4996 6068
5000 5086
5000 6636
5000 7329
5000 8392
5000 8876
5001 7956
5001 9041
5003 6523
5003 8552
5016 6742
5017 5875
5017 7111
5017 8571
5020 5135
5020 7863
5021 6560
5021 6803
5021 7065
5021 8968
5057 6528
5057 7684
5066 6131
5066 7940
5067 5978
5067 6584
5070 6127
5070 7870
5071 5999
5071 8478
5071 9150
5072 5727
5072 6014
5072 6734
5072 7916
5072 8511
5073 6569
5073 7737
5074 6754
5074 7036
5074 7461
5074 7858
5075 6786
5076 6012
5077 8955
5080 6565
5080 7087
5080 9036
5081 8731
5082 5690
5082 5983
5082 6576
5084 5113
5084 5540
5084 7884
5085 5086
5085 5838
5085 7155
5086 7627
5086 8015
5086 8398
5087 7868
5089 7042
5089 7473
5089 8898
5090 8496
5093 7170
5093 8960
5101 7449
5101 7686
5101 8985
5102 5722
5102 6659
5102 8468
5102 8755
5102 8945
5103 8888
5107 5852
5107 5977
5107 6212
5107 7873
5111 6766
5111 8650
5113 5739
5113 7925
5114 6615
5114 7055
5114 8605
5116 7644
5119 7911
5119 8891
5121 8591
5123 5730
5123 7864
5123 8409
5123 8703
5123 8886
5124 7630
5134 7649
5135 5945
5135 7325
5135 7737
5135 8710
5137 7145
5137 8569
5153 5975
5156 8729
5157 7978
5157 8517
5162 5212
5162 5964
5162 6787
5164 7500
5164 8873
5165 5479
5165 7511
5166 6171
5167 5711
5169 7977
5169 8022
5169 8605
5169 8955
5170 5178
5170 7683
5178 6029
5178 7654
5179 5951
5179 6600
5179 7489
5180 6771
5181 5739
5181 5913
5181 8406
5197 7325
5199 5508
5199 5716
5199 6654
5199 7888
5200 8398
5200 8638
5201 5518
5201 5715
5201 6662
5206 5538
5206 7102
5206 7148
5206 8741
5207 5463
5207 7427
5207 8478
5210 5549
5210 7525
5210 8867
5210 8908
5212 5498
5213 7083
5213 8587
5252 6180
5252 6659
5252 7626
5307 5315
5346 5535
5346 8397
5346 9026
5347 7857
5348 5386
5348 6658
5348 6663
5349 7479
5350 6095
5350 7465
5351 7114
5351 8401
5351 8822
5352 7753
5352 8015
5352 8492
5352 8593
5353 6603
5353 7609
5353 7653
5354 8533
5355 5525
5355 5872
5356 7073
5356 7430
5356 8777
5357 6584
5357 6608
5357 8523
5358 8526
5358 9037
5359 5395
5359 6078
5359 7449
5359 7902
5360 5920
5360 6073
5360 6611
5360 7482
5361 5551
5361 6654
5361 8744
5361 8818
5362 6131
5362 6204
5362 7636
5362 8738
5363 7500
5363 7870
5364 6686
5364 7237
5365 8953
5366 5518
5366 6712
5366 6764
5366 8972
5367 7375
5367 8726
5369 8424
5369 9887
5370 7246
5371 7247
5371 7374
5371 8597
5372 6075
5372 6750
5372 9683
5373 5575
5373 7316
5374 6635
5374 6832
5374 7050
5374 8947
5375 5747
5375 6817
5376 7904
5378 7080
5379 7871
5379 8397
5381 7892
5382 6012
5382 6063
5382 6778
5384 5521
5384 7670
5385 9033
5386 5486
5386 8018
5388 7678
5398 7500
5398 7705
5436 6675
5436 7100
5436 8404
5462 5741
5462 6131
5462 8610
5464 7695
5475 6598
5475 6628
5476 7169
5476 7246
5477 6816
5477 8462
5483 6192
5483 9785
5484 8536
5484 8577
5486 5500
5486 6807
5486 7720
5487 7709
5488 6746
5488 7854
5489 7261
5489 7642
5489 9011
5490 6671
5490 8886
5492 9164
5492 9682
5493 6749
5493 6761
5493 7375
5493 7627
5494 6817
5494 7059
5494 7141
5496 8995
5497 7058
5497 7168
5497 8755
5498 7660
5498 8819
5499 7317
5499 9015
5500 6139
5500 6810
5501 5941
5501 6756
5501 7454
5501 8702
5502 7970
5503 6606
5503 9017
5504 6570
5504 9167
5505 8909
5505 9195
5506 6759
5506 7104
5506 7155
5507 6809
5507 7952
5507 8462
5507 9652
5510 7450
5510 8464
5511 5853
5512 5922
5512 6769
5512 7326
5512 7446
5512 8850
5514 7164
5516 5980
5516 7111
5517 8548
5521 7850
5521 8756
5521 8883
5523 7102
5525 8466
5525 8547
5529 6238
5529 8997
5535 5973
5535 8592
5535 8980
5535 9193
5535 9628
5537 6778
5537 8398
5538 6034
5539 7170
5539 7892
5540 6193
5540 6655
5540 6800
5540 7691
5545 7102
5547 5984
5547 6041
5547 6138
5547 6612
5547 7673
5548 6704
5549 7638
5550 8870
5551 6686
5551 7083
5552 5821
5554 6760
5554 7336
5554 7457
5554 7464
5554 8443
5565 6628
5565 6801
5565 7338
5575 7472
5579 5707
5579 8438
5579 8839
5579 8909
5620 6838
5620 8460
5621 6621
5621 7139
5621 8840
5623 9021
5635 7243
5635 8846
5635 8978
5672 6626
5672 6787
5672 7342
5673 8547
5676 6232
5676 7361
5676 7635
5678 7478
5680 6085
5680 6619
5680 6636
5680 7699
5680 9784
5681 6775
5682 5688
5690 8440
5690 8893
5690 8965
5691 5844
5691 5980
5691 6706
5692 9022
5693 7656
5695 6528
5695 8435
5704 8707
5704 9784
5706 8479
5708 8514
5708 8953
5709 7063
5709 8632
5710 5813
5710 6671
5713 7096
5713 8433
5713 9036
5715 6613
5716 8463
5722 7732
5723 7633
5724 6599
5727 6170
5727 8442
5727 8704
5729 9681
5730 6001
5730 6042
5730 7948
5730 8485
5731 8491
5733 7850
5734 7261
5736 7094
5736 8035
5736 8736
5737 6207
5737 6617
5737 7341
5737 7360
5737 7433
5737 7886
5738 6010
5738 6569
5738 7140
5739 6068
5739 7962
5739 8834
5739 8878
5740 6664
5741 6629
5741 9656
5746 7978
5747 7122
5749 6143
5749 8590
5753 7045
5755 8547
5758 6580
5759 7938
5761 6528
5761 6730
5761 7933
5762 7470
5762 8980
5782 6655
5783 5789
5783 7945
5784 7662
5785 6654
5785 7469
5787 9016
5789 7652
5790 6785
5790 7103
5790 7864
5790 7896
5804 8705
5804 9770
5806 6809
5806 8603
5808 7260
5808 7698
5809 6636
5810 8442
5812 6719
5812 6728
5812 8464
5813 6069
5813 6604
5813 6839
5813 8608
5815 8987
5816 6741
5816 8721
5817 6028
5817 6091
5817 6586
5819 6039
5819 8653
5820 6218
5820 8646
5822 6564
5822 7256
5823 7160
5823 8975
5824 5835
5824 7041
5825 8600
5826 7716
5827 6718
5827 8963
5827 8966
5831 6518
5831 6805
5832 7483
5835 7070
5836 8534
5836 8877
5837 7206
5838 8592
5838 8635
5838 9667
5840 6138
5840 8485
5841 7086
5841 7915
5841 8954
5842 5959
5842 8436
5842 9784
5843 7864
5845 6680
5845 7910
5845 8026
5845 8981
5846 7667
5847 5970
5847 6647
5849 7064
5851 5917
5851 7338
5851 8595
5852 6517
5852 7686
5853 8527
5854 6788
5854 8426
5855 5971
5867 8965
5871 6565
5871 7229
5871 7609
5871 8604
5871 9163
5874 6827
5876 7359
5876 7728
5876 9003
5877 6621
5877 8611
5877 9010
5907 9163
5908 7340
5908 8727
5909 7939
5910 7932
5910 8607
5910 8619
5912 6736
5913 8649
5914 8895
5914 9003
5917 8959
5919 8971
5919 9668
5921 8708
5922 7909
5922 8413
5922 8852
5923 6739
5941 8533
5941 8947
5944 6664
5944 7957
5944 8524
5944 8996
5945 7160
5945 7874
5946 6017
5946 7047
5946 7252
5947 6749
5947 7669
5947 8710
5947 9682
5949 8819
5950 8739
5951 6754
5951 7851
5951 8964
5952 6819
5952 9019
5955 6186
5955 7059
5955 7441
5955 9213
5956 6162
5956 7159
5956 8006
5956 9150
5957 6716
5958 7110
5958 7724
5959 8637
5960 5982
5960 7429
5960 7977
5961 6596
5961 7091
5961 7691
5961 7895
5962 5981
5962 8843
5963 9639
5964 6169
5964 6659
5964 7341
5964 9650
5965 6126
5965 6133
5965 9033
5966 6792
5966 8474
5966 8909
5967 6826
5967 7359
5967 8521
5967 9019
5968 7206
5970 6002
5970 7261
5970 7666
5970 9146
5972 7875
5972 8524
5972 8546
5972 8998
5974 8834
5975 6636
5976 7937
5976 9154
5977 7360
5977 8592
5977 8640
5978 7431
5981 7341
5981 7862
5982 7969
5982 8650
5983 8831
5984 6738
5984 7439
5984 8028
5986 8609
5987 7469
5988 7246
5989 7718
5999 6051
5999 6126
6000 7122
6000 7651
6001 7070
6001 7980
6003 6832
6006 8417
6007 7441
6009 6820
6009 7962
6010 7712
6010 7939
6012 8532
6014 7120
6015 8558
6015 9148
6016 6730
6016 8653
6016 8711
6017 6834
6017 7614
6017 9680
6026 8403
6029 6699
6029 7115
6030 8909
6031 7955
6031 8483
6034 6786
6034 7955
6039 6237
6039 8647
6040 7105
6040 7901
6040 7928
6041 7250
6041 8800
6042 7186
6044 8639
6044 9002
6045 6620
6045 6699
6048 8639
6049 8499
6049 8594
6050 7667
6050 7716
6050 8883
6051 6690
6051 8525
6051 8644
6052 8475
6056 6822
6056 7736
6056 7897
6056 8729
6058 7898
6062 6681
6063 6809
6063 6836
6063 8559
6068 7351
6069 7723
6073 6707
6073 7051
6073 7931
6075 8026
6075 8456
6076 9163
6078 6139
6078 8009
6079 8476
6079 9007
6080 7876
6083 7981
6091 7449
6095 6185
6095 6733
6095 7349
6101 6105
6101 6185
6101 6822
6101 9003
6119 6724
6119 6773
6119 6810
6119 8546
6120 8031
6120 8612
6126 7071
6126 7980
6127 6810
6128 7447
6130 7454
6130 8447
6131 8572
6132 7916
6134 6745
6134 7474
6134 7889
6134 7911
6142 7655
6143 6192
6143 6194
6143 8995
6144 8581
6144 8590
6145 6635
6145 8497
6145 8652
6146 6159
6147 7719
6147 8030
6147 8517
6149 6203
6149 6570
6152 8612
6153 6206
6162 7101
6162 7848
6162 7896
6162 8430
6167 7071
6167 9041
6170 6746
6170 6766
6170 8714
6171 8416
6171 8883
6179 6699
6179 8005
6179 9220
6181 7071
6181 8005
6181 8576
6185 9169
6186 7361
6186 7436
6189 6610
6189 8647
6189 9019
6190 6639
6190 7634
6190 7907
6190 8005
6191 7900
6191 7924
6191 8843
6192 8398
6192 9183
6193 6723
6194 7908
6194 8539
6196 6571
6196 7117
6198 6696
6199 8864
6200 8876
6201 8744
6202 8030
6202 8610
6203 6706
6203 7899
6203 8523
6204 6802
6206 6837
6206 7682
6207 7331
6207 8645
6208 7663
6209 7891
6209 7909
6209 8966
6212 6728
6212 7342
6214 6725
6214 8703
6216 7555
6216 7809
6225 7936
6225 8505
6225 8819
6231 6684
6231 8656
6232 7663
6232 8518
6232 8948
6237 7349
6237 8487
6238 7087
6518 7171
6518 8644
6521 6652
6521 7921
6521 8604
6523 8446
6523 8595
6528 7104
6528 7654
6560 7072
6561 7471
6561 7678
6563 7073
6563 7229
6563 7952
6563 8740
6564 8635
6566 8957
6566 8999
6567 6841
6568 7917
6568 8983
6569 8567
6570 8883
6571 8633
6572 8912
6575 6747
6576 8971
6578 6621
6580 6705
6580 8448
6580 8486
6581 7123
6581 7218
6583 7914
6584 7757
6585 6601
6585 8703
6585 8705
6586 7090
6587 9009
6588 7945
6589 6716
6590 7634
6591 6764
6591 8598
6591 8961
6591 8964
6592 7347
6593 7903
6593 8701
6594 7118
6594 9008
6595 6659
6595 6701
6595 6771
6596 8446
6598 7338
6599 8519
6599 8945
6600 7678
6602 9206
6603 8643
6604 7258
6604 8032
6604 8581
6605 8461
6606 7359
6606 9009
6607 7073
6607 7243
6607 8842
6609 7725
6609 8835
6610 7461
6610 7633
6610 9739
6611 9166
6613 8022
6614 7157
6616 7708
6616 8406
6616 8486
6616 8703
6617 7971
6617 8511
6617 8850
6617 9019
6618 7123
6618 8655
6619 8496
6620 6724
6621 6812
6621 8037
6621 8450
6622 8959
6623 7696
6623 8897
6624 6661
6624 7079
6624 7608
6625 8710
6626 7108
6626 8021
6626 8449
6627 6816
6628 7613
6629 7907
6629 7968
6629 8601
6630 8496
6631 6823
6632 6821
6632 9207
6633 8892
6634 7649
6635 6743
6635 8056
6636 9020
6637 7982
6637 9218
6640 8821
6642 8429
6643 8015
6643 9651
6644 8607
6644 8802
6647 6787
6647 7902
6647 8613
6650 7361
6651 8562
6652 8456
6652 8565
6655 6775
6655 8897
6656 8020
6656 8028
6658 6829
6658 7511
6659 7630
6660 8432
6662 7878
6663 7336
6664 7686
6666 8518
6667 7048
6667 7076
6667 7503
6667 7980
6667 9206
6668 7666
6671 9650
6673 8453
6674 8827
6675 8036
6676 7977
6676 8632
6676 8729
6677 9169
6678 7036
6679 7437
6680 7518
6680 9669
6681 7244
6681 7519
6683 7861
6684 8615
6684 9021
6685 7141
6686 7694
6686 8876
6689 8394
6691 8581
6691 9003
6693 8460
6695 7757
6695 7960
6696 7927
6697 9047
6698 7659
6699 7080
6699 7118
6700 7681
6701 8491
6702 7640
6702 8820
6703 8522
6704 7615
6704 8650
6706 6822
6708 7446
6710 7647
6710 8593
6711 9165
6713 7147
6713 7332
6717 7653
6717 9192
6718 6753
6718 7555
6719 8493
6720 8524
6721 6733
6721 6826
6721 8964
6722 7107
6722 7466
6722 8547
6722 9783
6724 9185
6725 7541
6725 7864
6725 8449
6725 8477
6725 8496
6727 6804
6727 7691
6729 7496
6729 7702
6729 8470
6731 8477
6732 7437
6732 8528
6733 6745
6733 7613
6733 7915
6733 7916
6734 8006
6734 8404
6738 6757
6738 7454
6740 8017
6740 8410
6741 8842
6742 8652
6743 8778
6744 8010
6749 7069
6750 8520
6750 9189
6751 7703
6752 7261
6752 7881
6753 8963
6755 7487
6755 7697
6755 9012
6756 7097
6756 8536
6757 8005
6759 8903
6759 9640
6760 7150
6760 7667
6760 8711
6761 6820
6761 7741
6765 7066
6767 7041
6768 8737
6769 8728
6769 9210
6771 7934
6774 7340
6774 8431
6775 7649
6775 8592
6775 9195
6777 6816
6777 7164
6777 7724
6780 7139
6780 7871
6780 8703
6781 7099
6781 7625
6782 7753
6785 7427
6786 7630
6787 7709
6788 7260
6789 7953
6789 8760
6790 8610
6790 8636
6791 8017
6791 8820
6792 7879
6792 8491
6792 8725
6792 9003
6795 8560
6795 8989
6797 8829
6798 8608
6798 9218
6800 7731
6800 8458
6802 9009
6804 7883
6805 7478
6805 7809
6806 7121
6806 8504
6807 7981
6807 9017
6808 8413
6809 8966
6810 8816
6813 7472
6814 7939
6815 7073
6816 7695
6817 7656
6818 7636
6818 7887
6818 8431
6820 8568
6821 7690
6821 7712
6821 8656
6822 7158
6822 7859
6822 8860
6822 9000
6823 7633
6826 7358
6826 7446
6827 7726
6828 7651
6829 7043
6830 8597
6833 7689
6837 8824
6837 8889
6838 8899
6845 6942
6854 6860
6865 7002
6871 6922
6875 6945
6875 6965
6899 6921
6900 6970
6902 6925
6904 6909
6904 6952
6907 6944
6915 7011
6934 7024
6938 6982
6952 6991
7001 7027
7043 7932
7043 9032
7045 7106
7045 7625
7045 7894
7045 8704
7047 7166
7047 8528
7049 7111
7049 7670
7049 8744
7049 9639
7050 7159
7050 7364
7051 8054
7053 7898
7053 8615
7053 8730
7055 7635
7055 7659
7055 7881
7056 8547
7061 9019
7063 7637
7063 8513
7063 9197
7064 7928
7065 8967
7068 7712
7068 7726
7071 7157
7071 8402
7071 8731
7073 7249
7073 7686
7074 7711
7075 7446
7075 8392
7075 8615
7079 7199
7079 8883
7080 7929
7081 7741
7082 8497
7084 7809
7085 7254
7087 8845
7087 9888
7088 7138
7088 7703
7090 7332
7090 7657
7092 7632
7093 7670
7094 8520
7094 8730
7099 7199
7100 9189
7102 7453
7102 7698
7102 7954
7103 7438
7104 7326
7106 8410
7106 8951
7107 8882
7108 8581
7109 8609
7110 7479
7111 7652
7115 7864
7116 7868
7116 8632
7118 7121
7118 9656
7119 8612
7120 7706
7121 8780
7121 8979
7124 7495
7129 8977
7138 7950
7139 7876
7139 9209
7143 7168
7144 7608
7144 7704
7144 8639
7144 9212
7145 7914
7147 7316
7147 7473
7147 8393
7147 8406
7150 7253
7150 7960
7150 8818
7150 8991
7151 8416
7152 7495
7153 9208
7154 7450
7154 7946
7154 9683
7156 7697
7156 8036
7156 8404
7157 7663
7157 7947
7159 7662
7159 7674
7159 8840
7161 7891
7161 8893
7163 7667
7163 7890
7164 7757
7165 8530
7167 8654
7168 8420
7171 7235
7171 7665
7186 8438
7186 9783
7194 7675
7218 7441
7218 7480
7218 7885
7218 8523
7228 7879
7242 7757
7242 8449
7244 7857
7246 8891
7247 7523
7248 8465
7248 9165
7249 7449
7250 8978
7252 8576
7261 8800
7316 7358
7316 9168
7325 7929
7326 9011
7326 9163
7327 7961
7327 9650
7329 7977
7329 9008
7330 8908
7331 8561
7332 8411
7332 8950
7332 9195
7334 7883
7336 9669
7336 9770
7339 7363
7339 7482
7340 8980
7340 9167
7341 8981
7342 7375
7342 8037
7342 8482
7343 7609
7343 8455
7343 8477
7343 9008
7347 8780
7348 7435
7348 7864
7349 8846
7351 9650
7352 7490
7354 8509
7354 8656
7354 9020
7354 9681
7355 7482
7356 7685
7357 7705
7357 7954
7358 7970
7359 8574
7361 7478
7362 9167
7364 7666
7364 7897
7364 8886
7364 9029
7366 8417
7369 7866
7369 8500
7370 8400
7371 8398
7374 7429
7375 7631
7427 8468
7429 7538
7431 9037
7435 9044
7436 8468
7438 8455
7438 9711
7439 9001
7440 9214
7441 7675
7441 7870
7446 8408
7446 8833
7447 8972
7448 7678
7448 8515
7454 8475
7455 7538
7460 8532
7462 8493
7462 8609
7462 9637
7464 7936
7464 8984
7466 7653
7466 7857
7469 8897
7470 7489
7470 8845
7471 7515
7472 7854
7472 8469
7473 7530
7480 9164
7481 8604
7483 7689
7484 7851
7484 7961
7485 8500
7485 9629
7486 7934
7492 8966
7496 8444
7497 9042
7499 9014
7501 8474
7501 8701
7503 7643
7503 8854
7505 7507
7505 7641
7509 7927
7511 9148
7512 7902
7513 8531
7515 8777
7519 8906
7520 7685
7521 7555
7524 7615
7524 7663
7524 7673
7524 8876
7525 7704
7525 9017
7527 8024
7527 8558
7538 7867
7541 7681
7554 8756
7554 9195
7556 7878
7608 8755
7610 8440
7611 9676
7612 8701
7612 8715
7613 7628
7613 7634
7613 8485
7614 7739
7614 8469
7614 8744
7615 8558
7618 8883
7618 8987
7623 9187
7624 8397
7624 8838
7627 8825
7627 8986
7630 7665
7630 9016
7635 8559
7635 8831
7636 8731
7636 9021
7637 8577
7638 8489
7638 8727
7638 9679
7643 8496
7644 8007
7646 8613
7646 9160
7649 9046
7649 9163
7651 7972
7652 7676
7653 7741
7655 7667
7655 7947
7655 8035
7657 9010
7658 8818
7660 7689
7660 7709
7661 7737
7663 8399
7663 8979
7664 8414
7666 7876
7666 9021
7667 8403
7667 8462
7667 8587
7667 9217
7668 9018
7669 8737
7669 9153
7670 7753
7670 8454
7671 7720
7671 7726
7672 9207
7673 8736
7674 8854
7675 7724
7676 7680
7677 8883
7678 9639
7680 7972
7680 9024
7681 8829
7684 8539
7685 8477
7686 8602
7690 8543
7690 8870
7692 7892
7692 7938
7693 7852
7693 9019
7696 7706
7698 8526
7699 7702
7699 9019
7703 9007
7707 8407
7709 8512
7711 8006
7712 8561
7713 7739
7713 7976
7714 8701
7716 8539
7716 8639
7716 9213
7718 7917
7718 8428
7718 8619
7720 7730
7721 9220
7723 8407
7724 8023
7724 9166
7725 9152
7726 8823
7726 8907
7726 8965
7728 8982
7729 9185
7730 8610
7732 9217
7734 8728
7735 8947
7738 8993
7739 8023
7740 9044
7740 9158
7741 8741
7745 8449
7754 8741
7756 8550
7757 7955
7809 9181
7848 8883
7848 9032
7851 7888
7852 9033
7852 9169
7853 8450
7854 8443
7854 8482
7854 8648
7857 7880
7857 7882
7860 8803
7860 8889
7860 8893
7861 8497
7861 9676
7862 8588
7863 8409
7865 7925
7865 8940
7866 9042
7867 8853
7868 8467
7872 8893
7874 8593
7874 8950
7875 8416
7876 7879
7880 8876
7882 8893
7884 7948
7884 9640
7885 7958
7885 8500
7885 9187
7886 7913
7887 8497
7889 8019
7889 9182
7890 8639
7890 8946
7893 8034
7894 8499
7896 7946
7896 8962
7897 7956
7901 8654
7902 8392
7902 8452
7902 9009
7905 8982
7910 8637
7910 8729
7913 8588
7914 8399
7914 8439
7914 8776
7914 9018
7917 8609
7918 8404
7919 8778
7919 9680
7921 8518
7921 8989
7924 8395
7925 8730
7926 8889
7927 8530
7931 8778
7932 8739
7933 8977
7934 8005
7935 8473
7936 9190
7940 8826
7940 9215
7945 7960
7948 8726
7949 8019
7949 8870
7950 8036
7952 9041
7952 9637
7954 8706
7956 8472
7957 8462
7957 8504
7958 9191
7962 8714
7962 9147
7968 8704
7969 8990
7971 8488
7971 8900
7977 9152
7978 8596
7984 8401
7984 9014
7985 8730
8007 9035
8009 8936
8010 8824
8011 8416
8019 8830
8022 8475
8027 8884
8028 9155
8031 9180
8054 8464
8054 8588
8054 9163
8055 8725
8060 8364
8060 8369
8063 8152
8063 8252
8068 8313
8069 8105
8071 8133
8081 8378
8085 8197
8086 8343
8088 8325
8090 8218
8091 8186
8092 8273
8102 8357
8104 8265
8118 8290
8119 8271
8119 8323
8120 8331
8122 8383
8123 8260
8131 8326
8136 8259
8141 8205
8141 8342
8144 8159
8147 8304
8148 8296
8148 8355
8152 8344
8169 8177
8169 8249
8175 8220
8180 8213
8181 8238
8181 8255
8192 8324
8196 8244
8197 8323
8197 8354
8201 8272
8237 8244
8237 8378
8239 8340
8240 8337
8247 8290
8248 8268
8249 8381
8253 8312
8255 8387
8267 8346
8269 8344
8269 8348
8302 8345
8322 8333
8328 8343
8391 8477
8391 8489
8391 8881
8393 9029
8395 8603
8396 8896
8399 8489
8401 8981
8402 8572
8403 8541
8403 8731
8403 8842
8404 8994
8405 8739
8406 8495
8407 9001
8408 8961
8410 8527
8412 8528
8417 8955
8421 9183
8422 8643
8424 8486
8425 9667
8426 8826
8429 9026
8431 8463
8432 8830
8433 8509
8434 8978
8438 8512
8438 8889
8440 8554
8440 8608
8440 8964
8443 8940
8444 8463
8447 8486
8447 8488
8448 8637
8449 8471
8450 8471
8450 8940
8451 9152
8452 9205
8455 8818
8455 9034
8456 8984
8459 8639
8461 8534
8461 8609
8463 8710
8468 8533
8469 8531
8473 8561
8473 9006
8474 9215
8475 8949
8479 8498
8481 8605
8481 8824
8484 9036
8485 8738
8490 8516
8491 8953
8493 9011
8494 8511
8501 9021
8505 8648
8508 9150
8510 8949
8512 8987
8512 9036
8513 9652
8515 8725
8519 8606
8520 8907
8521 8908
8524 8565
8525 8736
8527 9629
8530 9215
8534 9649
8539 8544
8545 8955
8547 9169
8551 8819
8551 9157
8552 8998
8558 8833
8559 8951
8559 9187
8560 8652
8561 8573
8561 8888
8562 8609
8562 8822
8562 9163
8571 9680
8575 9168
8578 9785
8588 9679
8592 8884
8592 8985
8598 8603
8598 8844
8598 9669
8602 9644
8607 9169
8609 8888
8609 8936
8612 8778
8613 8937
8618 8945
8618 9782
8632 9164
8633 9020
8702 8863
8706 9669
8707 8860
8720 8823
8725 8740
8726 9183
8728 9018
8743 9165
8776 8947
8776 9212
8780 8988
8802 9200
8803 9667
8816 8997
8817 8873
8817 9710
8819 9192
8830 9160
8830 9165
8839 9023
8839 9028
8851 8965
8889 9188
8891 9021
8894 8994
8897 9670
8909 9156
8941 8943
8959 8997
8976 9146
8979 9210
8981 8983
8981 9041
8986 9036
8990 9683
8992 9016
9010 9656
9028 9640
9062 9115
9082 9119
9089 9139
9108 9112
9148 9638
9173 9176
9216 9649
9474 9475
9656 9681
9793 9876
9818 9849
9822 9857
9834 9881
