10000
3 744
3 2425
3 4562
4 3512
4 4938
4 6248
5 2325
5 2480
5 6772
6 3029
6 4655
6 5393
6 5570
6 6165
6 6867
7 412
7 1662
7 3006
7 3460
7 5361
9 270
9 283
9 1365
9 3181
9 3384
9 7759
10 561
10 3180
10 6616
11 591
11 2701
11 4006
11 5305
11 7222
12 310
12 1484
12 1555
12 6916
13 391
13 1339
14 681
14 3875
14 4317
14 5102
14 6469
14 6568
15 216
15 1925
15 4181
16 552
16 1555
17 1365
17 3802
17 5240
17 7199
18 79
18 1547
18 3083
18 3268
18 3842
18 6643
18 8190
19 908
19 2157
19 2171
19 5741
19 8024
20 2918
20 3189
20 5612
21 805
21 3537
21 4354
21 5601
21 7315
22 93
22 1014
23 6487
24 247
24 4014
24 4976
24 7243
25 366
25 627
25 2704
25 7843
26 1281
26 3544
26 3583
26 4451
26 4827
26 6770
27 1003
27 5286
27 5838
27 7365
27 7893
28 7146
29 1010
29 2908
29 4645
29 5162
29 5769
29 5818
29 7691
30 1152
30 4121
30 6321
31 3928
31 5513
31 7306
32 499
32 969
33 1931
33 4001
33 4073
34 1280
34 4774
34 4855
34 5195
34 5247
34 6299
34 6965
35 4031
35 5921
36 2227
36 3561
36 3933
36 4530
36 6263
37 830
37 912
37 5115
37 6017
37 6108
37 6126
38 465
38 1439
38 2469
38 3296
38 3317
39 226
39 2209
39 5102
39 5804
39 6803
39 6812
40 1809
40 2703
40 3014
40 6164
40 6715
41 301
41 1248
41 1538
41 4432
41 4855
41 6719
42 3456
42 6331
43 106
43 899
43 3202
43 4424
43 5563
44 1756
44 3399
45 4822
45 6409
46 1700
46 3665
46 5627
46 8048
47 1653
47 2050
47 4039
47 8021
48 377
48 390
48 3192
48 3417
48 4455
48 6529
49 1335
49 1388
49 2437
49 2975
49 5177
49 6261
49 7701
50 1246
50 1714
50 1717
50 3183
50 3939
50 4063
50 7769
51 3075
51 3132
51 4255
51 5200
51 7686
53 2278
53 3544
53 7271
54 2788
54 5524
55 944
55 3324
55 4068
55 7086
55 7862
56 1089
56 2038
56 5993
56 7064
56 7426
56 8043
57 1766
57 3036
57 3070
57 4805
58 2645
58 2654
58 3749
58 5761
58 6013
59 609
59 4313
59 5467
59 7279
60 205
60 589
60 768
60 4575
60 5528
60 7185
61 493
61 1535
61 7050
61 7171
61 7873
62 1714
62 3486
62 5401
64 1430
64 2497
64 2922
64 3902
64 3965
64 5778
64 7770
65 130
65 341
65 670
65 5479
65 7423
66 311
66 4605
66 4893
67 2791
67 3082
67 6305
67 8163
68 4266
71 5501
71 5534
71 5638
71 8012
72 1373
72 3040
72 4577
72 5886
72 6043
73 673
73 1087
73 2193
73 5324
73 5828
74 1305
74 2356
74 3779
74 4552
74 5482
74 7632
75 1599
75 3450
75 5515
75 5891
75 6054
75 8190
76 597
76 2192
76 2720
76 4187
76 5818
76 6105
76 7378
77 314
77 1462
77 2102
77 3000
77 4269
77 4468
77 8128
78 4725
78 5999
79 2120
79 4015
79 4254
80 1756
80 4366
80 5873
81 324
81 588
81 988
81 2416
81 4398
81 4435
81 4946
83 4129
83 4813
83 5174
83 5911
86 1230
86 6900
86 7282
87 2277
87 2595
87 3239
87 3888
87 6445
89 2552
89 3688
89 7070
89 7829
90 219
90 3361
90 5468
90 5521
90 8094
91 1521
91 1811
91 3984
91 4343
91 4477
91 7171
91 7755
91 7774
92 286
92 421
92 646
92 3908
92 5631
92 6951
92 7865
93 351
93 506
93 4214
94 1083
95 2068
95 2093
95 2721
95 3062
95 4780
95 6621
95 6920
95 7903
95 7945
96 5026
96 7023
96 8178
98 1573
99 419
99 865
99 1596
99 2277
99 4796
99 5184
99 7476
100 447
100 3103
100 3921
100 6435
100 7175
101 765
101 1003
101 1090
101 2193
101 3492
101 4171
101 4364
101 4650
101 7476
101 7726
102 1080
102 7070
102 7676
103 786
103 1385
103 3024
103 4982
103 5650
103 5863
104 744
104 2125
104 2159
104 2372
104 3744
104 5130
104 7806
105 682
105 1482
105 2119
105 3050
105 3109
105 4864
105 5029
106 1552
106 2237
106 2833
107 6081
108 1267
108 1670
108 2720
108 4893
108 6333
108 6616
108 7428
108 8193
109 3007
109 5386
110 4039
111 1615
111 4315
111 4621
111 7260
113 211
113 3914
115 679
115 1940
115 3479
115 4364
115 7567
116 2919
116 3032
116 3354
116 5799
116 7728
120 3519
120 7752
121 336
121 1607
121 3561
121 5334
121 5998
121 6080
121 6416
122 336
122 650
122 663
122 964
122 2044
122 6046
124 769
124 3262
125 1020
125 3380
125 5006
125 5184
125 5827
126 933
127 3062
127 4507
127 4820
129 359
129 3375
129 4269
129 5630
129 6646
130 301
130 2297
130 4625
132 4401
132 4929
133 292
133 3655
134 1522
134 5708
134 6646
135 208
135 936
135 1767
135 3903
135 4609
136 3180
136 4409
138 269
138 909
138 1681
138 2935
138 3313
138 3549
138 3881
138 4975
138 7214
139 7927
140 1592
140 1757
140 8149
142 3869
142 3917
142 4056
142 6775
142 8066
143 2099
143 4417
144 2286
144 7228
144 7491
145 3870
145 4053
147 1490
147 5580
150 1241
150 2611
150 5815
151 2037
151 7819
152 1246
152 3465
153 793
153 5273
154 870
154 3933
154 7906
155 686
155 4218
155 5075
155 5709
156 1990
156 3104
157 282
157 493
157 2651
157 3059
157 4791
157 4922
157 7683
158 962
158 1868
158 2170
158 2325
158 2657
158 3278
158 5802
158 6417
161 639
161 4725
161 8005
162 4578
162 7165
163 1638
164 5384
165 1608
165 1800
165 2297
165 3614
165 5132
165 6180
165 6543
165 7452
166 1675
166 3468
167 182
167 1470
167 5793
168 2490
168 6121
168 8005
169 5671
169 5721
169 7658
171 303
171 5793
172 1129
172 3025
173 224
173 1637
173 7728
175 1049
175 1419
175 3729
175 5521
175 5589
175 6783
176 4659
177 902
177 1339
177 3282
177 3674
177 3967
177 6201
178 1089
178 1756
178 6840
178 7736
179 559
179 639
179 825
179 1796
179 4764
179 5428
179 6692
180 3875
180 4361
180 6416
180 6472
181 1633
181 2775
182 1637
182 2524
182 7030
182 7386
183 954
183 1607
183 2134
183 2517
183 4796
183 6984
185 4600
185 5563
185 7080
187 662
187 2778
187 3148
187 6802
188 2647
188 2730
188 4458
188 5455
188 6537
190 1296
190 2381
190 4178
190 5306
190 5883
190 7861
190 8041
191 435
191 3068
191 3377
191 5308
191 6543
191 7110
192 3073
193 2130
193 3103
193 4852
193 5577
193 6885
194 674
194 2919
194 5045
194 5480
194 6685
194 6739
197 1250
197 1354
197 5649
197 7649
199 4827
199 7649
201 1331
201 1639
201 6769
201 7149
202 1266
202 1629
202 3567
203 2256
204 1318
204 2356
204 6954
205 4705
205 5012
205 6834
208 2760
208 5741
208 7329
209 4265
209 6846
211 364
211 4529
211 5916
211 6380
211 7280
214 2172
214 3955
214 4053
214 4429
214 5419
214 7774
215 6488
216 254
216 5296
218 1594
218 4511
218 5783
218 6570
218 7161
218 7511
219 1135
219 3567
221 4133
221 4575
223 1144
223 1741
223 5521
224 329
224 2171
224 2507
224 2752
224 4332
224 4938
224 6864
226 1700
226 5233
226 5423
226 7126
227 604
227 2370
227 5240
227 5603
228 1266
228 5427
228 5562
228 6720
230 5694
230 7107
230 8277
231 3237
231 5771
231 7150
231 7362
231 8130
232 977
232 1242
232 1621
232 1903
232 1922
232 3489
232 6325
235 366
235 3942
236 787
236 1139
236 5432
237 2320
237 4476
238 1931
238 1977
238 6552
238 6812
240 694
240 1928
240 2736
240 3461
241 1316
241 1496
241 2865
241 4134
241 6494
242 1164
242 7658
243 307
243 1592
243 3429
243 3804
243 4212
243 6212
243 7425
244 1793
244 1964
244 6064
245 567
245 1134
245 2193
245 2387
245 4534
245 6622
246 402
246 3815
246 6809
247 775
247 4078
247 4652
249 1783
249 3562
249 4355
249 4496
249 4567
249 5089
250 2144
250 5902
250 6321
250 6948
251 2178
251 7222
252 1188
252 1667
252 1732
252 2598
252 3655
252 3688
252 7492
254 5201
254 5321
255 1279
255 2306
255 2462
255 2872
255 3655
255 4827
255 7276
256 6682
256 7040
257 5563
257 6160
258 358
258 1018
258 2987
258 4323
258 5527
258 5926
258 6880
258 7588
259 6325
260 4591
260 5321
260 6016
260 7053
261 1128
261 1688
261 1733
261 3355
261 7498
263 4621
263 7109
263 8193
265 1733
265 2356
266 832
266 957
266 3622
266 4626
266 4706
266 5528
266 8112
268 887
268 2381
268 5626
268 6177
268 7701
269 1644
269 1875
269 6001
269 6550
269 6570
269 6789
269 7390
270 2316
271 715
271 3898
271 4748
271 5016
273 556
273 704
273 1513
273 3297
273 4986
273 5317
274 2608
274 5915
274 7389
274 7393
275 899
275 913
276 725
276 1535
276 2658
276 3929
276 4866
276 4893
276 5043
276 5740
277 6311
277 7604
280 3815
280 5317
280 7740
282 617
282 746
282 1874
283 1018
284 1752
284 5936
284 6670
285 2535
285 3563
285 3816
285 6607
285 8156
286 1674
286 2073
286 3239
286 5215
286 5714
290 856
290 2307
290 6239
291 2659
291 3750
291 6416
291 6495
292 748
292 1046
292 2680
292 3176
292 4369
292 5750
292 7180
292 7512
293 934
293 2697
293 2951
293 3346
293 4477
293 4982
293 6712
293 6762
295 2133
295 4987
295 5396
295 5830
295 6176
296 5499
298 1990
298 3595
298 4882
299 1539
299 2331
299 3876
299 3967
299 4751
299 5622
299 5797
299 6948
300 1242
300 1915
300 2016
300 2145
300 2744
301 3454
301 6417
302 311
302 4424
302 5175
302 8063
303 741
303 1597
303 6726
304 1991
304 3970
305 3115
305 5289
306 541
306 7728
307 427
307 2550
307 3586
307 4015
307 8007
308 2114
308 2998
308 3249
308 4524
308 5463
308 5608
308 5756
308 6525
310 1521
310 2411
310 4824
310 5713
311 335
311 1473
311 2376
311 2615
311 6634
312 618
312 2411
313 1315
313 3925
313 4446
313 4664
313 5061
313 7842
314 1500
314 2111
314 3516
314 4066
314 5835
314 6537
314 6766
315 1124
315 1469
315 2444
315 5298
315 5750
316 2571
316 2825
316 4721
316 5111
316 7736
317 1160
317 3018
317 3275
317 5350
318 1956
318 3300
318 7173
319 2563
319 3282
319 7491
320 5520
320 6001
321 1204
321 1499
321 4733
321 5988
322 667
322 4648
322 5079
322 7578
324 1532
324 3726
325 2833
325 3320
325 3630
325 4111
325 5686
326 996
326 1065
326 6356
326 6552
326 7228
327 3982
327 4828
327 5160
327 5387
327 6595
328 988
328 3646
328 5143
328 7647
329 353
329 1944
329 6710
329 7857
331 591
331 713
331 2272
331 2758
331 2910
331 3270
331 4412
331 5388
332 5324
332 5589
332 8038
333 3775
333 6860
334 4487
335 691
335 977
335 2691
335 6414
336 698
336 3903
336 4265
336 5016
336 7871
338 1352
338 1937
338 5332
339 4314
339 7233
340 2496
340 2506
340 7011
341 4986
342 909
342 5164
342 7164
342 7239
342 7727
343 1277
343 2338
343 2479
344 3017
344 5253
344 7128
345 1129
345 1343
345 3083
345 3087
345 6809
345 8284
346 1260
346 2797
346 3142
346 8069
347 6106
348 2909
348 3015
348 3338
349 460
349 3247
349 3451
349 3816
349 4743
349 5509
349 6614
350 2577
350 7567
351 2161
351 5016
351 6632
352 439
352 7792
353 1468
353 3541
353 4974
353 8219
356 387
356 454
356 463
356 2611
356 4850
357 559
357 3814
357 5010
357 5822
357 6416
358 406
358 1140
358 3719
358 7387
358 7634
359 2701
359 3235
359 3970
359 4308
359 5132
359 5295
359 5897
359 8061
359 8275
362 2277
362 5099
362 6832
363 4134
363 5132
363 5513
364 1038
364 5783
364 5890
364 6941
364 8198
365 1383
365 2909
365 3538
365 4487
366 964
366 1984
366 3457
366 7038
367 6491
368 1026
368 4744
368 4938
368 7756
370 566
370 1687
370 1847
370 2817
370 3007
370 3284
370 7178
371 5683
372 3379
372 4856
373 2178
373 6993
374 1771
374 4778
376 949
376 2054
376 4651
376 6378
377 616
377 3376
378 955
378 1832
378 4844
378 5456
378 6982
378 7063
378 7183
379 649
379 701
379 1077
379 1321
379 2620
379 3155
379 3771
379 5305
379 7727
381 2787
381 3035
381 4827
383 561
383 6109
386 2480
386 3126
386 3812
387 764
387 1538
387 1639
387 1887
387 3600
387 7230
389 1416
389 3954
389 6619
389 7295
389 8173
390 2133
390 2686
391 1142
391 1925
392 4053
392 4212
392 6445
392 6657
394 1738
394 5512
394 7497
395 3889
395 5921
395 7993
396 1420
396 8079
398 4076
399 1233
399 2225
399 4881
400 760
400 1012
400 3083
400 4844
400 6546
400 6832
402 3320
402 4282
402 5264
402 6771
403 1329
403 6567
403 7282
404 1435
404 1468
404 2340
404 4946
404 5092
404 6636
405 534
405 3004
405 7882
406 2066
406 3055
406 6204
406 6930
406 8249
407 2363
407 4098
407 5231
409 715
409 1648
409 2014
409 2371
409 3806
409 5868
410 7593
412 2958
412 3092
412 5098
412 7919
414 687
414 863
414 4265
414 4347
414 5839
414 6421
414 6452
414 6801
414 6950
415 934
415 3310
415 4655
415 6218
415 7350
416 4059
416 5198
417 5806
417 6422
419 3380
419 3955
419 4922
421 7306
421 7788
422 2670
422 3809
422 4134
422 4613
422 6286
423 614
423 1086
423 1139
423 1813
423 4213
423 5503
423 6078
425 2298
425 2364
425 6328
426 1626
426 2925
426 3191
427 1434
427 2778
427 2875
427 5457
427 6723
427 8276
428 5913
429 1956
429 2496
429 5470
429 5550
429 7733
430 2416
430 5892
430 6848
431 4647
431 6213
431 7478
432 4162
433 659
433 3960
433 7012
434 633
434 3659
434 5805
434 6464
434 6616
435 5396
435 8050
439 4201
439 5081
439 6344
439 7875
440 3885
440 5261
440 6953
440 7428
444 788
444 2688
444 5043
444 7101
445 3731
445 4595
445 5232
447 2417
447 3057
447 5603
447 7402
447 8295
449 1504
449 3106
449 3271
449 4837
449 4893
449 7327
449 7514
454 1061
454 2856
454 3483
454 7087
454 7143
455 2975
455 3851
456 5459
457 3650
458 5683
458 8149
460 756
460 2341
460 2908
460 4648
460 5118
461 4256
462 2011
462 4224
462 4795
462 5939
462 7071
462 7961
462 8021
463 2842
463 3077
463 3227
463 4447
463 4739
463 5148
463 7057
465 1044
467 762
467 3106
469 1537
469 2360
469 3523
469 4089
469 5949
477 694
477 4015
477 5189
477 6041
477 6907
479 982
479 1079
479 3140
479 3473
479 5264
479 6313
479 6467
488 2097
488 4592
488 5102
489 2115
489 3072
489 5181
489 5922
493 1156
493 4654
493 7533
494 1139
494 5565
494 7668
495 948
495 1203
495 4443
495 5704
495 7030
497 1585
497 1691
497 2777
497 4446
497 6769
498 3527
499 1253
499 2386
499 2591
501 2329
501 2472
501 2775
501 4882
502 3176
502 3958
502 5466
502 6227
506 1952
506 2493
506 2963
506 7204
506 8190
513 2740
513 5332
513 6632
514 2509
514 2898
514 3665
514 4199
514 6217
514 6607
517 1648
517 2618
517 3252
517 3769
517 4832
517 5626
517 5930
521 1638
521 3489
521 6532
521 7818
524 5207
525 561
525 7134
530 5468
534 2663
534 7179
536 1144
536 4183
536 7650
536 7812
538 886
538 6437
539 1485
539 3655
539 7938
541 1234
541 2083
541 4583
541 7284
542 1046
542 3080
542 3447
542 3724
544 1270
544 3563
544 4500
544 4733
544 6344
545 7946
546 2116
546 3877
546 5197
546 6305
546 6460
546 7860
549 778
549 2476
549 3148
549 5203
549 5343
549 5551
549 6106
549 6571
552 1401
553 1526
553 1880
554 1062
554 4121
555 1000
555 3823
555 4654
556 759
556 2273
556 2651
556 2956
556 4530
556 4862
556 5963
556 7149
559 5022
560 2133
560 4915
560 5511
561 2321
561 2775
561 6111
561 6867
561 8019
564 2617
564 3958
564 4307
565 2557
565 4567
566 2877
566 6955
566 7580
566 8237
567 1085
567 3402
567 3542
567 4799
570 1281
570 2103
570 3060
570 3457
570 5253
570 8010
572 1393
572 2174
572 3905
572 4051
572 5549
572 7862
574 1484
574 1556
574 2479
574 3556
574 4299
574 5164
574 6462
574 7204
575 3683
579 2747
579 3530
579 5739
580 2965
580 3780
580 7073
580 7323
581 1341
581 3044
581 5114
582 3450
582 6596
583 946
583 3603
583 5333
583 5563
583 5577
583 6622
583 7352
583 8012
584 2744
585 3147
585 4016
585 5499
586 854
587 4046
587 4574
588 2244
588 5162
588 6221
588 7788
589 1993
589 4560
589 4726
589 7893
590 6489
591 4944
592 1496
592 1535
592 3633
592 4764
592 6858
592 6979
592 7927
595 2557
595 4673
597 1253
597 3047
597 5612
597 7189
600 3448
600 4068
601 2033
601 2153
601 2324
601 6815
601 6979
604 2595
604 3776
604 8204
606 4671
607 3492
607 3535
607 4455
607 7020
607 7394
608 2687
608 3671
608 4187
608 4432
608 5208
608 5339
608 5368
608 7162
611 1243
611 2256
611 2558
613 956
613 3366
613 4924
613 7354
614 1330
614 2036
614 6248
615 6702
615 7534
616 1147
616 4977
616 6900
617 5184
617 5684
618 1466
618 5466
618 6897
619 1311
619 2120
619 5217
619 6613
620 1589
620 4104
620 5927
620 6769
622 787
622 824
622 5817
622 6498
622 7198
625 1336
625 3579
625 3763
625 4904
626 2112
626 2317
626 3357
626 5198
627 823
627 1124
627 1293
627 4586
627 5038
627 5942
627 6106
627 8294
628 1133
628 3983
628 6197
628 6907
631 5073
631 6427
631 7498
633 1472
633 2905
633 7130
634 3142
634 5623
634 6242
635 2195
635 4811
635 5247
636 2224
636 4070
636 4533
636 4786
636 5694
636 6272
637 1441
637 2060
637 6676
637 6955
639 2091
639 6546
639 6620
639 7441
640 2469
640 5797
640 7434
641 1507
641 4188
641 6880
641 7053
641 7557
642 1092
642 1165
642 3974
642 6503
642 6930
643 944
643 7241
643 8193
644 936
644 2010
645 1691
645 1707
645 2003
645 4395
645 5484
646 1892
646 2293
646 2758
646 2799
646 4530
646 5807
647 1662
647 4898
647 5465
647 6010
648 6933
648 7341
649 2474
649 4148
649 5222
649 5671
650 2643
650 8042
651 1690
651 3315
652 2569
652 3526
652 6769
652 7362
653 2063
653 4728
653 5276
653 5514
653 7564
656 700
656 1044
656 1914
656 2196
656 3586
656 4428
656 6865
657 4070
657 4442
657 4588
657 7815
658 1004
658 2299
658 2384
658 3036
658 6777
658 7329
659 1188
659 5877
659 6566
661 1795
661 2281
661 3253
661 6174
661 7747
662 1531
662 4492
662 4894
662 6502
663 1233
663 6779
664 2586
664 3870
665 3646
665 5927
665 6212
665 6681
665 6760
666 1819
666 3903
666 5936
666 8295
667 4875
667 6809
668 1510
668 1658
668 2061
668 3667
668 5982
668 7642
670 3673
670 5162
670 6367
673 3020
674 1084
674 1716
674 2339
674 4129
674 4721
674 8293
675 2523
675 3842
675 4164
675 7144
675 7856
677 6378
677 7726
679 816
679 3291
679 4687
679 6901
681 2375
681 2701
682 2437
682 2807
682 3483
682 5577
684 1239
684 2253
684 3865
684 5570
684 6869
684 7882
686 1014
686 5058
686 6622
687 3992
687 4311
687 4929
687 4948
687 5452
687 7198
687 7735
687 7769
688 1039
688 1533
688 7687
689 1689
689 4486
690 1772
690 2293
690 5173
690 5181
690 6043
691 861
691 1128
691 1419
691 3377
691 8173
692 1124
692 1342
692 2865
692 6746
694 1406
694 3383
694 3547
694 4103
694 6567
695 3202
695 3809
696 1688
696 2713
696 6032
696 6726
696 6953
696 7021
697 3671
697 4034
697 4058
697 4575
698 4507
698 5200
699 2186
699 3451
699 5238
700 1394
700 1629
700 2209
700 4682
700 6445
701 6913
701 7678
704 2619
704 8045
705 866
706 775
706 2963
706 4870
706 6321
708 2004
708 2341
708 6529
710 2856
710 3556
712 2687
712 4940
712 6204
713 2918
713 4874
713 6462
714 1619
714 2114
714 3479
714 3962
714 5061
714 5696
714 5821
714 8211
715 2672
715 4329
715 6116
717 2646
717 6407
719 2787
719 4398
719 4623
719 5835
719 7831
719 8073
722 1244
722 4963
722 7302
722 7405
723 885
723 1474
723 1790
723 2956
723 3145
723 6483
723 7386
724 2110
725 1670
725 1880
725 4307
725 4345
725 6915
725 7730
726 1033
726 1425
726 1691
726 1983
726 5651
727 1466
727 2345
727 3929
727 4424
727 5153
727 7044
728 7239
728 7327
730 3580
733 1211
733 2141
733 2751
733 5623
733 5998
736 5332
736 7605
737 5284
737 6635
737 6758
738 995
738 998
738 6111
738 7696
739 1244
739 2214
739 3527
739 3925
739 6833
741 1033
741 4055
741 6398
741 7130
742 1271
742 5075
742 6461
743 3678
744 1781
744 2118
744 3659
744 4116
744 6801
745 760
745 1197
745 2130
745 2719
745 5952
746 943
746 2647
746 3659
746 5363
748 2674
748 3199
748 3561
748 5125
748 5972
748 6723
749 959
749 6464
750 1395
750 4726
750 4929
750 4932
750 5284
754 781
754 2033
754 2193
754 3389
754 3445
754 3488
754 3537
754 4851
754 8058
756 2576
756 5313
756 5892
758 2721
758 4862
758 4922
758 5480
759 7128
759 7222
760 1060
760 2232
760 6635
760 6783
760 6790
761 772
761 1041
761 1287
761 6184
763 4671
763 8222
764 1018
764 3190
764 4011
764 4789
764 5239
764 6148
764 6783
765 4221
765 5605
765 7266
765 7330
766 3985
766 5301
768 2456
768 2687
768 3735
768 4191
768 4438
769 1645
769 2437
769 7227
770 3338
771 1199
771 1683
771 2237
771 2724
771 6013
771 6685
772 6634
778 1807
778 2092
778 2788
778 4138
778 7757
779 3508
779 4164
779 6248
780 2478
780 4307
780 4967
780 5673
781 3114
781 3296
781 7744
782 1864
782 3015
782 6192
784 1434
784 3518
784 3911
784 3974
784 4964
784 7397
786 1520
787 2704
787 4133
787 5499
787 7604
788 2502
788 4542
788 4550
789 3238
789 3391
789 5579
791 1765
791 6330
791 7736
791 8094
792 3425
792 3471
793 2568
793 3291
793 4595
793 6595
794 6706
795 3498
796 7647
796 8112
797 1484
797 4578
797 5580
798 1212
798 7511
800 849
800 1022
800 7390
801 2054
801 2332
801 4205
801 6038
801 8037
802 4190
802 7171
803 975
803 2692
803 3346
804 1167
804 1790
804 5360
805 1053
805 3553
805 5805
806 1144
806 1335
806 1442
806 1997
806 4315
806 5623
806 7861
808 1972
808 2360
808 4126
808 5447
808 6525
808 8249
810 5514
811 1014
811 1354
811 4272
811 4529
812 820
812 865
812 1077
812 1197
812 2574
812 4562
812 6198
812 6890
813 1677
813 1688
813 7994
814 1780
814 5298
815 6223
815 6545
816 8037
816 8092
817 974
817 2542
817 6695
817 7653
817 7890
817 8148
818 1467
818 1615
818 7134
820 1000
820 2760
820 4422
822 2858
822 2860
822 3242
823 978
823 1095
823 2958
823 3812
823 5658
824 6958
825 830
825 1049
825 4026
825 4181
825 5003
826 1601
826 2906
826 3450
826 4016
826 4584
826 6216
826 6865
827 2257
827 5570
827 6437
829 1759
829 2325
829 2371
829 4417
829 4739
829 8063
830 4436
830 4530
830 4828
830 7162
831 1535
831 2689
831 2979
831 4981
831 6295
832 2253
832 3893
832 7354
836 1462
836 5468
837 2412
837 2770
837 3637
837 5343
837 7853
838 2202
838 5484
838 6661
839 2345
839 4000
839 6524
839 7376
839 7853
841 2510
841 3468
841 3595
842 1330
842 4458
842 4746
844 3247
844 3855
844 5862
848 2880
848 3307
848 3310
848 3875
848 5691
848 5908
848 7534
849 4349
850 1087
850 4782
850 5844
850 5949
850 6261
851 1124
851 2053
851 4016
851 4485
851 5104
851 7172
852 2469
852 2788
852 2793
852 3388
852 3391
852 5465
852 6162
853 1807
853 5317
854 3262
854 3720
854 5803
854 6196
854 6483
854 7260
855 3063
855 3406
855 7127
856 868
856 2163
856 2372
859 979
859 1495
859 1782
859 2658
859 3123
859 6833
860 2412
860 3004
860 3713
861 1046
861 2965
861 5179
861 6914
862 1647
862 2931
862 4581
862 6702
862 6938
863 4355
863 6245
864 904
864 1279
864 4582
864 5393
864 5495
865 1807
865 5012
865 8286
866 911
866 1165
866 2364
866 5815
866 7183
866 7734
868 3513
868 5693
869 955
869 1714
869 1829
869 2333
869 7383
869 7597
870 2662
870 7686
871 945
871 2113
871 2969
871 3092
872 1435
872 3041
872 3115
872 4757
872 5119
872 5506
873 1965
873 2139
873 4583
873 5738
875 948
875 2572
877 2145
877 7588
877 7861
878 1514
878 2314
878 3563
879 1499
879 3350
879 4952
879 5002
879 5965
881 2237
881 6325
881 6696
882 1795
882 4228
882 4661
882 5022
882 5335
882 8295
883 1083
883 3751
885 1250
885 2524
885 4814
885 7253
886 1471
886 3268
886 4442
887 2583
887 3580
887 5489
887 5844
887 6775
887 7181
893 2578
893 4266
893 4320
893 7070
895 3670
895 5651
895 5706
895 7260
896 2592
896 5919
896 7967
896 8066
897 2683
897 2933
897 4528
898 3326
898 3977
898 5391
898 7687
899 2200
899 3671
900 4073
900 4163
900 4820
900 6421
900 7127
900 8010
902 5160
903 2400
903 5351
903 5475
903 7186
903 7553
904 2426
904 6489
905 1090
905 2626
905 3403
905 4561
905 7130
906 5640
906 6190
906 6976
907 4922
907 6892
907 8019
908 2294
908 4224
908 5179
908 6271
909 1821
909 4818
909 5384
910 3130
910 3189
910 8037
911 4476
911 5761
911 7226
911 7428
911 7871
912 1535
912 2596
912 5673
912 6334
912 7100
912 8174
912 8249
913 1186
913 1315
913 1437
913 2194
913 4663
914 926
914 1419
914 2168
914 4263
914 4425
914 5763
915 2151
915 5459
915 7553
916 5428
918 2295
918 3842
918 3880
918 4363
918 4909
918 5073
918 7919
920 1416
920 3313
920 5008
920 5787
921 4013
921 7806
922 4371
922 6789
926 1003
926 1368
926 2249
926 5423
926 5780
926 6347
926 6543
926 7574
928 2073
928 2227
928 6624
929 5261
929 5352
929 6829
930 2504
930 3378
930 4349
931 4053
931 4792
931 7952
932 1556
932 4323
932 4821
932 5640
932 6626
933 1623
933 4256
934 3655
934 4922
934 5882
935 998
935 1003
935 2987
935 4577
935 4586
935 5692
935 5925
935 7733
936 1281
936 4458
936 4502
936 5911
936 6834
937 2928
937 6041
937 7518
938 1772
938 4024
938 6873
938 7188
941 7273
942 3667
942 3962
942 4963
942 6166
942 7280
943 2611
943 4079
943 5274
944 2294
944 6331
944 6724
945 3451
945 3480
945 3822
945 4299
945 4476
945 5565
945 5828
945 5966
946 4311
946 4765
946 7965
947 1668
947 4553
948 2751
948 3490
948 4070
948 5321
948 7086
949 1157
949 1730
949 3892
949 8162
950 4214
950 4840
950 6783
954 1012
954 1967
954 3457
954 5684
954 6082
955 1714
955 5199
955 7946
956 3995
957 1485
957 2250
957 2975
958 1144
958 1423
958 4618
958 5123
958 6096
958 7036
958 7862
959 2615
959 5160
960 4837
961 2793
961 3532
961 4567
961 4846
961 7413
962 1781
962 3625
962 4401
962 5827
962 6695
962 7425
963 1252
963 2880
963 7901
966 2417
966 2473
966 3047
966 3914
966 4232
966 5079
966 5305
966 6330
967 1286
967 1667
967 2657
967 2804
967 4201
967 4646
968 3259
968 7109
969 1557
969 1683
969 1684
969 3553
969 7449
970 1524
970 4361
970 4483
970 4678
970 6437
971 1024
971 6517
971 7030
972 1270
972 3887
973 2325
973 4564
973 5463
974 1532
974 3315
974 3457
974 4502
974 7857
975 982
975 6427
975 8292
977 1872
977 5850
977 6166
978 1946
978 2194
978 2839
979 3002
979 4458
981 1931
981 2570
981 3579
981 3999
981 4347
981 5306
981 5564
981 6320
982 4706
982 4844
983 2523
983 6197
985 6160
986 2617
987 2251
987 3749
987 3800
987 6737
987 7238
988 1196
988 1470
988 2033
988 2527
988 2838
988 5083
988 5509
989 5148
989 7056
991 2967
991 7180
993 3047
993 3290
993 7907
993 8189
994 1052
995 1855
996 7315
998 3604
998 3816
998 4041
999 1384
1000 1111
1000 2153
1000 2509
1000 2643
1000 4973
1000 6923
1000 7450
1003 1912
1003 4201
1003 4813
1003 6620
1003 7050
1004 3658
1004 4316
1004 4974
1005 1513
1005 2490
1005 4150
1005 5780
1005 5892
1005 8186
1006 2680
1006 3973
1006 5098
1006 6198
1006 7756
1007 3032
1007 5442
1007 7818
1008 1553
1008 4134
1008 5103
1008 5392
1008 5931
1009 4825
1009 7002
1010 1248
1010 3084
1010 4456
1010 4533
1010 4563
1010 5982
1010 6207
1011 1362
1011 3305
1011 4152
1011 4307
1011 4852
1011 5208
1012 2101
1012 4829
1012 6344
1013 5514
1014 2778
1014 3610
1014 3806
1014 4070
1014 4788
1014 6613
1014 6746
1014 8162
1018 2478
1018 3249
1018 4605
1020 3591
1020 5549
1020 6495
1020 6950
1022 5899
1023 1747
1023 3338
1023 3568
1023 4791
1023 5872
1023 6935
1024 2144
1024 4373
1024 6778
1026 1099
1026 6571
1027 3017
1027 6486
1027 7840
1028 2363
1028 4147
1028 6695
1028 7061
1028 7567
1029 2923
1029 3180
1029 4120
1030 1286
1030 2010
1030 2591
1030 4031
1030 4063
1030 5151
1030 5650
1030 5756
1030 5936
1030 6394
1031 5078
1031 7497
1031 7697
1032 3666
1032 5651
1033 1918
1033 4155
1033 4471
1033 6269
1033 8131
1034 1103
1034 1202
1034 3666
1034 3970
1037 2478
1037 4179
1037 4967
1037 6442
1038 3266
1038 6437
1039 7426
1041 1922
1041 2244
1041 3375
1041 7204
1042 1388
1042 5466
1042 6306
1043 1466
1043 4435
1043 4588
1044 1100
1044 5649
1046 1067
1046 2585
1046 2688
1046 3564
1046 7511
1046 7908
1048 3060
1048 8132
1049 2009
1049 3921
1049 5738
1049 6046
1049 6272
1050 6223
1051 4403
1051 4821
1051 5210
1051 8021
1052 3921
1052 4162
1052 5333
1052 6314
1052 6892
1053 6744
1053 6911
1055 1097
1055 1099
1055 3297
1055 5886
1055 6613
1059 1439
1059 2548
1059 2572
1059 2910
1059 3762
1059 4256
1059 4942
1060 2299
1060 2413
1060 2967
1060 3754
1060 3796
1060 5617
1061 1389
1061 8005
1062 3371
1062 4561
1062 8019
1063 7916
1064 1157
1064 2324
1064 4578
1064 6713
1065 3378
1065 4815
1065 5604
1065 7271
1066 3077
1066 6241
1066 6713
1066 6803
1067 5182
1067 5887
1068 2414
1068 4842
1068 5255
1074 1980
1074 2851
1074 3537
1075 1495
1075 1770
1075 2566
1075 4441
1075 4760
1075 5275
1075 7696
1077 3259
1077 4045
1077 5704
1077 6219
1078 2295
1078 4219
1079 2415
1079 6772
1079 6901
1080 1336
1080 4013
1082 4068
1082 7131
1083 1531
1083 3345
1083 3665
1083 4986
1083 5706
1084 2117
1085 2797
1085 3180
1085 3932
1085 8289
1086 4598
1086 4725
1087 2110
1087 3623
1087 5261
1087 5603
1087 6605
1090 3270
1090 5850
1092 4163
1092 4342
1092 5543
1092 6902
1092 7743
1093 3897
1093 7659
1094 1587
1094 1772
1094 3897
1094 4779
1095 5810
1097 4860
1098 3682
1099 4646
1100 1940
1100 2378
1100 4162
1100 6166
1100 6257
1100 8005
1102 7890
1103 2237
1103 4373
1103 4943
1103 7365
1105 1967
1105 2181
1105 3402
1105 4461
1105 7352
1106 1592
1106 1935
1106 2381
1111 2807
1111 3490
1111 5887
1111 6907
1113 5940
1113 6505
1114 2908
1114 5886
1114 6949
1124 5104
1124 5768
1124 5949
1125 1352
1125 2686
1125 2805
1125 5096
1125 5627
1125 5801
1126 1641
1126 3754
1126 4055
1127 1392
1127 3262
1127 4292
1128 1980
1128 6771
1129 1164
1129 1951
1129 2699
1129 3880
1129 4972
1129 7379
1131 2113
1131 2254
1132 3449
1132 4031
1132 7119
1132 7417
1133 1160
1133 1831
1133 3259
1133 3798
1133 5011
1133 6213
1133 7900
1134 2704
1135 3580
1135 5584
1135 5708
1135 5960
1135 6607
1135 8146
1137 3439
1137 4909
1137 5039
1137 6923
1137 8290
1138 3256
1138 6394
1139 1354
1139 1722
1139 2720
1139 3658
1139 6097
1139 7594
1139 7740
1140 1956
1140 3252
1140 3808
1140 5404
1140 8046
1141 7243
1142 2474
1142 4431
1142 5110
1142 6201
1143 1328
1143 4532
1143 6166
1143 6503
1143 7578
1143 7707
1144 4742
1144 6737
1145 4710
1145 5267
1145 5802
1145 5873
1145 6915
1147 1555
1147 2414
1147 3155
1147 3665
1147 4400
1147 7969
1150 2060
1150 3593
1151 2306
1151 2797
1152 3191
1154 1316
1154 4809
1154 5925
1154 7450
1156 1271
1157 4511
1157 5334
1157 6360
1157 7389
1160 1722
1160 5471
1160 6951
1164 1504
1164 2137
1164 3271
1164 4718
1164 5146
1165 1628
1165 1928
1166 5141
1166 7014
1166 7774
1166 8124
1167 2276
1167 6406
1167 7164
1168 1380
1168 1514
1168 6445
1168 6461
1168 6885
1169 1195
1169 4832
1169 5731
1169 6552
1170 1470
1170 2290
1170 4999
1179 3804
1179 7818
1182 2480
1182 4825
1182 5032
1183 1549
1183 7701
1184 4329
1184 6695
1185 3087
1185 4299
1185 5428
1186 2764
1186 2976
1186 4073
1186 5501
1187 1485
1187 3449
1187 3595
1187 3670
1187 4187
1187 6915
1188 3483
1188 4232
1188 5705
1188 6548
1190 2364
1190 5174
1190 6201
1190 6712
1191 2210
1191 2589
1191 4043
1192 3315
1192 4881
1192 4903
1192 6082
1193 4111
1193 6232
1193 7035
1195 7839
1196 4341
1196 4840
1196 5886
1196 7175
1197 7104
1198 4737
1199 2672
1200 1392
1200 3600
1200 4709
1200 4777
1200 5680
1200 5770
1200 8051
1201 3540
1201 8209
1202 2264
1202 4604
1203 1613
1203 2805
1203 4055
1203 5099
1203 6317
1204 5246
1204 7780
1207 1285
1207 1706
1207 2264
1207 4856
1210 3595
1210 5193
1211 1250
1211 3225
1211 7273
1211 7440
1211 8047
1212 4189
1212 4665
1212 5106
1212 6620
1214 2294
1214 4014
1214 4297
1215 4224
1215 5946
1218 3256
1218 3447
1218 5141
1220 2774
1220 3856
1220 7350
1221 2322
1221 4099
1222 1722
1222 2805
1222 3129
1222 4693
1222 5553
1222 6859
1228 1285
1228 2325
1228 7231
1230 1462
1232 2165
1232 2258
1232 3529
1232 3611
1232 7901
1232 8211
1233 4547
1233 6182
1233 7273
1234 1501
1234 2702
1235 1813
1235 4432
1235 7884
1235 8053
1236 6511
1236 7809
1237 3300
1237 5388
1237 8111
1239 2765
1239 3077
1239 3669
1239 7189
1240 3155
1240 3183
1240 5646
1241 2558
1241 3932
1241 5033
1241 5590
1242 7799
1243 3247
1243 3647
1243 6912
1243 7266
1244 2547
1244 8296
1245 3767
1245 4055
1245 4329
1246 2918
1247 2141
1247 3242
1247 3912
1247 4275
1247 8293
1250 7763
1252 1253
1252 1668
1252 4065
1252 6093
1252 7228
1253 2400
1253 6235
1259 5173
1260 1413
1260 2255
1260 2458
1260 5442
1260 7594
1261 1308
1261 2574
1261 4967
1261 7899
1261 7964
1262 6046
1262 6607
1262 6681
1262 6863
1266 1865
1267 2367
1267 5308
1270 1943
1270 1986
1270 2370
1270 3320
1270 3454
1270 4245
1277 1441
1277 2254
1277 4197
1278 1709
1278 2161
1278 2560
1278 2757
1278 3057
1278 3518
1278 6596
1279 2278
1279 3007
1279 6257
1280 1322
1280 1637
1280 2042
1280 2373
1280 3260
1281 3391
1281 3446
1281 3593
1282 2728
1282 3471
1282 5532
1284 1979
1284 2595
1284 4553
1284 4710
1284 5892
1285 3443
1285 4447
1286 2091
1286 2198
1286 3272
1286 3616
1286 5388
1287 5305
1290 1865
1290 2955
1290 3140
1290 4879
1290 6543
1291 1489
1292 7335
1293 2789
1293 4682
1296 1428
1296 3266
1296 6724
1297 1799
1297 5684
1299 3238
1299 3653
1299 7055
1301 2281
1301 5103
1301 6976
1305 2320
1305 5210
1305 6487
1305 6976
1305 7706
1306 1782
1306 7110
1307 2356
1307 2792
1307 4578
1307 5644
1307 6427
1307 7586
1308 1506
1308 4970
1308 5640
1308 6054
1310 2747
1310 3856
1311 1367
1311 3701
1311 3989
1311 7871
1315 3761
1315 4265
1316 3976
1316 5194
1316 5608
1316 5890
1318 2232
1318 2715
1319 5580
1319 5834
1319 7735
1320 1335
1320 3761
1320 6523
1321 1525
1321 3323
1321 4960
1321 6130
1322 3974
1322 4813
1322 4879
1322 6500
1322 7298
1326 1430
1326 2692
1328 1565
1328 1887
1328 4159
1328 6184
1329 1697
1329 2612
1329 5472
1329 6551
1330 1432
1330 1667
1330 3044
1331 4456
1331 4583
1331 6114
1333 2579
1333 2991
1333 3459
1333 5963
1333 7284
1335 4929
1335 6980
1336 1486
1336 3714
1336 4223
1336 4712
1336 6736
1336 7747
1338 3720
1338 3728
1338 5246
1338 5305
1339 1658
1339 1733
1339 2531
1339 3202
1339 6563
1339 6967
1339 7290
1339 7658
1340 2171
1340 7149
1341 2197
1341 5637
1342 1485
1342 3777
1342 5662
1342 7281
1343 3977
1343 4898
1343 5095
1343 6951
1344 1601
1344 2423
1346 2575
1346 2643
1346 2754
1346 4429
1346 4485
1346 4532
1346 7064
1346 7106
1350 2130
1350 3130
1350 5072
1352 4662
1352 5709
1353 2236
1353 3903
1355 1914
1355 3799
1355 7038
1355 7144
1356 1778
1356 5811
1357 3631
1357 6681
1357 7397
1358 5054
1358 7019
1358 7108
1359 1375
1359 2706
1359 5991
1360 1615
1360 2274
1360 2578
1362 2701
1362 4767
1362 5697
1362 6257
1362 6272
1362 6951
1365 1470
1365 3062
1365 3140
1365 3549
1365 4446
1365 4558
1367 2165
1367 2985
1367 3325
1367 4313
1367 5308
1367 6883
1367 6959
1368 2614
1368 2699
1368 7002
1372 3123
1372 3402
1372 7682
1373 5446
1373 6116
1373 6367
1373 6889
1374 4492
1374 5868
1375 3893
1378 1790
1378 2738
1378 3272
1378 5132
1380 2825
1380 3445
1380 3871
1380 4942
1380 5427
1380 6765
1381 3007
1381 5199
1381 5897
1382 1723
1382 2293
1382 4866
1382 5540
1383 1723
1383 5544
1383 6093
1385 4528
1385 6713
1385 6860
1386 2072
1386 5171
1386 6523
1388 2585
1388 5646
1389 3325
1389 3845
1389 3942
1389 6156
1390 1969
1390 4416
1390 6979
1392 1485
1392 1714
1392 2272
1392 2688
1392 2775
1392 4476
1392 5008
1392 5017
1393 1413
1393 2343
1395 4750
1395 5926
1395 7144
1395 7298
1396 2542
1396 3108
1396 4582
1400 1757
1400 3717
1400 5067
1400 7414
1401 3349
1401 3417
1401 4745
1401 4989
1401 5121
1401 6072
1401 7354
1402 1507
1402 3666
1402 7317
1403 2067
1403 4386
1403 8277
1406 2095
1406 3148
1406 6245
1407 1830
1407 3390
1407 4320
1411 1924
1411 2546
1411 6848
1411 7881
1411 8051
1412 6106
1413 5670
1413 6445
1413 7842
1416 1772
1416 6915
1419 2551
1419 2591
1419 2793
1419 3446
1419 4822
1421 4630
1421 7862
1421 8042
1423 4778
1423 4906
1423 5274
1423 8145
1424 1891
1424 3870
1424 5684
1424 7106
1425 1950
1425 3265
1425 4232
1425 4981
1425 5207
1425 7271
1427 3977
1427 4371
1427 5380
1427 7899
1428 5114
1428 7100
1429 3803
1429 6243
1429 6771
1430 3854
1430 6504
1430 6954
1432 3648
1432 3782
1432 5705
1432 5999
1434 1451
1434 1662
1434 4412
1434 8285
1435 1451
1435 1474
1435 3075
1435 5763
1435 5945
1437 1823
1437 2161
1437 5485
1437 6225
1437 6339
1437 7753
1439 5171
1439 5469
1439 6202
1441 2901
1441 7304
1441 8033
1442 1795
1442 2240
1442 4344
1442 5915
1443 4215
1443 8069
1444 1552
1444 3351
1444 5320
1444 6235
1444 8235
1446 2084
1446 8069
1447 2125
1447 2161
1447 2686
1447 4051
1451 2906
1451 4666
1451 4922
1451 5655
1453 2309
1453 7107
1457 4842
1457 5448
1462 2230
1462 5424
1462 6319
1462 7043
1463 3017
1463 5119
1463 7618
1464 2905
1464 3922
1464 4575
1464 7101
1465 3967
1465 6223
1466 3075
1466 4891
1466 5696
1466 6840
1466 7044
1466 7767
1467 2677
1467 3320
1467 6826
1467 7344
1468 1827
1468 3587
1468 6858
1469 6098
1470 5637
1470 5741
1470 6075
1470 7549
1471 1505
1471 2062
1471 4502
1471 4535
1471 7490
1472 3916
1472 5658
1473 3933
1473 6458
1473 6530
1473 7765
1474 2855
1474 6307
1474 8134
1476 4123
1476 6724
1476 7319
1478 6628
1480 1767
1480 1967
1480 3096
1482 2562
1482 6619
1482 7038
1483 3554
1483 5524
1484 1569
1484 2511
1484 3973
1484 5474
1484 6746
1485 4291
1486 6054
1486 6548
1486 6609
1487 1865
1487 3002
1487 6668
1489 4621
1489 4818
1489 7401
1489 7414
1489 7741
1490 4211
1490 4712
1490 7092
1490 7104
1490 8148
1492 3456
1492 6132
1492 7260
1492 7452
1493 2298
1493 5600
1495 7676
1496 5920
1497 4914
1497 5253
1497 6055
1497 8145
1498 1692
1498 4616
1498 6510
1500 1991
1500 4353
1500 4461
1500 4468
1500 4943
1501 4015
1502 4748
1503 4411
1503 5980
1503 6772
1503 7706
1504 3692
1504 4566
1505 1630
1505 2345
1505 5783
1506 1626
1506 4039
1506 4586
1506 6913
1506 7554
1507 4145
1507 6611
1510 3655
1510 6918
1513 4128
1513 7769
1514 1600
1514 2608
1514 3603
1514 5963
1518 2444
1518 3354
1518 4962
1518 5445
1518 6328
1520 2482
1520 3208
1520 3658
1520 4460
1520 7329
1521 2774
1521 3433
1521 5445
1521 6296
1521 7049
1522 1979
1522 2364
1522 3470
1522 3989
1522 4718
1524 1542
1524 2369
1524 3481
1524 3813
1524 3921
1524 4120
1524 5559
1524 7853
1525 5880
1525 7044
1525 7772
1526 2364
1526 2947
1526 3804
1526 4291
1526 6518
1526 7478
1526 7623
1529 5273
1529 6242
1529 6777
1530 3995
1530 4581
1531 1691
1531 4866
1532 7254
1532 7893
1533 2931
1533 4728
1533 7321
1534 2139
1534 4744
1534 6094
1534 6123
1535 1653
1535 3125
1535 7185
1537 2736
1537 3921
1538 3453
1538 4104
1538 7002
1539 5217
1539 5780
1542 2452
1542 2932
1542 3536
1542 5406
1547 3081
1547 3665
1547 5515
1548 4068
1548 5387
1548 8148
1549 3794
1549 4311
1549 5800
1550 2562
1550 3020
1552 5295
1552 7183
1552 7763
1553 4079
1553 6975
1553 8225
1554 2733
1555 2145
1555 2296
1555 4798
1555 5675
1555 7668
1557 4127
1557 4840
1560 7298
1560 7747
1563 2967
1563 3472
1563 4712
1563 5332
1563 5580
1563 6624
1563 7253
1564 3598
1564 7520
1565 1619
1565 4345
1565 5482
1566 4442
1566 5604
1569 3145
1569 4377
1569 4632
1569 7409
1570 1950
1570 5404
1570 6770
1570 6930
1572 4829
1573 3147
1573 3478
1573 7835
1580 3452
1580 3905
1580 4323
1580 4828
1581 1823
1581 3622
1581 4582
1581 5583
1581 5761
1581 5822
1581 6330
1581 6605
1581 8283
1582 1603
1582 5829
1583 8092
1585 2333
1585 3490
1585 3600
1585 3845
1585 4333
1587 5013
1587 5471
1587 8012
1589 2700
1589 4943
1592 2367
1592 5919
1592 6873
1592 7359
1592 7455
1592 8225
1593 2273
1593 3457
1593 4036
1593 4181
1593 5125
1593 5892
1593 6435
1593 7625
1594 2309
1594 4257
1594 7945
1595 3729
1596 3520
1596 6093
1597 5920
1597 6059
1599 2182
1599 3317
1599 4783
1600 1919
1600 2290
1600 4224
1600 4307
1600 7357
1600 8293
1601 7030
1603 5737
1604 2111
1604 2736
1604 3473
1604 5582
1604 6900
1605 2160
1605 2482
1605 3037
1605 3541
1605 7319
1606 6217
1607 1820
1607 2576
1607 8041
1608 2659
1608 4964
1608 6975
1610 3031
1610 3160
1610 4842
1610 4933
1610 7014
1612 1793
1612 3525
1612 4120
1613 1813
1613 2598
1613 3265
1613 5651
1614 4587
1614 5532
1614 7840
1615 2341
1615 7088
1615 7518
1615 7623
1615 7780
1618 2472
1618 3536
1619 3293
1619 4149
1619 7862
1621 1819
1621 2557
1621 3498
1621 5264
1621 7740
1622 1995
1622 2677
1622 3409
1622 3670
1622 4323
1622 6850
1622 8044
1623 3323
1623 5143
1623 6780
1625 2467
1625 3563
1625 3785
1625 4618
1625 5533
1625 6766
1626 2111
1626 2182
1626 4524
1626 4542
1628 2978
1628 5003
1628 8148
1628 8163
1629 2612
1629 2789
1629 2946
1629 7094
1630 1706
1630 2141
1630 6566
1631 2359
1631 7899
1633 3009
1633 3622
1633 7839
1636 2476
1636 3634
1636 4500
1636 5068
1637 4276
1637 4369
1637 5684
1637 5805
1637 6151
1637 6770
1637 7583
1638 1813
1638 2758
1638 4129
1638 5160
1638 5827
1639 4125
1639 6646
1639 6955
1641 2363
1641 3636
1641 3842
1641 5500
1641 5832
1644 1654
1644 2009
1644 5732
1644 7529
1645 5177
1645 5770
1646 2559
1646 5899
1646 6609
1646 6883
1647 4443
1647 4795
1647 5274
1647 5732
1648 3435
1648 3900
1648 4864
1648 5058
1648 5320
1649 2151
1649 2996
1649 4654
1652 1769
1652 6784
1653 2084
1653 2451
1653 4007
1653 8054
1654 1964
1654 2608
1657 2609
1657 4213
1657 4218
1657 6934
1657 7400
1658 3016
1658 3047
1658 3060
1658 4007
1658 4463
1658 5306
1661 4859
1661 5469
1662 1886
1662 5119
1664 2698
1664 3268
1664 7214
1667 3664
1667 3932
1667 6938
1667 7146
1668 1886
1668 2116
1668 5247
1668 5361
1669 1922
1669 2369
1669 5783
1669 6456
1670 2444
1670 5446
1670 7168
1672 1772
1672 1885
1672 3686
1674 2757
1674 3681
1674 5432
1674 6897
1675 3636
1677 2740
1677 2833
1677 6223
1678 3976
1678 5090
1678 5930
1678 6774
1679 1918
1679 3127
1679 3465
1679 3932
1679 6818
1680 2417
1680 5822
1683 3108
1683 4575
1683 6069
1684 2552
1684 6381
1687 2285
1687 5448
1688 2241
1688 6621
1689 3140
1689 4587
1689 5627
1690 1840
1690 4795
1690 5923
1690 7779
1691 3486
1691 3653
1691 4178
1691 6004
1692 2359
1692 3956
1692 7389
1693 2009
1693 4453
1693 5415
1696 1838
1696 2137
1696 7450
1697 1820
1697 2658
1697 2975
1697 3059
1697 3945
1697 4526
1700 2437
1700 4150
1700 5509
1700 6299
1701 5558
1705 5343
1705 7295
1705 8058
1706 2069
1706 4285
1706 4477
1706 5818
1707 2660
1709 7284
1709 7549
1709 7665
1709 8058
1711 2561
1711 3664
1711 5306
1711 7434
1714 3297
1714 3802
1714 6133
1714 7335
1716 2508
1716 2981
1716 4618
1716 5880
1717 2230
1717 3379
1717 3995
1717 4077
1717 5485
1717 5714
1717 6529
1718 3001
1718 5390
1718 6452
1718 6576
1718 6845
1718 7227
1718 7853
1719 8152
1720 4039
1722 3345
1722 6700
1722 7614
1722 7701
1723 2141
1723 2910
1723 4891
1723 6196
1723 6805
1723 7362
1723 7549
1726 2241
1726 6130
1729 3148
1729 4862
1729 5366
1729 6180
1730 1833
1730 2906
1730 3377
1730 5770
1730 6950
1730 7686
1732 3191
1732 5928
1732 6503
1733 1859
1733 3984
1733 6421
1734 2157
1734 2931
1734 5449
1734 5740
1734 6592
1737 4822
1737 5197
1737 5207
1738 2504
1738 3160
1738 3880
1738 5592
1741 4181
1741 6417
1742 2369
1746 2796
1746 3435
1746 4359
1746 4587
1746 5482
1746 6982
1746 7929
1747 6416
1747 7379
1748 4788
1749 1859
1749 1874
1749 2523
1749 5622
1749 7421
1749 7434
1751 3658
1751 3961
1751 7153
1752 2129
1752 2901
1752 3258
1752 5271
1752 6299
1752 7570
1752 8094
1754 1830
1754 1993
1754 2695
1754 3688
1754 4125
1754 4211
1756 2038
1756 2200
1756 2852
1757 1778
1757 1995
1757 3247
1758 2314
1758 7108
1759 4214
1759 6598
1759 7230
1759 8169
1761 3508
1762 3087
1762 3792
1762 4006
1762 4020
1762 5246
1762 7927
1764 8246
1765 2497
1766 2200
1766 3470
1766 4031
1766 4587
1766 5008
1767 5946
1769 7330
1770 1915
1770 2369
1770 4884
1772 2226
1772 2706
1772 4257
1772 6899
1772 7402
1774 2500
1774 3059
1774 4307
1774 4343
1774 7115
1774 7624
1777 1822
1777 2104
1777 3119
1777 3199
1777 4991
1777 6975
1777 8287
1778 3246
1778 3333
1778 5582
1778 6359
1778 7980
1778 8038
1780 4053
1780 5171
1780 5787
1781 2376
1781 4303
1781 4492
1781 4588
1781 7146
1781 8162
1783 2912
1783 5317
1783 6093
1787 3246
1787 3319
1787 5684
1787 8156
1788 4719
1789 2306
1789 3529
1789 4463
1789 5939
1789 6432
1790 2240
1790 4476
1790 7765
1791 2669
1791 5080
1791 5404
1791 5516
1791 6523
1792 3041
1792 3519
1792 5902
1792 6734
1793 3662
1793 5579
1793 6216
1793 6845
1793 7763
1794 5274
1794 6612
1795 2587
1795 2883
1795 4354
1795 5176
1795 5239
1795 5339
1795 6589
1795 8122
1796 3560
1798 2978
1798 3060
1798 4705
1800 5829
1800 6044
1800 7684
1802 2135
1802 7348
1803 3625
1803 4412
1803 5793
1805 2062
1805 2161
1805 2760
1805 3320
1805 4377
1805 4746
1805 7788
1807 5824
1807 6723
1807 7938
1807 8219
1808 3881
1808 7685
1809 6378
1811 6007
1811 6190
1811 6360
1811 7273
1812 3037
1812 4681
1812 5569
1812 6772
1812 7931
1813 3233
1813 3641
1813 5532
1813 6649
1813 7743
1814 4476
1816 3625
1816 4135
1816 7295
1819 1867
1819 2597
1819 3453
1820 4989
1820 5822
1821 2657
1822 3743
1822 5528
1822 7230
1823 2867
1823 3307
1823 3629
1823 4285
1827 4137
1827 6873
1827 7237
1828 2985
1828 3633
1828 4798
1829 2317
1829 3075
1829 3683
1829 4319
1829 5222
1830 3616
1830 5931
1831 1940
1831 2104
1831 6812
1831 7799
1831 8149
1833 1955
1833 3393
1833 3579
1833 5347
1835 7449
1836 2704
1837 5640
1837 6813
1837 7175
1838 8042
1840 3305
1840 6180
1840 6298
1842 5805
1842 7121
1848 5240
1849 5050
1849 5743
1855 3903
1855 3916
1855 4842
1855 5844
1857 2546
1857 3843
1857 4194
1857 4630
1857 4999
1857 6474
1859 2135
1859 2527
1859 2877
1859 5509
1859 5961
1859 7809
1861 6198
1861 7696
1862 2372
1862 4220
1862 4974
1862 5816
1862 6070
1862 6081
1862 7979
1864 4045
1864 4319
1865 5829
1865 6321
1867 2073
1867 3227
1867 5006
1867 7679
1868 4595
1868 5334
1869 2134
1869 4981
1869 7969
1869 8122
1872 2059
1872 2390
1872 5817
1872 7476
1874 3408
1874 6324
1874 6911
1874 7100
1874 7694
1875 4455
1875 5942
1875 6324
1876 4710
1876 4846
1879 1961
1879 3530
1879 4625
1879 4682
1879 6071
1879 6093
1880 4591
1884 1891
1884 3237
1884 5260
1884 7884
1885 1983
1885 5596
1885 6016
1885 6646
1885 7928
1885 8157
1886 2974
1886 3593
1886 4428
1886 5708
1886 6885
1886 6965
1887 2517
1887 2591
1887 6474
1887 8225
1888 2605
1888 4964
1888 6806
1888 7040
1891 2103
1892 2840
1892 3803
1892 5750
1893 3201
1893 4471
1893 6545
1893 7992
1896 4797
1896 7253
1899 4829
1899 5544
1899 5686
1901 5417
1901 5745
1901 6780
1901 7183
1903 2141
1903 4894
1903 4915
1903 5601
1903 5938
1908 3769
1908 6038
1908 6261
1912 5622
1914 2859
1914 4526
1914 6616
1915 3776
1918 4486
1918 5352
1919 3518
1919 5605
1919 5661
1919 6643
1920 3537
1920 3892
1920 5061
1922 2506
1922 3662
1922 3725
1922 5646
1922 6133
1922 6706
1923 4595
1924 3807
1924 5623
1924 6713
1925 3282
1925 3496
1925 4862
1925 5773
1925 6530
1925 6832
1925 7508
1927 4191
1927 6511
1927 7666
1928 2595
1928 3279
1928 3595
1928 4651
1928 4909
1928 6488
1928 7180
1928 7282
1931 2469
1935 3027
1935 3622
1935 4042
1937 2427
1937 3556
1937 5045
1937 5250
1937 8092
1940 3623
1940 5649
1940 6340
1940 6861
1943 4012
1943 5509
1943 5768
1943 7199
1943 7916
1944 3346
1944 4532
1944 6598
1944 6627
1945 4045
1946 2197
1946 2913
1946 5008
1946 5075
1946 7907
1947 7424
1947 7439
1948 2323
1948 4138
1948 4779
1948 6208
1948 6270
1948 6554
1950 6024
1951 3252
1951 5054
1951 5309
1952 3754
1952 6298
1953 3050
1953 4037
1953 5848
1953 6045
1955 2182
1955 3349
1955 4347
1955 5940
1956 3334
1956 3376
1956 3528
1956 4665
1956 4705
1961 3670
1961 4511
1961 6398
1962 2830
1962 3324
1962 6162
1962 6546
1963 3776
1963 5750
1963 7857
1964 2247
1964 4297
1964 4735
1964 4798
1965 3563
1965 5339
1966 2010
1966 3366
1966 3761
1966 3939
1966 5033
1966 6201
1966 6428
1966 6510
1966 7390
1967 3748
1967 4852
1967 5470
1967 6489
1967 7225
1968 2055
1968 2481
1968 4231
1969 2510
1969 3340
1972 4677
1972 7011
1973 3862
1973 6023
1976 4190
1976 5861
1976 7153
1977 3603
1977 4276
1977 4477
1977 5050
1979 2947
1979 7614
1980 4466
1980 4693
1980 5434
1980 7176
1980 7201
1981 2832
1981 5046
1981 6263
1982 3446
1982 4432
1982 4647
1982 4777
1983 4883
1983 5182
1983 6941
1984 2200
1984 4750
1984 7087
1984 7546
1985 2068
1985 4070
1986 2698
1986 2792
1986 6635
1986 8226
1987 3094
1987 4492
1987 6648
1990 3014
1990 3060
1990 3985
1991 5075
1992 2989
1992 3583
1992 3919
1992 5130
1992 6486
1992 7117
1993 7289
1995 2815
1995 2875
1995 7696
1995 8028
1997 6595
1997 7774
2001 2231
2001 2376
2001 4576
2001 4669
2001 6767
2003 2072
2003 2407
2003 2414
2003 2674
2003 2909
2003 6670
2004 4200
2004 5813
2007 4364
2007 5810
2007 7856
2007 8128
2009 2277
2009 2298
2009 2579
2009 2871
2009 4189
2009 4426
2009 5623
2009 6380
2009 7002
2010 7222
2010 7899
2011 2456
2011 2502
2011 3586
2011 4640
2012 4290
2012 5631
2012 6164
2012 6845
2014 3662
2014 4179
2014 4232
2014 4582
2014 4709
2014 6502
2014 6864
2016 3380
2016 4327
2016 5184
2016 5963
2016 6377
2016 7107
2016 7646
2018 2991
2018 4797
2018 7669
2029 3794
2029 3980
2029 7134
2033 4428
2033 6207
2033 7421
2036 2073
2036 3120
2036 4224
2036 4369
2036 6520
2036 7842
2037 3890
2037 7056
2038 2423
2038 3101
2038 3548
2038 4562
2038 7045
2041 3925
2041 5260
2041 6618
2041 7214
2041 7400
2041 8263
2042 4127
2042 4295
2044 2192
2044 3634
2044 4089
2044 4366
2044 5201
2044 6861
2049 5202
2049 6165
2049 6417
2050 2630
2052 2198
2052 4904
2052 7442
2052 7799
2053 2983
2053 5806
2053 5998
2053 6093
2053 7759
2054 4363
2054 5857
2054 8085
2055 5009
2055 6160
2059 3010
2059 6713
2060 4923
2060 5317
2060 5778
2060 6179
2060 8077
2062 4051
2062 5938
2063 5320
2063 6955
2063 7871
2064 2541
2065 2569
2065 5663
2066 3623
2066 3912
2066 6009
2066 7280
2066 7752
2067 2485
2067 4295
2067 4757
2067 7188
2068 3155
2068 4709
2068 5075
2068 5520
2068 5821
2069 3903
2069 4595
2069 4655
2069 5540
2069 8050
2071 4197
2071 5015
2072 2149
2072 3535
2072 6950
2072 7890
2073 3278
2073 5582
2073 5693
2073 6459
2073 7341
2079 2778
2079 4528
2079 4665
2079 5480
2083 2796
2084 2576
2085 5132
2085 5738
2088 6415
2088 6914
2088 6991
2091 6029
2091 6511
2092 7298
2092 7865
2092 8141
2095 2481
2096 2856
2096 4315
2096 5095
2097 2663
2097 2733
2097 4149
2097 7104
2099 2444
2099 5747
2101 4982
2101 6570
2101 7215
2104 2253
2104 4798
2105 5930
2106 2338
2106 3586
2106 5182
2106 6576
2106 7306
2108 2578
2108 7229
2109 3871
2110 7062
2111 2865
2111 3518
2111 4068
2111 4488
2111 5295
2111 5336
2111 6717
2111 6961
2112 2856
2113 7143
2114 3145
2114 3762
2115 2299
2115 6775
2115 6780
2116 5455
2117 3425
2117 4487
2118 2646
2118 5283
2119 5432
2119 5551
2119 6795
2120 3954
2120 4777
2120 5921
2120 6340
2120 6636
2121 2249
2121 5399
2121 6661
2121 7961
2125 2996
2125 3062
2127 2507
2127 5186
2127 8186
2128 2706
2128 3889
2128 4575
2128 5364
2128 6437
2128 7281
2128 7343
2129 2397
2129 2662
2129 5160
2129 7727
2129 8044
2130 3723
2130 5702
2130 6179
2133 3735
2133 4436
2134 3528
2134 4232
2134 5838
2134 5883
2134 8290
2135 2427
2135 2699
2135 3569
2135 6616
2135 7055
2137 2480
2137 3547
2139 4037
2139 4564
2141 3453
2141 4672
2141 5899
2141 5931
2142 2658
2142 3845
2142 7407
2144 3767
2144 4659
2144 6299
2149 2923
2149 6377
2151 3937
2151 4250
2151 6523
2152 2287
2152 3466
2152 3555
2152 4171
2152 5146
2152 5810
2152 6552
2152 7795
2153 2467
2153 4820
2153 7055
2153 7387
2156 4178
2156 6192
2156 6595
2157 2517
2157 3521
2159 2713
2159 7229
2160 2497
2160 7738
2161 2209
2161 2877
2161 3391
2161 4584
2161 5391
2163 4764
2165 3947
2165 4349
2165 4813
2165 6767
2165 7476
2168 5151
2168 5714
2168 6230
2168 6546
2168 6774
2169 2290
2169 2484
2169 2946
2169 4047
2169 6488
2169 6766
2169 6917
2170 4257
2172 2946
2172 3971
2172 7405
2172 7440
2172 7766
2174 3235
2174 4181
2174 5381
2174 6486
2174 6933
2176 2317
2176 2550
2176 6263
2176 7979
2177 7508
2178 3473
2178 4008
2181 2340
2181 3055
2181 4533
2181 4776
2181 5361
2181 5680
2181 6219
2182 3722
2182 6495
2184 2791
2184 4402
2185 3367
2185 7441
2185 7899
2186 2886
2186 4771
2186 6307
2188 3890
2188 4710
2188 7362
2188 7648
2188 7819
2192 4534
2193 6935
2194 2830
2194 3082
2194 4398
2194 6991
2195 4981
2195 5770
2195 8033
2196 4709
2197 3477
2198 4049
2200 3705
2200 4234
2200 5640
2200 5708
2205 3092
2205 6714
2206 2488
2206 5686
2206 7115
2206 7899
2206 8296
2209 4894
2209 4938
2209 5753
2209 6517
2209 6951
2210 3586
2210 3917
2210 4451
2210 4967
2211 3305
2211 4533
2211 4882
2211 5053
2211 5263
2211 7696
2214 3168
2214 3429
2214 6415
2215 6561
2215 7679
2217 2381
2217 3470
2217 3937
2217 4453
2217 5857
2217 6725
2223 4149
2223 5927
2223 6346
2224 4142
2225 2579
2225 2948
2225 5551
2225 6340
2226 3249
2226 3343
2226 6737
2227 3631
2227 4733
2227 5009
2229 2437
2229 2802
2229 4071
2229 4458
2229 6826
2230 6190
2231 3835
2231 7113
2232 2333
2232 4576
2232 7237
2232 8219
2233 3635
2233 4011
2233 4366
2233 6770
2233 8145
2234 3279
2234 4190
2234 4621
2234 7060
2236 2523
2236 5241
2236 6746
2237 2834
2237 3682
2240 2348
2240 2801
2240 2832
2241 5934
2241 8092
2241 8224
2242 6941
2242 7861
2244 5200
2244 5911
2246 5806
2246 6890
2247 3196
2247 4779
2247 5702
2249 3911
2249 4027
2249 7011
2249 7029
2250 2780
2250 4466
2250 4504
2250 4706
2251 5326
2251 5740
2251 6596
2252 4375
2253 3292
2254 2490
2254 3480
2254 5662
2254 5809
2255 4645
2256 3126
2256 3326
2256 3660
2256 7257
2257 4429
2257 4529
2257 5671
2257 7665
2258 5919
2258 6339
2258 6961
2269 7390
2272 2544
2272 4055
2272 5173
2272 5311
2273 5103
2273 6149
2274 6561
2276 2630
2276 5174
2277 2993
2277 4126
2277 5753
2278 6685
2281 2697
2281 3173
2281 4929
2281 5106
2282 3656
2282 4082
2282 4651
2282 8145
2285 3751
2285 6001
2286 2762
2286 4059
2287 2792
2287 4946
2289 2860
2289 2935
2289 4290
2289 5902
2289 6880
2290 4430
2290 5121
2290 5873
2293 2787
2293 4798
2293 5380
2293 5708
2293 8083
2294 5761
2294 6899
2294 7173
2295 3349
2295 5527
2295 5684
2296 3348
2296 3490
2296 4550
2296 5442
2296 5799
2296 7842
2297 2360
2297 4089
2297 5103
2297 7073
2297 7735
2298 2692
2298 3604
2299 5531
2299 5818
2299 6262
2306 3025
2307 4687
2307 4818
2307 6235
2307 6500
2307 6609
2307 8224
2309 7901
2314 2833
2314 3615
2314 3782
2314 4542
2314 4833
2314 6744
2316 4677
2316 5468
2316 5582
2316 7948
2316 8069
2317 2338
2317 3343
2317 4037
2317 4792
2318 3250
2318 4324
2318 4833
2318 5288
2319 7019
2319 7237
2319 7696
2319 8121
2320 6320
2321 2572
2322 4215
2322 6169
2322 7092
2322 7144
2323 2373
2323 3345
2323 6522
2323 6590
2324 3979
2324 6208
2326 4625
2328 5885
2328 6753
2329 3123
2329 4422
2329 6006
2329 6607
2330 2350
2330 3962
2331 2613
2331 5539
2331 7733
2332 4710
2332 6226
2332 8241
2338 2557
2338 2567
2338 4718
2338 5887
2338 5956
2339 5384
2339 5580
2340 2516
2340 4009
2340 4212
2340 5827
2340 5995
2340 7246
2341 4037
2341 4879
2341 5468
2341 6598
2342 3979
2342 4658
2342 6298
2342 7618
2343 5298
2343 5583
2345 3118
2345 4879
2346 5499
2346 5504
2346 5526
2348 5182
2348 5478
2348 7129
2349 3216
2349 3429
2349 3849
2349 5327
2350 3200
2350 3799
2350 6045
2350 7290
2352 5592
2352 7735
2356 3661
2356 5467
2356 6670
2357 8145
2359 6834
2360 3518
2360 5965
2362 5274
2362 5426
2362 5958
2363 3832
2363 4282
2364 3010
2365 4128
2366 3751
2366 8225
2367 2435
2367 3034
2367 5528
2368 3444
2368 5884
2369 3462
2369 6359
2370 6162
2370 7131
2371 7278
2372 2727
2373 3378
2373 6518
2375 4026
2375 6146
2378 3199
2378 3731
2378 4929
2378 6709
2379 2966
2379 3250
2379 6566
2384 5539
2384 7019
2384 7916
2385 6121
2385 6632
2385 7046
2385 7735
2386 6510
2387 2583
2387 3061
2387 4095
2387 5051
2387 5144
2387 5883
2387 7634
2390 5305
2390 8241
2393 5142
2393 5524
2393 6529
2393 6766
2397 3999
2397 5120
2397 5558
2397 5706
2397 6829
2397 8112
2398 2821
2398 3804
2398 4532
2398 7882
2399 2802
2399 2963
2399 3037
2399 4125
2399 5267
2400 6546
2402 3005
2402 7295
2407 2576
2407 6495
2407 7651
2407 7652
2409 6038
2410 6212
2410 7073
2410 7673
2411 4023
2412 6043
2413 3285
2413 6157
2414 3053
2414 3731
2414 4343
2414 4860
2414 7586
2415 2802
2415 6753
2416 3769
2416 4039
2416 7808
2417 4875
2417 5152
2417 6121
2417 6713
2422 3173
2422 5447
2422 6734
2423 3313
2423 5916
2425 2928
2425 3115
2425 3422
2425 7243
2425 7952
2426 2638
2426 3601
2426 4565
2426 4748
2426 6625
2426 8010
2427 7376
2429 2760
2429 3142
2429 3482
2429 5283
2429 5620
2429 5664
2433 5098
2433 5797
2434 3239
2434 4289
2434 4460
2437 3015
2440 2479
2440 4651
2440 5993
2440 7598
2444 2880
2444 3506
2444 4576
2444 5133
2444 5540
2444 5886
2444 7902
2451 4678
2451 5860
2451 7273
2451 7927
2452 5514
2456 2647
2456 3164
2456 4379
2456 5184
2456 6685
2456 7183
2458 5040
2458 6511
2462 2757
2462 2760
2462 5663
2462 6415
2467 7791
2469 3237
2469 3548
2469 3653
2469 3830
2469 4741
2469 7149
2470 3027
2470 7510
2472 3269
2472 7070
2473 4894
2473 5806
2473 8190
2474 2612
2474 5150
2474 5495
2474 8094
2475 3956
2475 4853
2475 4855
2475 5487
2475 6671
2476 4128
2476 6467
2478 7418
2480 8085
2481 3520
2481 7024
2481 7618
2482 3610
2482 5565
2482 5637
2482 5790
2482 7289
2482 7913
2484 5457
2485 3211
2485 4355
2485 4551
2485 5301
2488 6302
2488 8079
2490 3433
2490 5448
2490 6190
2490 8132
2493 2611
2493 6078
2493 6220
2493 8226
2496 3563
2496 3956
2496 8178
2497 3409
2497 3583
2497 3945
2497 6378
2497 6719
2499 5604
2499 6312
2501 4124
2501 5044
2502 2599
2502 2687
2502 5657
2502 5809
2503 4338
2503 7893
2503 8174
2504 3685
2504 4027
2506 3615
2506 5193
2506 5267
2507 4837
2508 7227
2509 3225
2509 3729
2509 3777
2509 5123
2509 5399
2510 2780
2511 3130
2511 5737
2511 6316
2511 7594
2516 3583
2516 6841
2518 3138
2518 6337
2518 8249
2523 5484
2527 2985
2527 6216
2527 7912
2531 2886
2531 3971
2531 4543
2535 2956
2535 6044
2541 3737
2541 8012
2542 5651
2544 3634
2544 5160
2545 2948
2545 3678
2545 4221
2545 5811
2546 6422
2547 7881
2548 4887
2548 5616
2548 5630
2548 7605
2550 3464
2550 4831
2551 3104
2551 4386
2551 5064
2551 5670
2551 6156
2551 7706
2552 2720
2552 2746
2552 4922
2552 5884
2552 7706
2555 2650
2555 7813
2557 3779
2557 4970
2557 5949
2557 6620
2557 7514
2557 7945
2558 3399
2558 6295
2559 6536
2560 2575
2560 5499
2560 5940
2560 6024
2561 3686
2561 5360
2561 5838
2561 8283
2562 5622
2562 5860
2563 7164
2564 3029
2564 4417
2564 5306
2565 7614
2566 3018
2566 5210
2566 5532
2567 3096
2567 8036
2568 5515
2569 3635
2569 5760
2569 5828
2569 5963
2569 6889
2571 3441
2571 4824
2572 3393
2574 4989
2574 5166
2575 2950
2576 3404
2576 4213
2577 2692
2577 4197
2579 6408
2579 6804
2579 7803
2579 7946
2580 3867
2580 4216
2580 7121
2580 7938
2580 8021
2583 3292
2583 3946
2585 4386
2585 4623
2585 6107
2585 6747
2585 7659
2586 3629
2586 5188
2587 4416
2587 4430
2589 6151
2589 6524
2589 7295
2591 5608
2591 6242
2591 7590
2592 5462
2592 6920
2592 7086
2592 7520
2593 5731
2593 5897
2593 6566
2593 7730
2595 2923
2595 6520
2595 6571
2596 4036
2596 4843
2596 5303
2596 6160
2596 6712
2597 4016
2597 6822
2598 5184
2598 8053
2599 2685
2599 3452
2599 7418
2604 3459
2604 3642
2604 4842
2604 7183
2605 2804
2605 3833
2605 3921
2605 7874
2607 3010
2607 6813
2608 6946
2611 2947
2611 5132
2611 7678
2612 3049
2612 4068
2613 3660
2613 7741
2614 5217
2614 5434
2614 7901
2615 4851
2615 5260
2615 7214
2615 7842
2617 5969
2617 6325
2617 7452
2617 7738
2617 7946
2618 6212
2619 2778
2619 3210
2619 3851
2619 4893
2619 6635
2619 7818
2620 2889
2620 4228
2620 5393
2620 6452
2620 7110
2621 2708
2621 4884
2621 5123
2623 4363
2623 7502
2625 5059
2626 3615
2626 5323
2626 6461
2629 2809
2629 5815
2630 5647
2630 5939
2638 6235
2643 3107
2643 4433
2643 4492
2643 6049
2643 6302
2645 3525
2645 4781
2645 8048
2647 3324
2647 3670
2647 5240
2647 5660
2650 2774
2650 3905
2650 4233
2650 5430
2650 5449
2650 5807
2651 3018
2651 7908
2652 4901
2653 6219
2653 6979
2654 2702
2654 5834
2655 3870
2655 7511
2657 2885
2657 3813
2657 5289
2657 7276
2658 6274
2659 6232
2659 7236
2660 3842
2660 5797
2660 6615
2662 2875
2662 3542
2662 5994
2662 7047
2662 8235
2663 5075
2665 2903
2665 4994
2667 5615
2667 7609
2669 3914
2669 6456
2669 6967
2670 3985
2670 7484
2672 2886
2672 4652
2674 4946
2674 5426
2674 5793
2674 6320
2674 7062
2676 4992
2676 6204
2676 7230
2676 7233
2677 5529
2677 6274
2677 6442
2677 6474
2677 7362
2680 4223
2680 4441
2680 4864
2683 3408
2683 4307
2683 4341
2683 7415
2683 7931
2683 8139
2685 7294
2686 5285
2686 5581
2686 7755
2687 7815
2688 5570
2688 8131
2689 3900
2689 5386
2690 5908
2691 6263
2691 6577
2691 7423
2692 3962
2692 4980
2692 6149
2692 7238
2694 2989
2694 4463
2695 4662
2695 8225
2696 3832
2696 6576
2696 6803
2697 6554
2698 2931
2698 5965
2699 5603
2699 7601
2699 7738
2700 2918
2700 4078
2700 5457
2701 3839
2701 6097
2701 7428
2702 3354
2702 4199
2702 4327
2702 5154
2702 5783
2703 3374
2703 3970
2704 8007
2706 3532
2706 4216
2706 7014
2707 4325
2707 5481
2707 7752
2707 8173
2708 5994
2708 7421
2711 3180
2711 5761
2713 3925
2713 4186
2713 5780
2713 7579
2715 3010
2715 4813
2715 6383
2715 7853
2719 3815
2719 7808
2721 2833
2721 4344
2721 6594
2721 6713
2721 8243
2724 2856
2724 5770
2724 6114
2728 2764
2728 4379
2728 5666
2730 6676
2730 7279
2733 4986
2733 5276
2733 5334
2733 7139
2733 7165
2736 3560
2736 3685
2736 5773
2737 2852
2737 3175
2737 4103
2737 5003
2737 7945
2737 8132
2738 5884
2740 2817
2740 5650
2740 7225
2740 7237
2744 6457
2744 7434
2744 8061
2746 5368
2746 5739
2747 4529
2747 4901
2747 6177
2751 3041
2752 5739
2752 6116
2752 8193
2754 5006
2754 6004
2757 3441
2757 6383
2757 7418
2758 4191
2758 4205
2762 2907
2762 3210
2764 3334
2764 3544
2764 3887
2764 4076
2764 5285
2764 6589
2765 2872
2765 2995
2765 4014
2765 5828
2768 3096
2768 3383
2768 4672
2768 6762
2770 3745
2770 3823
2770 6208
2775 7042
2777 2840
2777 5484
2778 2907
2778 5559
2778 6813
2780 3280
2780 4354
2780 5664
2780 6427
2781 3786
2781 3985
2781 4453
2781 7280
2785 7618
2787 3016
2787 3059
2787 3190
2787 3201
2787 5190
2787 6724
2787 7733
2789 2808
2789 4463
2790 2974
2790 3764
2790 5749
2791 3471
2791 4661
2791 5916
2791 5958
2792 2969
2792 4082
2792 4148
2792 7491
2793 5173
2796 3025
2796 5837
2796 6319
2797 2928
2797 2979
2797 5938
2799 2967
2802 4365
2804 4377
2804 4663
2804 4833
2804 5430
2805 8085
2807 3189
2807 5965
2808 4744
2808 5792
2809 3239
2809 4178
2809 5275
2809 6655
2811 5707
2811 8235
2814 3247
2814 3523
2814 3728
2814 3851
2814 3855
2814 6889
2814 7253
2815 4361
2815 5187
2815 6324
2815 6458
2817 6184
2817 6834
2818 6447
2818 7839
2819 4007
2819 5191
2819 6818
2822 2908
2822 4859
2822 6805
2822 6861
2825 6027
2828 2862
2828 3472
2828 6518
2830 3453
2830 4187
2830 6082
2830 7020
2830 7042
2831 5837
2831 6098
2832 3529
2832 7766
2832 8069
2833 5545
2833 6239
2833 7306
2834 4963
2834 6062
2838 5241
2839 3047
2839 5500
2839 7171
2840 4832
2840 6930
2842 4901
2842 5638
2844 3701
2844 4889
2844 6088
2845 4164
2845 7661
2852 5582
2852 5738
2852 6632
2855 3767
2855 6270
2855 8168
2856 5125
2856 5738
2858 3374
2858 5754
2858 7131
2860 4272
2860 4894
2860 4910
2860 7443
2860 7840
2862 4183
2862 4276
2862 4385
2862 8275
2863 3208
2863 3350
2863 5919
2863 6157
2865 3050
2865 5045
2865 6695
2867 3483
2867 3777
2867 5750
2867 7030
2872 3527
2872 4750
2875 4786
2877 4151
2877 4552
2877 6714
2877 7087
2877 7378
2880 6736
2883 3068
2883 5199
2885 4814
2885 5809
2886 3678
2886 4461
2886 4891
2889 4563
2889 5178
2889 7927
2898 6626
2900 5098
2901 3880
2901 5947
2902 3028
2903 3062
2903 5368
2903 6217
2903 6577
2903 6598
2903 6765
2903 7204
2904 3522
2905 5663
2906 3095
2906 6096
2907 3083
2907 3348
2907 3731
2908 4665
2908 6875
2909 4533
2909 5174
2909 6380
2910 3585
2910 6813
2910 7799
2912 3396
2912 3742
2912 3833
2912 4077
2912 4496
2913 3035
2913 6182
2914 3580
2914 3979
2917 3922
2917 6075
2917 6951
2918 6895
2919 3145
2919 3634
2919 3851
2919 5942
2922 3300
2922 3985
2922 7771
2922 7853
2924 8048
2925 5583
2926 6532
2926 6889
2928 3526
2928 7023
2928 7837
2931 3977
2932 3284
2932 5245
2932 6486
2933 3656
2933 4618
2933 4684
2935 2964
2935 3147
2935 4973
2935 5404
2935 5823
2935 6554
2936 7402
2939 3748
2940 3701
2940 4825
2941 6568
2946 3490
2946 3976
2946 4127
2946 4923
2946 7352
2947 3658
2948 4621
2948 6456
2950 4121
2950 7171
2951 5908
2951 7769
2953 7648
2955 7400
2955 8263
2956 7185
2964 3958
2964 4662
2965 3580
2965 5462
2965 7969
2965 8112
2966 3313
2966 4843
2966 5203
2966 5732
2966 7175
2966 7301
2967 4200
2967 4798
2967 4967
2968 3483
2968 4781
2968 6306
2968 7120
2969 3390
2969 3919
2969 6229
2969 7546
2969 7618
2972 3313
2972 3928
2973 5273
2973 6367
2974 3296
2974 4425
2975 6590
2976 4103
2976 4219
2976 6658
2976 7871
2976 8007
2976 8284
2977 4673
2977 8042
2978 3980
2978 4851
2978 6130
2979 5846
2979 6624
2981 7397
2983 3634
2983 3816
2983 3914
2985 4077
2985 5011
2985 6124
2985 6896
2985 6965
2985 7106
2985 7116
2986 3270
2986 3985
2986 5577
2988 4915
2989 7425
2989 7673
2989 7904
2991 6169
2993 3737
2993 4250
2993 5253
2993 5892
2993 6812
2993 7049
2993 8263
2994 3542
2994 4049
2994 5201
2995 7678
2996 5543
2998 3803
2998 6156
2998 8132
3000 3745
3000 4273
3000 6495
3000 6971
3001 3006
3001 4037
3001 4133
3001 4662
3002 5836
3002 5848
3002 7271
3004 3095
3004 3949
3004 4045
3004 4632
3004 5479
3004 6323
3004 6759
3004 7818
3005 4375
3005 6047
3005 7391
3006 5807
3006 6912
3007 7833
3009 8171
3010 3560
3010 4975
3010 6563
3010 6899
3014 6383
3015 5705
3015 7980
3016 3461
3016 4073
3017 6197
3018 4123
3018 5651
3018 6200
3018 7579
3018 7701
3018 8219
3020 5620
3021 3109
3021 3529
3021 4265
3021 5708
3021 7902
3021 7912
3023 5115
3023 7257
3024 3104
3024 5515
3024 6709
3024 7856
3025 5691
3025 5720
3025 7020
3025 7780
3026 5260
3027 3317
3027 5684
3028 3453
3029 3811
3029 3925
3029 5740
3029 6942
3030 4150
3030 5016
3030 7491
3031 4272
3031 5143
3031 5637
3031 6717
3031 7304
3032 4187
3032 5013
3032 6072
3032 6280
3033 3610
3033 3960
3033 6162
3034 3338
3034 5922
3034 7646
3035 6110
3035 6302
3035 6440
3035 7813
3036 3554
3036 4137
3036 4952
3036 5702
3036 5837
3036 7766
3037 4507
3037 8047
3040 4291
3040 8277
3041 5737
3044 3242
3044 3724
3044 8012
3046 3562
3046 4247
3046 4265
3047 3080
3047 3171
3047 6311
3050 4044
3050 4051
3050 6783
3050 8085
3053 3160
3053 4076
3053 5675
3053 6123
3055 6683
3055 7127
3056 4269
3056 6917
3057 5471
3059 3662
3059 5317
3059 6734
3060 3338
3060 6443
3060 8171
3062 8079
3063 5604
3063 6726
3070 6737
3072 4527
3072 6038
3072 6121
3072 6548
3073 5961
3075 4212
3077 3463
3077 4110
3077 4906
3077 5176
3077 5267
3077 7253
3080 3120
3080 3969
3081 7441
3082 3880
3082 4486
3082 5935
3082 6340
3083 3209
3086 7772
3087 5916
3087 7675
3088 5790
3088 6737
3089 3243
3089 7289
3090 4315
3092 4485
3092 5185
3095 6202
3095 6885
3095 6961
3096 3348
3096 5312
3096 5529
3096 5649
3096 6950
3098 4760
3098 5283
3098 5754
3099 5053
3099 6097
3099 7070
3101 5104
3106 4975
3106 6179
3107 4355
3107 4625
3107 5452
3108 3433
3108 4119
3108 4129
3108 5029
3109 7938
3110 6525
3110 7107
3110 7478
3114 4966
3115 5589
3115 5637
3118 3796
3119 7344
3119 8083
3119 8219
3120 5608
3120 5949
3120 6049
3120 6054
3120 8131
3123 4999
3123 7139
3124 4542
3124 6522
3124 6875
3125 4307
3126 5217
3126 5638
3126 6770
3127 3262
3127 4474
3127 7378
3127 7397
3127 8019
3129 7394
3130 7624
3132 7567
3136 4011
3136 4059
3136 4130
3137 4669
3137 6098
3137 6123
3137 7647
3138 3855
3138 4331
3138 5615
3138 6409
3140 6551
3140 6736
3140 6788
3140 8286
3142 3307
3142 3960
3142 4211
3142 4222
3142 6777
3144 4073
3144 4347
3144 5815
3144 6245
3144 7476
3145 3466
3145 3914
3147 3541
3147 4119
3147 4582
3148 4319
3155 4981
3155 5020
3155 6723
3159 6016
3159 8037
3160 3461
3160 4383
3160 4862
3160 7871
3162 3242
3162 3526
3162 4125
3162 4285
3162 6437
3162 6721
3162 8112
3164 4705
3164 4782
3164 6889
3164 7106
3168 7790
3171 4343
3171 5623
3171 7020
3171 7964
3172 4063
3172 5750
3173 3260
3173 4862
3173 5311
3175 3208
3175 5807
3176 4673
3176 6108
3176 7329
3180 3792
3180 3974
3180 4992
3180 5070
3180 7534
3181 5415
3183 7752
3185 4455
3185 4666
3188 3309
3188 4353
3188 8243
3189 5099
3190 4098
3190 4906
3190 5310
3190 5423
3190 5603
3190 5890
3191 5590
3191 8036
3191 8285
3192 5680
3192 5891
3193 6707
3193 7609
3196 3394
3196 4613
3196 6325
3197 4201
3197 6344
3199 5834
3199 7476
3201 3548
3201 8010
3202 3808
3202 5650
3202 6248
3208 4417
3208 4882
3208 5284
3209 3737
3211 3910
3211 6097
3216 6806
3225 5439
3227 7284
3233 4970
3233 5446
3233 6863
3233 6889
3237 7647
3238 3580
3238 4983
3238 6013
3238 7907
3239 4713
3239 5800
3242 3478
3242 5366
3242 5401
3242 6958
3243 4584
3246 5194
3246 6777
3249 5339
3251 3253
3251 6383
3252 4343
3255 5332
3255 7126
3255 7236
3256 6592
3256 8060
3258 5589
3258 5738
3258 5811
3258 6174
3259 4966
3259 7387
3260 6458
3262 3456
3262 5180
3265 4837
3265 6618
3265 7733
3266 3767
3266 7425
3268 4049
3268 5446
3268 8063
3269 3355
3269 4214
3270 8295
3271 3374
3271 4706
3271 5972
3272 3671
3272 4065
3275 4163
3276 7030
3278 4876
3278 5822
3278 6801
3278 7179
3278 7727
3278 7864
3279 5387
3279 5570
3279 6670
3279 6917
3280 7257
3282 4095
3282 6474
3282 6795
3284 5656
3284 6278
3285 3700
3285 4329
3285 6296
3285 6753
3290 5204
3290 5623
3290 6400
3291 3925
3291 5545
3291 5693
3291 6864
3292 6848
3292 7036
3292 7176
3292 7393
3293 4213
3293 4854
3293 5456
3293 7685
3296 3812
3296 6490
3296 6734
3297 4712
3297 7062
3297 7428
3300 3532
3300 3888
3300 7444
3301 3701
3301 5248
3301 7391
3304 3389
3304 4443
3304 5897
3306 3352
3307 3889
3307 4216
3307 5240
3310 5646
3310 8193
3313 5352
3313 7765
3313 8157
3315 7417
3316 4663
3317 3536
3317 3728
3317 4595
3320 5720
3320 5922
3320 6554
3320 7907
3321 5709
3321 6913
3321 7864
3323 3683
3323 4983
3324 4245
3324 5316
3324 5796
3325 4552
3325 6682
3325 7186
3326 6775
3333 6328
3333 6612
3334 3954
3334 4496
3334 5059
3334 7351
3338 4924
3340 3512
3340 3571
3340 4451
3340 5855
3340 7153
3343 3624
3345 4932
3345 6599
3346 6570
3348 8036
3350 3674
3350 3749
3351 4894
3351 4922
3352 5022
3352 6805
3354 3540
3355 6415
3357 6437
3357 7651
3361 6029
3366 3762
3366 6296
3366 6380
3367 6762
3367 7845
3371 3660
3373 4664
3373 5808
3374 5447
3374 5958
3374 7668
3374 7774
3375 3583
3375 5579
3377 3979
3377 6106
3377 7881
3377 8069
3378 4308
3379 3381
3379 6106
3379 6870
3380 6976
3381 3670
3381 5392
3381 6001
3383 6059
3383 6483
3384 4068
3384 4658
3384 6197
3386 4308
3388 3666
3389 3479
3389 3680
3389 5036
3389 5946
3389 6753
3389 7035
3390 5029
3390 7390
3390 7583
3390 7623
3391 4746
3392 5140
3392 5274
3392 5958
3393 4440
3393 5775
3393 7056
3396 3970
3396 6543
3396 6545
3397 3478
3399 4929
3399 7026
3399 8204
3402 6088
3403 5469
3403 7301
3403 7478
3403 7685
3406 5649
3408 7319
3410 5624
3410 6083
3410 7441
3417 4333
3417 4777
3417 6232
3417 7675
3422 3832
3422 5203
3425 5468
3425 6269
3429 5095
3433 3639
3433 4138
3433 5051
3433 5603
3433 7862
3435 6427
3435 7843
3439 8241
3441 3854
3441 4355
3443 6083
3444 4078
3444 6627
3444 7605
3446 3705
3446 5104
3446 5896
3446 6916
3447 3719
3447 4446
3447 6409
3448 4874
3448 8139
3450 3854
3450 5643
3451 5668
3451 5747
3451 6600
3451 7478
3451 7893
3451 8005
3452 4351
3452 5267
3452 7652
3452 8282
3454 4229
3455 7087
3456 4764
3456 5437
3456 7812
3457 5305
3458 3530
3458 6070
3459 5430
3461 6618
3462 3865
3463 3827
3463 5072
3463 8290
3465 5121
3468 3674
3468 3787
3468 5564
3468 5821
3469 6184
3470 5038
3470 7813
3471 5817
3471 6951
3471 7106
3471 7276
3473 4881
3473 5267
3473 5562
3477 3489
3477 4276
3477 5815
3478 6912
3479 5702
3479 5708
3479 5899
3480 6246
3480 7586
3481 4893
3481 6217
3482 4788
3482 5800
3483 4395
3483 6097
3486 6606
3486 7038
3488 5423
3488 6724
3488 7165
3489 3839
3490 3905
3491 4285
3492 5132
3492 6554
3492 7691
3495 6218
3495 6518
3495 7253
3495 8225
3496 3594
3496 6415
3496 7912
3498 3973
3498 4920
3499 5564
3499 5763
3499 7390
3506 5022
3506 7109
3508 5884
3508 5995
3508 7279
3512 5521
3513 5045
3513 5850
3515 3949
3515 4728
3515 5008
3515 5722
3515 6517
3515 6901
3516 4906
3518 6961
3520 3567
3520 3873
3520 4303
3521 7304
3521 7497
3521 7994
3522 3919
3522 6116
3525 6252
3526 3854
3526 3885
3527 5649
3528 4247
3528 5177
3528 6605
3529 4163
3529 4275
3529 4613
3529 6589
3530 4725
3530 5671
3532 3769
3532 4940
3532 6004
3532 7759
3532 8246
3535 6123
3536 4866
3536 5792
3536 6017
3537 4582
3538 5382
3538 5516
3538 6220
3538 8178
3539 4771
3539 6388
3539 7378
3540 3812
3540 6229
3540 6278
3541 3991
3541 5579
3541 6714
3542 4365
3542 6004
3543 4068
3543 8024
3545 3681
3545 4212
3545 5262
3545 6771
3547 5059
3547 7352
3548 4183
3549 6070
3549 8090
3553 5188
3553 7865
3554 4126
3554 4201
3554 5956
3554 6621
3555 4245
3555 6759
3556 5298
3556 8289
3561 4008
3561 4231
3561 6456
3561 7697
3562 4613
3562 6197
3562 7865
3564 3705
3564 4252
3564 7993
3567 5966
3568 3685
3569 4155
3569 4483
3569 4666
3569 8290
3571 4451
3571 7759
3576 5439
3576 6272
3579 3985
3579 4077
3579 4994
3579 5144
3580 4041
3580 8005
3580 8038
3583 5820
3585 3945
3585 5457
3586 4247
3586 5935
3587 3671
3587 5193
3587 5401
3589 3999
3589 5121
3589 6598
3591 5657
3591 5692
3591 7164
3591 7924
3593 5333
3594 4019
3594 5501
3594 6767
3595 3918
3595 6469
3595 6608
3595 6971
3595 8044
3597 3876
3597 4187
3597 6487
3598 5334
3598 5459
3600 4134
3600 4142
3600 6416
3600 6951
3600 7902
3600 8010
3601 5255
3601 6681
3603 4563
3603 4993
3607 3709
3607 5790
3609 3786
3609 4001
3609 5366
3611 4832
3611 5037
3614 5821
3614 6911
3615 4853
3615 4937
3616 4947
3616 4966
3616 5164
3616 5388
3616 5501
3616 6204
3616 6965
3616 7413
3622 5570
3623 6949
3624 4788
3624 5073
3624 6595
3625 4133
3625 5552
3629 5095
3630 3804
3630 5474
3633 5664
3633 6554
3633 7359
3634 4948
3634 5534
3635 4119
3636 5310
3636 6934
3637 5092
3637 7021
3637 7946
3639 5909
3641 4023
3641 5016
3641 6381
3643 3661
3645 4483
3645 6296
3646 4618
3646 6896
3650 3683
3650 4377
3650 6720
3650 8290
3653 6017
3655 5467
3655 6201
3655 7401
3656 3751
3656 4215
3656 4774
3656 6976
3658 3682
3659 4066
3659 6896
3659 7277
3660 4148
3660 6436
3660 7273
3661 6043
3662 5096
3662 5720
3662 6832
3664 4221
3664 4876
3664 5981
3665 5180
3666 4095
3666 6886
3666 7138
3669 5962
3670 4359
3670 6108
3671 4437
3671 4808
3671 7241
3671 8132
3673 4993
3673 5512
3674 5966
3677 5673
3678 4190
3678 4532
3678 7101
3678 7753
3678 7893
3679 6316
3679 6616
3679 6865
3680 4563
3680 5868
3680 5926
3680 7359
3681 3754
3681 4124
3681 4371
3682 4929
3682 5816
3682 6109
3683 4019
3683 4671
3685 6220
3686 4046
3686 6105
3686 6406
3686 6658
3686 7534
3688 7150
3688 7373
3688 8051
3689 4558
3689 5038
3689 5673
3689 6706
3689 6974
3691 5738
3691 7116
3692 4562
3692 7327
3692 7779
3700 7979
3701 5702
3701 6859
3705 3979
3705 5095
3705 5271
3709 6262
3714 3833
3714 5612
3714 8112
3717 6441
3717 7885
3719 4036
3720 3850
3720 6488
3720 6699
3722 4163
3722 4825
3722 5267
3722 5320
3722 7387
3723 4269
3723 6594
3724 6004
3724 7418
3724 7569
3724 7733
3725 3743
3725 5590
3725 8041
3726 6719
3726 7062
3726 7994
3728 8053
3731 5151
3737 4832
3737 4893
3737 5095
3737 5439
3742 3885
3742 4552
3742 4874
3742 7658
3743 4292
3743 4592
3743 7236
3744 6321
3744 7632
3745 4186
3745 5776
3745 7241
3745 7646
3747 5995
3748 7685
3749 4476
3749 5704
3749 5788
3750 6004
3752 4760
3752 6826
3761 5452
3761 5591
3761 5757
3762 4235
3762 6918
3764 4266
3764 5835
3764 6229
3764 8044
3766 4233
3766 6436
3767 5305
3767 5503
3771 3847
3771 6177
3771 7335
3772 4053
3772 4894
3775 4008
3775 4332
3775 5186
3776 4218
3776 4876
3776 5462
3777 7163
3779 5916
3779 6295
3779 6484
3779 7273
3780 3832
3780 4317
3780 6924
3785 4201
3785 7687
3787 4689
3788 4678
3788 4842
3788 5064
3788 6822
3792 7201
3792 7452
3794 4543
3794 5037
3794 5778
3796 4846
3796 5955
3796 6739
3796 8054
3797 4135
3797 6049
3797 6634
3797 7236
3799 6105
3799 7301
3800 3855
3803 4550
3803 4805
3804 3877
3804 4276
3804 6848
3804 8222
3806 3889
3806 4533
3806 5489
3806 6484
3806 7134
3807 5756
3807 6753
3807 7769
3809 4191
3811 4487
3811 4677
3812 4466
3812 5282
3812 6840
3814 5863
3814 5952
3814 6340
3814 6980
3814 7684
3814 7884
3815 5568
3816 6590
3816 7618
3819 7608
3819 8069
3821 7198
3821 7323
3821 7912
3822 6337
3822 6472
3822 8212
3823 6127
3823 6333
3823 6474
3825 4486
3825 6302
3827 3976
3827 7376
3827 7837
3830 4222
3830 5437
3830 5630
3832 5469
3833 4706
3835 6098
3839 4962
3839 7491
3842 4981
3842 5366
3842 6914
3845 5054
3845 5381
3845 5803
3845 8193
3847 3978
3847 6875
3847 7087
3849 6270
3850 5178
3851 4856
3851 5694
3851 5913
3851 7238
3851 8066
3854 5141
3856 6706
3856 7057
3862 5130
3865 4312
3869 6049
3869 6298
3869 6621
3870 4630
3870 5051
3870 6252
3871 4647
3872 6765
3872 7598
3872 8192
3873 3971
3873 4136
3873 5305
3873 6613
3873 6861
3875 5908
3876 5482
3876 5892
3877 3892
3877 4190
3877 5480
3877 7679
3877 8162
3880 4442
3885 6045
3887 4749
3888 5288
3888 7237
3888 7390
3889 7738
3890 6232
3890 8290
3892 6242
3892 6334
3897 4183
3898 6982
3898 8174
3900 7092
3900 7107
3900 7471
3902 4674
3902 5215
3902 5988
3902 6766
3903 5891
3905 3945
3905 5506
3905 5545
3905 6846
3908 4970
3908 8077
3910 6443
3910 7418
3911 5264
3912 4536
3912 4884
3912 6971
3912 7153
3912 8284
3914 4616
3916 4672
3916 5246
3916 6462
3917 3962
3917 4426
3917 4714
3917 4993
3917 7455
3918 5098
3918 5880
3918 6883
3918 7843
3918 8073
3919 5787
3919 6119
3920 5550
3920 5584
3920 5984
3921 4565
3921 6861
3921 6946
3922 4963
3922 6075
3924 4354
3925 5181
3925 6530
3925 7109
3925 7450
3925 7678
3925 8204
3928 7443
3928 7590
3929 4881
3929 8243
3930 6676
3930 8085
3932 6347
3933 4079
3937 5010
3937 7030
3939 4765
3939 6015
3947 5637
3949 4042
3949 4929
3954 7583
3955 5387
3955 5481
3955 6406
3955 8047
3956 4188
3956 5342
3956 5846
3956 7491
3958 4842
3958 5963
3959 4111
3959 4214
3959 4999
3959 6286
3959 6866
3960 5350
3961 5570
3961 6596
3961 7179
3962 7088
3962 7993
3967 4435
3967 5172
3969 5750
3969 8295
3970 5966
3971 7492
3973 6305
3974 4349
3974 5342
3974 7064
3974 7199
3974 8222
3977 5401
3977 6734
3978 4481
3978 5783
3978 6204
3979 5447
3979 5658
3980 5243
3982 4375
3983 5037
3983 6424
3983 6845
3984 4369
3984 4645
3985 4557
3985 4966
3989 5933
3991 6243
3991 7381
3992 4308
3992 7188
3995 6295
3995 7164
3998 7759
3999 6177
4000 5232
4000 8124
4001 5312
4001 6543
4001 8292
4006 4765
4006 4926
4006 6459
4009 6162
4009 7109
4009 7646
4011 4385
4011 5738
4011 6710
4012 4133
4013 6314
4013 7766
4014 4833
4014 6494
4015 5955
4015 7885
4016 5963
4016 7126
4019 4791
4019 5417
4019 6487
4019 7679
4020 4099
4020 5275
4020 5282
4020 7882
4023 5664
4023 5798
4023 7618
4023 7843
4024 4665
4024 5247
4024 7422
4026 4542
4026 4725
4026 5171
4026 5392
4026 5658
4027 5536
4030 4576
4030 5154
4030 7421
4031 4776
4031 7407
4036 4365
4036 6316
4037 5569
4037 7254
4039 4474
4039 7061
4040 4065
4040 6204
4040 7924
4041 6758
4042 4480
4042 4814
4042 7623
4043 7434
4043 7767
4044 6130
4044 6325
4044 7284
4044 7747
4044 7938
4045 7766
4046 4527
4053 6846
4055 4666
4055 4673
4056 7647
4058 4558
4058 6568
4059 7126
4059 7237
4062 4231
4063 5920
4063 6950
4063 7414
4063 7669
4065 4192
4065 6897
4066 4442
4066 5479
4066 5667
4066 6251
4066 6713
4068 4386
4068 8243
4070 6416
4070 7165
4071 5763
4071 5798
4071 5961
4072 5010
4073 4212
4073 4534
4073 6251
4074 7389
4074 7471
4076 5520
4077 4837
4077 7648
4077 7795
4078 4137
4078 7779
4079 4312
4079 5515
4079 5931
4079 6313
4079 6984
4082 5584
4088 4194
4088 5800
4088 7741
4089 6149
4098 4783
4099 5051
4099 5516
4099 7042
4099 7277
4099 8241
4103 5067
4103 5323
4104 5350
4110 6618
4110 6759
4111 5313
4111 6840
4111 8192
4116 5932
4116 6225
4116 7042
4116 7279
4117 5661
4117 6069
4117 6223
4117 6714
4119 7518
4120 4228
4121 7484
4123 6078
4124 5253
4124 5806
4124 6696
4124 7106
4125 4425
4129 5119
4129 5868
4130 5919
4130 6116
4133 5428
4135 5380
4135 5928
4136 5760
4137 4967
4137 6298
4137 7662
4137 7806
4138 4141
4138 7350
4138 7772
4140 7632
4141 4855
4141 6523
4142 7884
4144 6959
4145 5855
4147 4621
4147 6616
4147 7096
4147 8024
4148 6295
4148 7790
4149 4528
4149 5036
4150 5745
4150 7302
4151 8058
4152 5202
4152 7818
4155 4645
4155 4920
4155 7262
4159 5404
4159 5850
4159 6526
4162 4535
4162 4999
4162 5246
4162 6492
4162 7381
4169 6220
4169 7230
4169 7323
4171 5199
4171 5564
4171 7929
4173 5241
4175 5316
4175 5637
4175 7423
4178 4542
4178 5706
4178 6447
4179 4767
4179 7317
4179 8243
4181 4975
4181 6271
4186 6359
4187 5722
4188 5231
4188 5949
4189 4344
4189 5999
4189 6204
4190 4509
4192 5883
4194 4543
4194 6643
4194 6845
4197 4665
4197 6744
4200 7604
4200 7696
4201 4529
4201 6917
4204 4778
4204 5977
4204 6671
4208 4333
4208 4887
4208 5017
4211 7946
4212 5564
4213 6045
4214 5271
4214 6504
4215 4988
4215 7780
4216 6548
4218 5947
4219 7594
4220 4765
4220 4781
4220 5617
4220 5890
4221 4870
4221 5769
4221 5804
4221 7605
4222 5118
4222 6004
4223 5306
4223 6081
4224 4662
4224 7587
4228 4658
4228 5296
4229 6723
4229 6948
4231 5006
4231 7829
4232 5324
4233 7184
4234 4666
4234 4749
4234 6227
4234 6317
4234 7090
4247 7510
4250 5329
4252 4254
4255 5683
4256 4415
4256 4433
4256 4936
4256 5295
4256 7049
4257 7062
4257 7400
4261 4929
4261 5273
4261 5549
4261 5916
4261 7302
4263 7561
4265 4440
4269 4924
4272 7229
4273 5028
4273 6505
4275 4777
4275 5126
4276 5455
4276 5620
4276 6486
4276 6551
4282 4709
4282 7738
4285 5887
4290 5226
4291 6442
4291 7117
4292 6326
4295 6460
4297 4565
4298 6460
4298 7391
4299 6324
4299 7818
4303 4489
4303 4588
4303 6295
4307 4620
4312 6950
4313 5731
4313 6078
4313 6524
4313 6913
4313 7557
4314 5028
4314 5722
4314 5862
4315 4550
4315 5427
4315 6671
4316 7856
4317 4595
4317 5190
4317 5449
4317 7343
4318 6219
4318 7110
4318 7679
4319 7153
4320 4767
4320 4814
4320 7498
4323 5890
4323 6501
4324 5916
4324 5991
4325 4567
4326 6119
4326 6832
4326 7865
4326 7931
4327 5276
4327 6892
4327 7634
4329 5550
4329 5668
4329 6845
4329 7900
4331 4447
4331 5832
4331 8173
4332 4783
4332 7128
4332 7624
4333 7246
4335 7916
4338 4901
4343 7163
4344 4944
4344 5341
4345 5222
4345 5375
4347 4511
4347 6537
4347 6692
4347 7609
4349 6636
4353 5378
4353 6177
4354 6526
4354 7417
4354 7965
4355 5707
4355 7246
4361 6696
4363 5384
4363 6495
4364 7707
4369 6619
4369 6880
4371 7146
4373 5610
4373 8270
4375 6124
4377 4993
4377 7321
4377 7909
4377 8073
4379 4805
4379 7586
4383 7694
4384 8097
4386 5798
4386 5899
4386 8246
4398 5474
4398 5938
4400 5539
4400 7184
4400 8060
4401 6855
4402 4991
4402 5354
4402 5543
4402 6577
4402 7087
4403 5707
4403 6208
4403 6529
4403 7136
4409 6899
4411 5361
4411 5485
4411 7250
4415 5060
4415 5880
4416 5600
4417 4655
4417 4780
4417 5285
4424 5966
4424 7833
4425 4620
4425 6041
4425 7321
4425 7740
4426 8063
4428 4901
4428 5010
4428 5286
4428 5763
4428 6805
4429 6383
4429 7744
4429 7842
4430 8246
4431 5509
4432 7618
4433 6646
4434 4661
4435 6376
4436 5079
4436 5960
4436 7755
4436 7864
4436 8293
4437 5262
4437 5427
4438 6668
4438 7293
4438 7882
4440 7668
4441 6146
4442 4535
4442 5096
4442 7262
4443 6498
4446 4527
4446 7906
4447 8227
4448 4510
4448 4767
4448 7902
4451 7932
4451 8189
4451 8263
4456 5130
4456 7107
4456 7231
4456 8169
4458 5121
4458 7903
4459 5661
4460 5398
4460 5838
4460 8005
4461 7771
4461 7921
4463 6622
4463 8024
4465 5925
4465 8290
4466 6422
4466 7233
4468 6724
4471 5152
4474 5552
4476 6313
4476 7343
4476 8132
4477 6461
4480 4975
4480 5921
4481 5754
4482 7735
4485 5511
4485 7243
4486 5753
4486 5999
4486 7049
4487 6643
4487 7750
4488 4922
4488 5768
4489 4982
4489 5064
4489 5151
4489 5306
4492 4966
4492 6483
4496 6696
4496 8249
4500 5465
4500 6567
4504 6007
4504 6356
4504 7750
4504 8292
4507 4844
4507 6245
4509 5592
4509 7766
4510 5980
4510 7946
4511 5626
4524 4751
4526 6156
4526 6775
4527 4851
4527 5286
4527 5977
4527 7763
4528 4853
4529 5332
4529 6746
4530 5326
4531 7029
4532 4661
4532 4782
4533 4944
4533 7544
4534 6017
4534 7933
4535 6848
4536 4706
4536 5046
4542 5226
4542 6331
4542 6406
4543 6696
4544 5273
4551 6278
4552 5945
4552 7199
4552 7649
4553 4846
4553 6380
4553 6526
4557 5558
4557 8037
4560 4901
4560 5305
4560 5722
4561 6164
4561 6522
4562 7104
4563 5384
4563 7407
4564 4866
4564 6612
4564 7317
4564 7632
4565 7239
4566 5684
4567 7788
4574 7598
4574 7661
4574 7845
4575 7171
4576 4910
4576 5829
4576 6435
4576 6848
4576 7188
4577 6377
4578 5773
4578 5938
4581 7070
4582 6717
4582 6720
4582 7434
4584 5896
4584 7109
4588 5771
4588 6192
4592 5696
4592 7683
4598 5643
4598 6356
4598 6747
4602 5020
4602 5481
4602 6645
4604 5513
4605 5747
4605 5972
4609 5177
4609 7829
4613 4632
4613 4654
4613 5933
4613 6802
4616 6328
4616 7701
4618 8121
4620 6082
4620 6520
4621 7769
4621 7938
4623 6855
4624 5814
4624 7604
4624 7625
4626 5064
4626 8168
4630 5667
4631 7514
4639 6212
4639 7357
4640 5125
4640 7351
4645 5350
4645 6330
4647 5313
4647 5760
4647 6162
4647 7183
4648 5174
4650 6620
4651 5637
4651 7030
4652 6924
4653 5520
4655 5580
4655 6398
4658 5771
4659 5610
4659 7056
4661 5550
4661 5897
4661 7980
4662 7128
4663 5380
4664 8036
4666 5311
4669 5823
4669 6627
4672 8192
4673 7280
4674 4815
4678 5600
4678 6902
4678 7478
4681 4821
4681 5855
4682 5563
4682 7012
4682 7402
4687 8190
4688 5295
4688 5887
4688 6081
4689 6780
4689 6859
4693 6594
4705 6492
4706 7518
4706 7578
4709 5743
4709 8045
4709 8047
4710 7323
4712 5880
4712 6622
4713 5283
4713 5925
4713 7736
4714 5264
4714 6616
4715 8043
4717 6045
4717 8235
4718 6398
4718 8077
4721 5680
4721 6458
4721 7183
4721 7471
4725 6196
4735 6590
4735 8156
4737 7497
4739 6105
4739 6179
4741 5040
4742 5816
4742 5902
4744 4910
4745 5347
4745 6321
4746 4748
4746 5637
4748 5152
4749 5824
4750 5037
4750 5962
4750 6570
4751 6561
4751 8132
4756 6552
4757 5010
4757 5406
4757 8237
4760 7054
4760 7074
4760 7601
4760 7927
4765 5550
4765 5589
4765 6965
4765 8168
4767 7795
4767 8178
4774 7586
4774 8042
4776 4842
4776 5456
4776 5612
4777 7136
4777 7520
4777 8222
4779 5526
4779 6967
4780 5054
4780 5796
4780 7101
4781 6132
4781 6699
4782 5110
4782 5506
4783 6109
4783 7109
4788 5939
4788 5963
4788 6503
4789 5784
4789 6098
4791 5336
4791 6646
4791 7302
4791 7755
4792 5933
4793 5188
4795 6078
4795 6220
4797 4992
4797 7357
4798 6875
4799 5550
4799 5933
4805 6081
4805 7053
4805 7444
4808 5095
4809 4891
4809 5708
4809 7833
4809 7919
4813 7490
4814 5232
4814 6896
4818 5386
4818 6044
4820 6133
4820 6286
4821 8169
4822 6339
4825 5310
4825 6441
4825 6965
4825 7967
4825 8111
4828 5520
4829 5391
4829 6736
4829 7511
4831 6151
4831 6628
4831 7632
4832 5141
4832 6618
4832 8283
4837 4887
4838 6447
4840 5913
4840 5935
4840 6589
4840 7835
4842 5096
4842 6094
4842 6170
4844 5043
4844 6504
4844 7578
4846 7730
4849 5623
4849 7104
4849 7128
4849 7835
4849 8150
4851 6598
4853 6490
4854 5630
4854 6208
4854 6755
4854 7045
4855 7352
4855 7546
4859 6006
4859 6636
4859 6942
4860 6408
4862 5151
4864 5863
4864 7695
4866 5456
4866 6550
4866 6915
4866 7968
4870 4881
4874 7376
4875 5008
4876 6561
4879 5177
4879 6248
4882 5254
4882 5260
4882 5931
4882 6577
4883 8294
4884 6200
4885 6561
4885 6596
4885 7038
4885 7747
4885 7840
4887 5313
4887 5861
4889 5474
4891 6398
4893 6245
4893 6339
4893 7706
4894 5126
4894 5173
4899 5559
4901 5162
4901 5239
4903 6097
4903 7994
4909 5697
4910 7321
4912 6045
4912 8012
4915 5284
4920 7405
4922 5231
4922 5914
4923 4999
4923 5339
4925 5022
4925 5704
4925 7236
4929 5484
4929 7757
4932 6075
4933 6755
4934 5620
4934 5861
4938 6901
4940 5603
4943 7561
4944 5740
4944 6483
4946 6661
4947 5788
4952 5740
4953 5803
4953 6505
4953 6563
4953 6626
4954 5487
4954 7180
4960 7383
4962 5871
4962 5891
4962 6802
4963 6331
4966 5104
4966 5396
4966 6378
4967 7344
4967 7818
4972 5455
4972 6734
4973 6174
4973 8227
4973 8293
4974 5053
4974 5552
4974 5880
4974 6340
4974 6505
4974 7520
4975 5784
4975 6907
4975 7449
4975 7855
4976 5424
4977 6627
4980 7176
4981 6616
4982 5886
4982 6611
4983 6524
4988 6044
4988 6974
4989 6202
4989 7106
4989 7678
4991 5928
4992 7165
4993 6356
4993 7877
4994 6441
4999 5303
4999 6026
4999 7779
5002 5150
5002 5797
5002 6717
5003 5835
5009 5740
5009 6223
5010 5190
5010 5381
5010 7618
5011 6880
5011 7421
5012 5267
5013 6271
5015 6924
5016 5722
5016 5732
5016 6522
5016 8192
5017 7879
5022 5038
5022 5923
5024 8046
5028 6230
5032 5391
5033 7389
5037 5390
5039 5516
5039 6295
5039 7490
5040 5706
5043 6935
5043 8107
5044 5176
5044 6232
5044 7189
5045 6500
5045 7813
5045 8294
5048 7938
5048 8190
5050 5390
5050 5463
5050 6445
5051 5897
5053 5588
5053 7401
5054 5515
5054 6681
5054 7422
5055 6692
5058 6166
5058 8277
5059 7428
5059 7860
5060 6068
5061 5253
5061 6376
5061 8132
5067 6864
5069 5949
5069 6933
5070 7707
5073 6609
5075 6997
5078 7586
5079 6626
5083 6078
5083 7359
5083 7927
5085 7790
5089 5947
5090 7120
5092 7424
5095 5871
5095 6949
5096 6524
5099 7724
5102 6783
5103 7178
5103 7952
5104 6561
5104 6676
5104 7290
5106 5196
5106 5644
5106 6017
5110 5722
5111 6123
5111 7695
5114 5217
5114 6201
5115 5350
5115 8141
5117 7833
5117 8042
5118 5388
5119 5364
5119 7686
5120 8275
5123 7146
5125 5658
5126 5406
5126 5590
5126 5661
5126 6920
5130 6435
5130 6620
5132 7662
5139 5487
5139 6777
5140 5400
5140 5622
5140 5915
5141 6421
5141 6946
5143 6190
5144 5231
5144 7380
5144 8092
5146 6726
5146 7086
5148 5956
5148 6772
5150 5564
5150 6027
5151 8235
5152 6781
5152 8073
5153 5925
5153 6248
5153 6608
5154 8294
5155 5639
5155 6219
5155 8295
5160 5902
5160 6635
5160 6746
5160 6982
5164 6133
5164 6299
5166 5380
5171 6148
5171 7605
5171 7901
5171 8169
5172 5623
5172 7604
5173 7511
5178 5721
5179 7381
5180 5339
5180 5622
5180 6712
5184 5668
5184 5773
5184 6221
5184 6746
5185 6625
5186 5829
5186 6306
5186 6788
5186 7257
5187 6421
5187 6806
5187 7150
5189 6127
5189 6945
5189 7038
5190 6818
5190 7733
5191 7162
5193 6846
5193 7948
5193 8297
5194 8077
5195 5809
5196 7587
5198 6024
5198 6795
5199 5366
5199 6489
5200 7055
5201 5949
5202 5684
5202 6859
5202 6916
5203 5484
5203 6589
5203 7134
5204 5246
5207 7042
5208 6524
5208 6622
5217 5336
5226 5405
5226 5788
5231 5545
5231 6806
5231 7161
5232 6252
5233 6009
5233 6924
5238 5381
5238 6829
5239 7153
5240 5412
5240 6948
5241 5286
5241 5769
5241 7436
5245 6772
5245 7143
5246 6462
5247 7153
5247 8212
5248 5551
5248 7829
5250 5282
5250 7511
5250 8285
5254 5756
5254 6038
5254 6148
5254 7803
5255 6592
5260 6316
5260 7648
5260 8033
5261 7771
5262 7730
5264 5683
5267 8028
5271 5467
5273 6226
5273 7038
5274 5896
5274 6976
5275 6863
5282 7414
5282 7968
5282 8037
5288 7073
5289 5810
5289 5939
5295 6182
5296 7724
5298 5801
5298 7104
5298 7341
5298 7736
5298 8146
5301 7063
5301 7225
5303 6197
5303 7229
5309 6720
5311 7890
5311 7945
5311 8237
5313 7002
5316 5776
5316 7424
5317 5776
5320 7266
5321 6457
5321 7407
5323 6841
5323 7204
5323 7348
5324 6781
5326 6589
5326 8068
5329 5582
5332 5816
5332 6724
5334 6655
5334 6991
5336 5432
5336 7992
5339 6166
5339 6766
5341 5540
5342 6380
5342 6445
5342 7738
5344 8130
5352 6529
5352 6537
5352 7126
5354 7188
5360 5368
5360 6458
5360 7534
5361 5580
5363 5529
5363 6481
5363 6721
5363 7840
5364 7130
5364 7231
5364 7912
5368 5863
5375 5387
5375 5463
5375 7662
5378 7214
5380 5640
5384 5664
5390 6502
5391 6628
5391 7609
5392 6313
5392 7270
5392 7675
5393 5512
5393 7343
5396 7228
5398 5994
5399 6618
5400 6548
5400 7042
5401 6607
5405 5871
5412 7418
5415 7609
5417 8134
5419 5890
5419 6417
5419 6883
5419 7968
5421 7833
5423 6615
5424 5516
5424 5952
5426 5543
5426 5800
5426 6356
5426 6863
5430 7855
5432 5675
5432 6278
5434 7650
5434 7819
5437 7439
5439 6537
5442 6950
5445 7492
5445 7765
5445 8122
5446 6523
5447 6422
5447 7021
5447 7222
5447 7439
5448 6896
5452 6134
5452 6221
5452 6774
5452 7948
5452 8209
5454 8287
5455 7019
5455 7677
5457 8168
5459 6946
5462 8156
5463 6190
5465 5617
5465 6054
5465 6896
5466 5467
5466 5713
5467 5705
5469 7101
5469 7623
5470 6202
5471 5778
5471 6976
5474 5946
5474 6840
5474 7676
5475 5810
5478 5606
5478 7604
5480 7647
5481 6486
5481 6626
5482 5915
5482 6954
5482 7289
5485 6442
5485 8289
5487 8246
5489 7728
5495 6436
5495 6971
5495 7239
5499 5747
5499 5911
5499 7677
5499 8005
5504 5934
5504 6004
5506 7449
5509 5549
5511 7053
5511 7961
5512 6864
5515 7106
5520 5524
5520 7772
5524 5946
5527 6993
5527 8173
5532 6098
5532 6380
5536 5835
5543 5775
5544 6162
5549 7228
5549 8025
5550 6226
5551 5973
5551 6686
5552 5620
5552 6616
5552 6840
5552 7239
5553 6560
5553 6777
5558 5932
5558 8019
5559 6148
5559 7134
5559 7770
5562 7685
5564 7373
5564 7561
5565 5955
5568 5750
5568 6286
5577 7694
5579 6227
5580 7277
5580 7415
5581 7327
5583 6479
5583 8124
5584 6526
5584 6781
5588 8263
5590 6895
5590 8294
5591 5608
5592 5956
5592 6227
5601 6075
5601 7023
5603 7149
5605 6241
5605 7684
5606 6242
5606 7808
5608 6072
5614 7090
5615 6132
5615 7492
5615 8048
5617 7455
5617 8107
5620 5916
5622 6809
5624 7893
5627 6567
5631 5886
5631 6948
5631 7087
5635 7757
5640 5829
5640 6930
5640 7799
5643 7719
5643 8112
5644 6407
5644 6870
5644 7226
5646 7381
5646 7452
5649 6933
5650 6044
5650 8053
5651 5998
5655 6746
5656 6151
5656 7266
5657 6668
5662 6347
5662 6464
5662 6655
5663 7579
5664 5848
5664 7044
5664 8130
5667 5916
5667 6367
5670 6594
5670 7138
5671 5813
5680 6097
5680 7101
5683 5848
5684 6242
5684 6501
5684 7685
5686 6212
5691 6783
5691 7243
5691 8045
5692 6619
5693 7967
5694 5807
5694 6474
5694 7290
5696 5861
5696 5919
5696 6648
5704 7231
5704 7815
5705 7529
5707 6380
5707 7707
5708 6388
5708 6746
5720 6892
5731 7440
5737 5994
5737 6577
5739 5977
5739 6208
5739 6665
5740 7040
5741 6991
5745 6006
5749 6484
5754 6306
5756 6170
5756 6246
5756 6896
5757 6347
5760 5897
5761 6762
5763 7561
5768 6469
5769 6907
5769 7770
5769 8121
5769 8162
5770 6596
5770 7061
5771 6777
5772 8053
5773 5934
5773 6041
5773 7861
5775 7450
5778 8107
5780 7747
5780 8048
5783 5887
5785 6758
5790 6776
5792 6009
5793 6812
5796 5821
5798 5884
5798 6788
5799 6069
5799 6245
5799 7694
5800 6006
5801 6130
5801 6594
5802 7036
5802 7164
5803 5837
5807 6006
5808 5811
5809 6428
5809 6707
5810 7697
5812 6958
5812 7184
5813 6945
5814 6245
5816 7766
5817 7440
5818 5998
5818 6991
5821 6840
5821 7107
5822 6252
5823 8275
5824 6184
5828 6627
5829 8276
5830 7819
5832 6609
5832 6661
5832 6719
5832 7861
5834 7843
5835 7875
5836 6596
5836 8296
5838 7490
5839 6075
5846 6643
5848 6483
5848 6776
5850 6360
5850 7035
5855 6456
5855 6566
5857 7642
5859 7686
5860 6501
5862 6184
5862 6494
5862 6686
5873 8246
5877 7329
5883 6068
5883 7441
5884 6695
5885 7747
5887 6500
5887 7879
5887 8033
5892 6841
5897 6295
5897 8019
5902 5956
5902 7452
5911 6424
5911 7529
5913 6834
5913 7059
5913 7567
5915 6272
5919 7855
5920 6980
5921 6714
5922 5949
5926 6269
5926 6545
5926 7417
5926 7444
5928 6082
5928 7906
5930 6198
5930 6501
5931 8025
5933 7387
5933 7614
5933 7813
5935 6961
5938 7899
5940 6435
5940 6912
5940 7357
5940 7688
5942 7043
5942 7933
5945 7198
5946 5973
5946 7227
5946 7354
5947 6554
5950 6296
5950 7104
5950 7879
5952 7144
5960 6520
5960 7142
5960 7791
5960 7908
5961 5995
5961 8111
5980 6737
5988 8073
5991 7862
5993 7231
5998 7471
6000 7046
6001 6078
6009 7833
6010 7829
6013 6246
6016 6526
6016 7253
6016 7583
6020 7056
6024 6755
6027 7146
6029 7649
6031 6813
6038 6080
6041 6822
6041 7391
6041 7808
6041 7885
6047 6896
6049 7871
6054 6717
6054 7042
6054 7885
6054 7932
6054 8012
6059 6415
6059 7422
6059 8028
6068 6235
6068 7730
6072 6896
6075 6461
6078 6511
6081 7669
6082 7186
6082 7890
6088 6441
6088 6606
6088 8243
6093 7862
6094 6487
6096 7624
6097 7179
6105 7965
6106 6487
6106 6803
6106 7845
6107 6646
6108 6902
6110 7685
6110 8157
6116 7266
6116 7965
6119 7673
6121 7053
6121 7231
6123 7614
6133 7875
6133 8005
6133 8295
6134 7590
6134 7772
6135 7281
6148 6555
6149 6548
6156 7390
6160 7049
6161 6864
6161 7553
6161 7588
6164 6323
6165 6170
6165 7979
6170 6676
6174 7860
6180 7176
6182 7378
6184 7647
6196 7919
6197 6802
6197 7803
6197 8002
6204 8077
6208 6935
6213 6994
6216 8048
6217 7394
6218 7104
6218 7912
6219 7727
6220 7304
6225 8112
6226 7050
6226 7932
6227 7284
6230 7890
6235 7186
6239 8246
6241 7094
6241 7609
6243 7173
6245 7452
6246 6915
6255 7316
6257 7529
6261 6942
6262 7734
6263 6621
6269 6367
6271 6452
6274 6657
6278 7014
6286 6475
6286 7281
6286 7428
6295 7094
6295 7289
6296 6655
6296 7561
6306 7060
6306 7201
6306 7665
6307 7646
6311 6696
6312 7054
6313 7890
6313 8243
6316 8037
6316 8048
6317 6479
6320 7289
6321 8061
6323 7405
6323 7724
6324 7053
6325 7884
6326 7604
6328 6712
6331 6822
6331 7747
6333 7359
6334 6486
6337 7073
6344 7304
6344 7853
6347 8209
6356 7214
6356 7321
6376 6762
6377 7129
6377 7180
6377 7184
6378 6459
6394 6867
6394 8193
6398 7038
6409 7518
6414 6645
6415 6443
6415 6971
6415 7750
6416 6809
6428 8130
6432 6487
6432 8044
6435 7661
6436 6560
6436 7281
6441 7023
6443 7053
6443 7100
6443 7183
6445 6686
6445 7856
6456 8028
6457 7938
6458 6618
6464 7049
6469 6720
6469 7696
6472 7064
6479 7063
6484 7030
6484 7916
6487 7913
6488 7780
6490 8192
6495 7511
6496 7294
6496 7763
6498 8186
6502 6520
6503 7354
6504 7131
6510 6563
6510 6755
6511 8036
6517 6982
6517 7127
6517 7686
6520 6612
6520 6914
6520 7121
6529 6609
6537 7871
6543 6946
6546 7225
6546 7933
6548 8019
6551 7222
6551 7279
6552 6592
6552 7184
6552 7775
6553 7620
6554 6951
6554 7991
6560 7652
6560 8186
6561 7175
6563 6649
6563 7696
6563 8122
6566 7455
6567 7397
6570 6859
6571 6967
6576 7436
6576 7910
6590 6948
6594 6692
6594 6916
6598 8069
6598 8211
6605 7023
6606 7756
6607 7373
6608 7517
6608 7812
6611 7491
6612 7861
6612 8225
6616 6649
6619 7099
6620 7106
6622 7650
6624 7198
6625 7062
6625 8190
6626 6912
6627 6759
6627 7857
6632 7893
6634 7649
6634 7678
6635 7765
6643 7238
6643 7650
6648 7455
6649 7394
6655 7059
6657 7162
6658 8193
6661 6779
6663 6702
6665 7518
6666 7094
6668 7553
6671 7881
6681 6935
6686 7735
6686 7994
6686 8046
6695 7222
6696 6984
6699 7323
6699 7840
6707 7026
6707 7491
6710 6867
6710 8276
6713 7455
6715 7238
6715 7665
6719 7050
6720 7276
6721 7598
6726 7449
6726 7583
6734 7938
6747 7565
6747 8288
6758 7449
6759 7183
6762 7780
6762 8283
6765 7533
6767 6945
6771 7121
6776 7280
6778 7840
6779 7885
6781 8092
6781 8289
6783 6869
6788 6941
6790 7222
6790 7929
6802 7726
6802 8163
6805 6869
6805 6984
6805 7765
6815 6913
6815 7335
6818 7139
6822 7927
6826 7808
6841 6984
6841 7442
6845 7304
6846 6934
6846 7593
6846 7810
6860 7421
6861 7583
6866 6949
6880 8068
6885 7273
6885 7833
6895 8043
6900 7425
6901 7088
6906 6961
6911 7426
6913 7779
6914 7165
6914 7230
6914 7964
6914 7993
6915 7686
6924 7110
6935 8058
6946 8149
6949 7885
6953 8226
6955 7726
6958 7101
6965 7685
6967 7188
6967 7371
6967 8219
6974 7387
6974 7685
6975 8222
6976 7624
6979 6984
6984 8002
6984 8276
7005 7142
7005 8212
7024 7471
7040 7428
7042 7743
7045 7604
7046 7632
7049 7257
7050 7498
7052 7181
7053 7882
7056 7239
7057 7109
7061 7673
7062 7080
7063 7293
7064 7119
7071 7642
7073 7379
7074 8131
7080 7204
7092 8211
7096 7277
7096 7912
7100 7284
7108 7282
7109 7912
7110 7679
7113 8295
7116 7185
7117 7241
7126 7608
7127 8212
7128 7719
7129 7924
7131 8130
7138 7726
7146 7578
7149 7900
7150 8189
7153 7295
7153 7423
7161 7319
7162 7565
7162 7882
7163 7354
7165 8122
7168 7238
7168 7544
7172 7862
7173 7442
7176 8085
7180 7230
7183 7241
7184 7763
7186 7569
7201 7323
7222 7659
7229 7444
7233 7695
7237 7740
7238 7352
7250 7304
7260 7293
7266 7756
7270 7808
7276 7315
7276 7428
7276 8054
7277 8048
7278 7647
7279 7677
7315 7661
7317 7675
7319 7387
7327 8192
7330 7842
7335 7890
7357 7497
7383 7812
7391 8005
7413 7755
7414 8050
7426 8007
7428 7738
7439 8211
7449 7567
7449 7757
7471 8237
7476 7932
7514 7652
7514 7900
7514 8146
7534 8288
7553 7753
7564 7736
7567 7842
7583 8152
7586 7882
7590 7765
7593 7902
7604 7829
7609 7812
7623 7675
7632 7835
7634 7727
7650 7651
7668 7882
7682 7779
7686 8130
7703 7945
7756 7929
7770 7865
7813 8019
7833 8128
7833 8226
7916 8131
7952 7992
7952 8042
7967 8131
7991 8270
7994 8002
7994 8094
8028 8060
8050 8291
8066 8277
8131 8163
8163 8246
8174 8293
