1000
49063 0.398
49684 0.178
16091 0.078
32158 0.227
35586 0.574
15483 0.176
53978 0.914
37043 0.147
23791 0.482
23779 0.299
51520 0.278
48992 0.180
33627 0.889
57586 0.516
467 0.564
47067 0.312
20261 0.388
46754 0.417
40002 0.334
18080 0.464
49404 0.094
39028 0.205
15491 0.032
33943 0.610
14219 0.487
9853 0.694
16110 0.977
27536 0.287
33515 0.472
32741 0.785
15474 0.904
20920 0.024
22576 0.368
20655 0.936
17374 0.061
50006 0.349
14365 0.366
57177 0.004
39014 0.076
25347 0.402
30325 0.783
34484 0.004
10415 0.157
6252 0.639
9261 0.979
37631 0.260
56858 0.835
30890 0.685
57234 0.087
55542 0.220
30748 0.147
11450 0.595
28272 0.495
27032 0.284
56184 0.264
23807 0.283
19293 0.368
41970 0.796
47491 0.087
29381 0.319
9134 0.378
45082 0.627
9880 0.317
37548 0.980
23463 0.865
37909 0.433
50448 0.774
25038 0.970
50559 0.043
20638 0.497
45771 0.922
14896 0.928
27114 0.149
9329 0.285
57014 0.144
7633 0.039
48943 0.136
12009 0.942
51401 0.348
37177 0.420
49936 0.109
25210 0.676
30706 0.154
22363 0.025
12541 0.975
36598 0.363
29467 0.433
36579 0.220
26724 0.231
2826 0.193
2021 0.474
40915 0.089
14286 0.436
25948 0.891
43460 0.851
30614 0.038
24917 0.941
54995 0.112
15402 0.173
5499 0.960
49848 0.820
49150 0.545
2221 0.364
47856 0.968
43998 0.536
42645 0.786
21583 0.163
25655 0.757
56208 0.086
20127 0.143
37525 0.523
52181 0.924
19847 0.475
5197 0.829
7829 0.020
47774 0.960
7993 0.317
31575 0.220
28069 0.075
15460 0.027
32030 0.088
49838 0.804
57226 0.409
26943 0.157
5868 0.976
12134 0.313
22438 0.089
43287 0.696
16216 0.669
24044 0.703
5991 0.851
46502 0.065
36618 0.097
24300 0.740
22584 0.898
8065 0.188
6499 0.145
12936 0.492
46901 0.128
56405 0.019
14156 0.139
28627 0.573
1762 0.317
2616 0.595
55264 0.974
37351 0.247
6905 0.738
40001 0.038
43207 0.680
3334 0.303
32685 0.357
29380 0.710
29555 0.647
21252 0.363
20154 0.312
52948 0.497
35223 0.391
6324 0.456
49516 0.150
11753 0.867
5103 0.556
2773 0.235
5992 0.438
42801 0.102
2800 0.260
12959 0.805
35460 0.072
49481 0.780
40975 0.920
45767 0.824
25010 0.195
46102 0.974
33706 0.994
5150 0.450
29819 0.756
3617 0.661
24070 0.872
15439 0.141
9001 0.129
16757 0.274
7031 0.658
23825 0.720
2352 0.875
37735 0.373
29544 0.857
7391 0.753
21590 0.219
46673 0.543
20190 0.605
44661 0.808
43055 0.465
518 0.941
40673 0.256
43738 0.460
39079 0.253
48135 0.516
41210 0.572
14789 0.605
57622 0.914
38132 0.061
927 0.609
38135 0.772
5396 0.688
3902 0.375
56674 0.986
16766 0.269
6771 0.246
30372 0.261
48794 0.171
23815 0.745
46235 0.383
9447 0.800
42205 0.876
44169 0.020
8728 0.942
57535 0.946
18901 0.477
41475 0.997
42535 0.433
54718 0.879
33711 0.853
4338 0.558
24571 0.385
41456 0.857
17278 0.235
9831 0.077
8552 0.277
30608 0.175
52528 0.208
47039 0.485
41178 0.425
55830 0.064
39195 0.948
7897 0.958
54195 0.610
19279 0.444
31063 0.583
33834 0.325
18950 0.008
43464 0.684
46066 0.618
33386 0.115
17708 0.156
25523 0.919
43058 0.746
53208 0.009
25565 0.765
3674 0.451
55915 0.913
24269 0.484
9348 0.573
37693 0.828
12524 0.272
11963 0.092
57040 0.335
57829 0.328
6149 0.400
36795 0.472
34034 0.649
42683 0.245
55250 0.235
19092 0.383
29562 0.846
44970 0.181
29459 0.806
40082 0.085
30133 0.272
24847 0.846
18261 0.298
25093 0.976
25266 0.977
4473 0.364
675 0.371
21476 0.941
56643 0.374
3828 0.289
23047 0.212
10239 0.280
1724 0.100
15015 0.801
48487 0.904
36619 0.251
14708 0.396
50622 0.337
10241 0.484
35314 0.328
27783 0.364
25803 0.723
23248 0.274
9557 0.488
54311 0.809
30842 0.436
28771 0.367
26387 0.368
36043 0.743
56344 0.394
35867 0.598
19679 0.398
48236 0.658
9915 0.133
46292 0.448
1712 0.704
23395 0.281
33583 0.731
13995 0.881
53460 0.295
35852 0.223
54420 0.926
54133 0.069
115 0.063
26103 0.833
7463 0.211
26398 0.861
37277 0.336
38298 0.366
13802 0.438
19633 0.397
55039 0.340
56177 0.959
31118 0.632
41545 0.326
810 0.834
7360 0.063
11974 0.903
28173 0.206
52724 0.270
50453 0.290
19689 0.598
35522 0.910
36562 0.703
8204 0.251
31547 0.811
13468 0.989
46344 0.893
15466 0.575
5149 0.924
53226 0.999
47967 0.681
12539 0.117
52991 0.563
20940 0.164
34101 0.646
24286 0.030
18227 0.804
13658 0.588
51576 0.762
48131 0.145
21006 0.362
34655 0.297
37215 0.749
58160 0.084
29993 0.124
57052 0.489
23376 0.197
52166 0.606
46831 0.344
29025 0.832
17867 0.648
56586 0.940
7275 0.212
55671 0.306
14987 0.274
8512 0.279
41392 0.695
12232 0.388
2090 0.009
51560 0.355
33589 0.094
46131 0.216
29583 0.087
42388 0.092
43604 0.868
31758 0.704
25056 0.573
21430 0.415
55244 0.134
809 0.360
39445 0.018
3786 0.902
4547 0.996
28942 0.808
22607 0.178
41326 0.238
18270 0.753
18015 0.770
23942 0.018
49598 0.893
568 0.098
35223 0.026
1272 0.537
57794 0.431
55100 0.762
37581 0.842
47604 0.874
19762 0.142
53967 0.823
49577 0.846
40080 0.258
23802 0.722
29904 0.600
28623 0.832
4679 0.364
4718 0.145
28725 0.948
15398 0.404
16858 0.060
38647 0.675
18267 0.388
26017 0.779
20740 0.575
27347 0.513
4290 0.034
35553 0.686
25352 0.380
6121 0.343
47089 0.740
11148 0.507
41859 0.598
14676 0.890
52946 0.495
51503 0.911
30178 0.426
54771 0.942
47061 0.244
33985 0.294
56077 0.176
13294 0.504
57695 0.461
12364 0.224
10479 0.294
39750 0.120
41177 0.876
19314 0.101
7814 0.218
8152 0.820
11801 0.043
54297 0.476
47722 0.502
34076 0.629
3437 0.043
32473 0.320
19642 0.885
19808 0.983
16713 0.109
40619 0.241
29825 0.799
55497 0.008
7341 0.281
53186 0.250
8276 0.590
9522 0.177
20234 0.078
41132 0.578
52098 0.033
2974 0.204
55003 0.769
8626 0.636
30229 0.046
12036 0.000
31976 0.045
36876 0.378
5392 0.739
4893 0.137
46588 0.199
48847 0.848
32521 0.265
25794 0.980
16354 0.765
8976 0.483
27241 0.607
26219 0.775
14995 0.880
45016 0.782
3250 0.094
1601 0.825
16658 0.536
14021 0.173
20263 0.183
20904 0.517
43805 0.708
14515 0.744
17553 0.524
2512 0.008
30310 0.941
25930 0.350
19673 0.719
36796 0.212
26670 0.682
46365 0.810
28192 0.596
25989 0.965
22916 0.471
46646 0.970
22030 0.110
20506 0.232
19289 0.440
19414 0.869
42270 0.233
39231 0.510
57299 0.320
53752 0.994
37156 0.451
33132 0.986
49362 0.167
51528 0.067
7442 0.701
43998 0.621
11812 0.701
13994 0.861
10041 0.939
50686 0.577
1380 0.883
42784 0.400
33871 0.046
5172 0.875
46043 0.442
50263 0.910
2962 0.071
29774 0.312
42033 0.258
12904 0.444
49766 0.896
11827 0.706
44124 0.280
24924 0.017
32617 0.940
21234 0.561
8776 0.188
9380 0.794
40152 0.510
16153 0.198
25301 0.087
35235 0.413
19674 0.451
12333 0.826
20611 0.364
31238 0.728
26828 0.679
47435 0.086
50808 0.270
18708 0.163
16604 0.990
28624 0.633
30745 0.403
51298 0.275
1557 0.134
13461 0.336
28140 0.039
10525 0.873
9536 0.466
7257 0.319
44699 0.375
38626 0.700
35203 0.335
44385 0.225
9059 0.628
47781 0.712
48635 0.416
35299 0.869
35130 0.629
36906 0.773
39427 0.917
41572 0.545
54141 0.266
42754 0.404
25305 0.559
7641 0.818
5201 0.286
4731 0.891
25651 0.462
51856 0.192
14597 0.797
13320 0.163
19405 0.228
41519 0.271
13861 0.372
24981 0.244
34495 0.093
11158 0.233
25527 0.270
8316 0.268
41242 0.056
21726 0.615
29735 0.048
39469 0.865
29615 0.417
24120 0.520
55408 0.883
20544 0.827
32310 0.517
53941 0.922
9955 0.921
32852 0.204
12668 0.145
17180 0.503
34586 0.566
41315 0.043
42168 0.772
43168 0.143
41755 0.037
29798 0.311
7122 0.425
4691 0.989
32183 0.685
52968 0.822
54169 0.826
24781 0.505
57391 0.907
57941 0.866
12917 0.155
41801 0.085
15749 0.307
27415 0.586
16796 0.147
10272 0.391
24001 0.726
55032 0.004
11879 0.009
46823 0.734
17662 0.656
45136 0.548
43876 0.224
433 0.518
46689 0.851
32100 0.122
56321 0.932
43427 0.634
9774 0.479
43399 0.534
8599 0.671
7079 0.690
24407 0.368
13235 0.911
55375 0.934
46557 0.021
19242 0.094
31993 0.030
42321 0.503
14065 0.776
56164 0.571
9151 0.533
48128 0.715
39767 0.796
8824 0.888
9089 0.555
42077 0.614
19038 0.747
47885 0.800
39687 0.235
6338 0.516
23946 0.473
2233 0.008
29076 0.303
49462 0.857
4765 0.411
17915 0.076
28227 0.585
18033 0.974
14147 0.491
46788 0.925
50198 0.979
9795 0.703
38648 0.505
45251 0.092
29142 0.840
8927 0.243
39242 0.571
50282 0.412
49647 0.949
12878 0.524
49989 0.666
9283 0.083
3432 0.551
19177 0.454
31920 0.953
12095 0.684
10719 0.641
44181 0.342
52452 0.720
55836 0.813
28918 0.268
30326 0.285
4318 0.946
8843 0.086
1497 0.902
27380 0.526
39920 0.767
25895 0.520
20343 0.186
50388 0.618
20451 0.930
51638 0.468
27328 0.689
32270 0.274
47741 0.909
33285 0.255
7034 0.718
15818 0.664
55091 0.629
33323 0.022
15130 0.298
4594 0.730
46403 0.303
53807 0.682
16065 0.724
5043 0.992
29701 0.909
23536 0.753
25378 0.317
5956 0.470
11722 0.968
24501 0.609
38312 0.670
54925 0.869
9560 0.491
50882 0.514
9861 0.672
31003 0.820
54527 0.867
21788 0.348
38038 0.363
56029 0.447
20893 0.362
13833 0.326
45821 0.773
31789 0.130
5130 0.645
49189 0.130
52698 0.210
7176 0.989
7791 0.120
41215 0.220
9861 0.276
35775 0.646
20996 0.211
27500 0.618
31087 0.492
41301 0.073
28229 0.038
17004 0.493
43382 0.592
35129 0.320
19481 0.392
14626 0.681
41374 0.864
46949 0.035
6570 0.463
40360 0.518
18347 0.225
50602 0.542
34942 0.506
37197 0.314
6905 0.000
55781 0.944
13956 0.630
24018 0.334
42220 0.181
44233 0.591
2494 0.322
17236 0.555
32749 0.815
54254 0.308
49352 0.813
16301 0.190
41124 0.782
32419 0.335
17330 0.728
34273 0.029
18638 0.487
26196 0.672
43075 0.935
26078 0.544
53261 0.768
48325 0.184
36742 0.087
16067 0.905
8588 0.066
4725 0.545
45861 0.314
13825 0.197
10157 0.769
37457 0.977
12798 0.737
5947 0.557
48318 0.980
2529 0.366
43859 0.588
34025 0.975
13001 0.928
33857 0.522
48546 0.347
30705 0.414
34342 0.578
38107 0.468
10370 0.547
46361 0.287
19508 0.972
34996 0.335
16031 0.876
41948 0.371
21160 0.565
27047 0.415
36098 0.498
41712 0.775
18904 0.340
31200 0.857
57879 0.024
5497 0.541
44655 0.721
12898 0.582
21296 0.609
23186 0.428
34204 0.017
28008 0.849
45331 0.992
22047 0.841
57482 0.979
7782 0.625
29903 0.754
34707 0.735
30183 0.243
55144 0.863
21472 0.187
12728 0.385
10160 0.774
13276 0.970
34128 0.390
44087 0.647
24094 0.166
15865 0.682
42101 0.431
55617 0.942
51051 0.331
57333 0.865
30270 0.643
28951 0.674
36685 0.646
5510 0.816
20925 0.591
43062 0.438
3343 0.036
11267 0.926
9736 0.276
53640 0.977
13227 0.692
1108 0.438
44595 0.160
37792 0.049
4133 0.672
29647 0.144
8615 0.282
46940 0.322
13715 0.669
57428 0.416
57911 0.372
15357 0.593
53789 0.870
55552 0.804
55210 0.038
1163 0.237
49777 0.116
571 0.474
26553 0.777
5819 0.332
42193 0.775
54473 0.976
37193 0.080
17355 0.565
15031 0.721
6507 0.189
54702 0.526
10831 0.320
40628 0.716
44377 0.571
39596 0.070
50105 0.687
41403 0.837
36733 0.762
31914 0.682
41915 0.931
13886 0.655
1764 0.056
21201 0.631
55531 0.640
53099 0.889
52521 0.533
56676 0.976
27822 0.037
31562 0.719
2389 0.252
14594 0.846
51569 0.362
57695 0.409
27197 0.364
2786 0.234
38591 0.004
1858 0.435
31036 0.423
2236 0.244
36752 0.764
42516 0.424
49634 0.035
24763 0.679
17783 0.782
33959 0.065
48638 0.952
7179 0.040
57611 0.219
50736 0.808
4972 0.835
21790 0.048
38641 0.796
55218 0.573
48578 0.274
43622 0.155
47496 0.754
51347 0.808
13031 0.807
20461 0.165
20205 0.122
47816 0.849
36936 0.312
52292 0.641
15791 0.903
55662 0.500
29865 0.877
28170 0.660
28667 0.043
19501 0.419
43716 0.224
42456 0.258
49568 0.962
16691 0.044
4287 0.601
8450 0.762
44567 0.550
42921 0.100
19840 0.393
26418 0.113
52350 0.216
26341 0.974
24928 0.736
12279 0.390
29594 0.132
3104 0.129
29426 0.768
28369 0.332
19903 0.094
31962 0.644
14806 0.846
19335 0.793
30141 0.214
33121 0.169
45062 0.712
9850 0.288
55428 0.829
32722 0.519
25299 0.602
28388 0.804
15935 0.556
18612 0.830
12537 0.366
44944 0.335
20446 0.181
11621 0.178
54681 0.640
15219 0.852
32395 0.845
53681 0.151
25512 0.094
52053 0.450
11771 0.654
27049 0.900
40844 0.044
37523 0.735
52993 0.866
20989 0.118
57210 0.179
7544 0.833
27269 0.746
8974 0.986
37291 0.431
24620 0.170
34216 0.777
16082 0.240
210 0.657
32811 0.161
50737 0.716
9416 0.762
44002 0.213
34062 0.693
19316 0.824
15567 0.333
27272 0.104
57086 0.510
32945 0.198
490 0.441
45320 0.522
14461 0.047
11295 0.358
