1000
13693 0.756
1836 0.046
27170 0.481
21888 0.847
18852 0.153
2625 0.157
29723 0.019
5738 0.828
4750 0.215
20553 0.341
8252 0.615
19922 0.081
32484 0.172
7582 0.981
35317 0.909
23761 0.788
6969 0.675
24968 0.736
34743 0.980
17446 0.128
16325 0.787
10396 0.953
12747 0.127
11764 0.779
31908 0.855
28799 0.505
1485 0.049
23875 0.187
23985 0.046
11925 0.725
1659 0.696
10230 0.391
4459 0.234
34518 0.764
6890 0.412
17835 0.419
31170 0.394
30760 0.657
21526 0.994
17166 0.673
12395 0.809
18650 0.396
26899 0.112
15376 0.051
18679 0.198
5222 0.553
28287 0.745
4643 0.486
30631 0.969
28839 0.080
10397 0.030
34821 0.751
5858 0.471
11813 0.410
24232 0.882
34475 0.444
23288 0.733
6368 0.198
33102 0.118
19969 0.140
21017 0.736
4912 0.786
21340 0.333
20350 0.823
17051 0.311
188 0.933
5306 0.478
33182 0.005
29016 0.475
31911 0.210
20059 0.168
33578 0.187
8481 0.482
29572 0.008
7386 0.656
12989 0.549
12822 0.508
30004 0.872
36647 0.581
29181 0.051
16015 0.083
27070 0.173
1645 0.434
6751 0.838
4140 0.122
32242 0.296
33420 0.159
31212 0.540
9133 0.445
5382 0.804
33945 0.433
28736 0.277
1367 0.373
18263 0.075
6274 0.782
15571 0.719
32476 0.190
32686 0.241
33333 0.369
215 0.449
4974 0.169
33325 0.120
3928 0.467
7130 0.655
17882 0.191
1269 0.661
22263 0.980
4568 0.374
5661 0.690
4022 0.615
33530 0.609
3315 0.734
14265 0.362
12195 0.739
30572 0.722
4525 0.019
31529 0.114
36078 0.812
33246 0.770
30173 0.338
35206 0.785
33150 0.369
27268 0.546
17636 0.064
11482 0.842
12733 0.770
23463 0.219
18 0.251
3915 0.105
9134 0.035
3084 0.820
33114 0.460
3643 0.530
3145 0.020
23354 0.095
7555 0.603
36563 0.873
28153 0.948
34020 0.870
36517 0.107
26652 0.176
5498 0.401
2688 0.950
16207 0.200
35942 0.792
8152 0.179
30582 0.046
34779 0.987
21040 0.812
18948 0.344
4416 0.661
32103 0.105
25489 0.217
241 0.215
8142 0.499
39 0.832
15208 0.154
13876 0.573
4850 0.376
28368 0.306
24764 0.069
23928 0.616
11182 0.293
6014 0.183
7448 0.217
3879 0.773
7833 0.059
2220 0.196
32492 0.946
92 0.186
17090 0.257
17002 0.354
20173 0.868
25195 0.796
11039 0.985
3183 0.959
30755 0.505
35100 0.341
10315 0.616
7057 0.350
5574 0.887
2771 0.270
34946 0.720
2483 0.976
12952 0.261
3269 0.861
18199 0.270
28178 0.514
14405 0.688
3516 0.079
29009 0.242
18735 0.848
36532 0.777
18022 0.357
2923 0.841
33173 0.350
29765 0.980
7011 0.529
5640 0.472
15291 0.983
21672 0.651
32250 0.562
32633 0.706
32071 0.089
830 0.790
15416 0.708
27851 0.954
11485 0.114
5099 0.237
7086 0.678
32706 0.957
11929 0.613
20720 0.612
14145 0.210
34661 0.114
13576 0.564
31760 0.876
9819 0.127
21699 0.809
1609 0.198
2607 0.700
36089 0.314
17252 0.671
36580 0.238
32932 0.073
4908 0.183
17364 0.616
34675 0.817
34499 0.528
3246 0.602
4940 0.864
22220 0.005
25969 0.841
20179 0.512
3682 0.784
28108 0.680
2339 0.066
28224 0.648
32588 0.493
12024 0.218
8548 0.611
17589 0.210
4484 0.287
22146 0.237
9916 0.844
7103 0.826
34677 0.397
18226 0.712
30630 0.856
8602 0.113
7609 0.124
31287 0.333
9071 0.209
14396 0.891
20134 0.029
14434 0.614
28590 0.056
11513 0.313
17993 0.251
10574 0.569
21761 0.292
6036 0.237
246 0.543
17525 0.513
11726 0.894
10525 0.599
18202 0.090
3096 0.464
36357 0.789
32863 0.380
8189 0.422
35571 0.012
28531 0.173
128 0.314
875 0.545
32822 0.958
31812 0.043
19410 0.924
1347 0.671
25923 0.567
12874 0.150
30939 0.598
22762 0.351
13343 0.201
3626 0.257
23877 0.862
4783 0.757
16519 0.477
2041 0.748
882 0.039
8733 0.292
6106 0.461
10568 0.460
31318 0.037
32220 0.039
36556 0.540
28493 0.954
15256 0.899
6227 0.579
10931 0.846
34543 0.470
16447 0.009
9687 0.384
32689 0.337
22559 0.000
5308 0.625
18904 0.903
13058 0.270
29259 0.755
11442 0.222
3017 0.860
17859 0.016
34249 0.456
5819 0.232
7500 0.467
5009 0.129
5911 0.937
13152 0.086
30356 0.151
9329 0.537
32951 0.926
27608 0.637
36297 0.655
12802 0.081
2864 0.564
5037 0.242
16149 0.420
17049 0.668
26558 0.704
6633 0.370
19326 0.409
8411 0.193
3723 0.662
28968 0.082
10057 0.032
31148 0.198
34907 0.411
6107 0.071
26192 0.065
26828 0.232
8774 0.306
6817 0.113
31715 0.160
4797 0.479
27381 0.717
5729 0.337
28977 0.662
6854 0.473
7571 0.958
16910 0.711
10153 0.320
24222 0.267
24762 0.016
3315 0.855
28502 0.952
22869 0.888
25575 0.496
36680 0.912
7374 0.804
34588 0.372
29646 0.499
32718 0.220
35536 0.967
30046 0.924
33425 0.473
12699 0.849
26281 0.192
17486 0.772
569 0.035
35371 0.099
29943 0.381
1596 0.610
25767 0.326
12360 0.828
25248 0.005
32000 0.206
6433 0.860
21085 0.407
599 0.296
18577 0.869
27414 0.226
17958 0.833
1474 0.783
7481 0.625
25784 0.411
16402 0.427
1741 0.581
10264 0.549
19008 0.407
15091 0.409
23087 0.354
18503 0.185
13609 0.969
35733 0.780
17760 0.189
23794 0.404
30156 0.738
23551 0.501
19407 0.000
275 0.568
26969 0.299
5577 0.407
10385 0.782
14054 0.586
28035 0.373
6965 0.675
23516 0.524
7819 0.029
32591 0.255
21834 0.141
3182 0.893
11584 0.777
20721 0.992
33609 0.110
28132 0.071
32806 0.094
17958 0.693
2267 0.844
17681 0.393
1056 0.798
21584 0.342
28123 0.995
23181 0.718
29303 0.626
2711 0.587
9033 0.971
11727 0.327
23548 0.966
12594 0.390
8079 0.455
8599 0.571
5049 0.856
13324 0.956
6543 0.843
25052 0.268
35934 0.413
21144 0.634
9888 0.670
1346 0.649
35357 0.867
5567 0.138
29946 0.758
3691 0.855
18603 0.340
23541 0.466
32982 0.541
4106 0.208
4199 0.004
33262 0.461
830 0.587
10511 0.086
23803 0.628
845 0.904
5025 0.302
1110 0.494
77 0.200
3687 0.852
20104 0.111
33304 0.172
19497 0.031
13528 0.353
28109 0.855
18448 0.028
13026 0.847
25212 0.746
8026 0.464
30051 0.336
15574 0.048
11491 0.766
15652 0.554
20921 0.028
34404 0.518
6419 0.834
24777 0.280
24048 0.689
25695 0.702
12075 0.941
31196 0.177
24218 0.730
10888 0.193
7294 0.295
35545 0.019
36562 0.945
19618 0.156
4020 0.798
26464 0.995
12399 0.909
448 0.267
1840 0.125
24541 0.177
16482 0.908
7634 0.334
16510 0.323
24323 0.390
27544 0.422
25451 0.236
8004 0.171
23750 0.129
16805 0.365
16867 0.178
23531 0.306
12260 0.045
13382 0.812
25995 0.597
20201 0.164
28269 0.810
23791 0.576
1962 0.824
12404 0.105
2803 0.917
24337 0.573
4839 0.082
28846 0.774
23827 0.068
30891 0.188
6489 0.964
33002 0.829
13306 0.382
8244 0.826
21471 0.237
22440 0.521
36238 0.841
31868 0.036
14359 0.408
12009 0.888
23337 0.361
35903 0.414
8515 0.852
30700 0.097
11407 0.446
10738 0.815
2082 0.696
17215 0.567
16005 0.976
8107 0.754
31074 0.692
1080 0.160
10423 0.930
21189 0.935
5528 0.551
16521 0.433
12216 0.470
20483 0.032
12567 0.601
21628 0.191
9554 0.045
28112 0.963
5124 0.166
34967 0.611
9330 0.300
35285 0.566
15234 0.907
8018 0.361
18591 0.289
33801 0.362
23921 0.471
15340 0.682
36344 0.057
10652 0.811
34142 0.468
4061 0.674
15219 0.767
34864 0.935
6701 0.175
8699 0.208
32288 0.491
21729 0.178
36406 0.345
35592 0.633
16096 0.747
11110 0.128
14994 0.338
15158 0.930
14672 0.305
33238 0.807
1283 0.941
6731 0.060
33123 0.867
8988 0.672
17174 0.989
12397 0.582
5032 0.792
13777 0.609
20101 0.120
6942 0.164
13837 0.524
14514 0.523
10778 0.265
25394 0.448
22639 0.180
21785 0.064
18838 0.100
13309 0.832
24597 0.712
29995 0.105
25243 0.775
7911 0.794
10832 0.821
26348 0.042
16838 0.408
9559 0.583
623 0.680
5831 0.324
18184 0.854
26844 0.228
16933 0.554
9232 0.292
29528 0.144
20704 0.258
33428 0.159
29289 0.714
25827 0.184
24182 0.732
21459 0.428
15674 0.885
4223 0.276
25987 0.818
27846 0.970
29339 0.675
1906 0.391
25015 0.717
29101 0.197
2687 0.122
32227 0.253
30372 0.753
19774 0.778
33174 0.057
21227 0.746
35073 0.458
5922 0.594
27666 0.527
18928 0.137
2373 0.181
15947 0.711
19034 0.822
23710 0.194
2425 0.546
3500 0.945
4491 0.285
24466 0.172
18559 0.524
26433 0.909
24396 0.173
8620 0.241
8615 0.345
28578 0.798
21659 0.220
14954 0.041
16212 0.351
25806 0.346
26358 0.471
19911 0.531
27058 0.567
5807 0.857
30697 0.772
6501 0.827
9063 0.546
21821 0.819
23241 0.045
18093 0.637
15055 0.614
22206 0.969
19595 0.652
730 0.154
36651 0.331
20521 0.475
4481 0.880
11981 0.006
30410 0.543
28186 0.135
7592 0.239
8807 0.324
30369 0.022
11468 0.762
35330 0.371
29761 0.564
15661 0.571
21395 0.160
28531 0.927
1253 0.120
31901 0.411
12339 0.751
7602 0.905
16569 0.128
3756 0.555
36397 0.088
22138 0.044
4349 0.053
32478 0.659
4435 0.218
3922 0.792
7698 0.073
29045 0.138
6973 0.718
623 0.797
29584 0.963
25986 0.063
28015 0.154
31087 0.929
2949 0.553
2447 0.840
23067 0.281
1839 0.311
9808 0.514
16649 0.238
16852 0.920
17932 0.240
4314 0.051
26770 0.276
7600 0.351
24949 0.493
19763 0.372
11822 0.521
30022 0.334
25511 0.483
18615 0.480
20900 0.173
16490 0.112
18736 0.902
35332 0.520
33724 0.143
24619 0.974
26851 0.255
31234 0.015
4822 0.127
35668 0.464
1495 0.660
11330 0.069
27020 0.377
18280 0.589
24403 0.831
5735 0.489
16933 0.540
16978 0.612
6084 0.834
7629 0.010
22367 0.934
11766 0.110
18070 0.382
20872 0.730
29910 0.223
36306 0.085
10676 0.525
19831 0.744
4970 0.444
883 0.704
22597 0.905
10690 0.482
29405 0.814
33371 0.128
36587 0.462
10576 0.709
33380 0.904
35613 0.290
16019 0.453
4861 0.828
3197 0.449
15887 0.338
1960 0.382
17975 0.151
30573 0.069
26752 0.475
6038 0.820
788 0.268
36498 0.005
35413 0.454
15355 0.742
15528 0.646
10898 0.015
26296 0.914
11430 0.908
8482 0.424
17487 0.443
12142 0.210
28601 0.394
25506 0.520
3133 0.040
4331 0.460
82 0.917
9679 0.257
28769 0.215
10641 0.737
9880 0.453
24400 0.971
7515 0.686
30078 0.324
29935 0.461
24712 0.797
21813 0.722
17740 0.285
24404 0.132
5891 0.368
2922 0.349
29765 0.125
19229 0.402
23341 0.238
13611 0.970
26877 0.886
23697 0.546
7605 0.491
27600 0.224
3023 0.009
29417 0.226
14001 0.969
8501 0.509
24443 0.858
18574 0.725
33508 0.366
1392 0.744
35068 0.020
19756 0.691
7369 0.313
22875 0.934
25917 0.251
24543 0.933
10263 0.937
22904 0.545
17717 0.408
4809 0.958
1299 0.939
22274 0.638
22412 0.390
9775 0.803
23023 0.787
15319 0.966
25446 0.085
12364 0.713
8078 0.105
20370 0.416
2040 0.359
10092 0.364
15745 0.086
17641 0.459
5363 0.254
21550 0.351
13020 0.193
19668 0.456
13478 0.782
34777 0.160
20698 0.671
30247 0.270
2970 0.414
14120 0.191
24380 0.005
5466 0.484
25216 0.302
11821 0.777
27425 0.576
14583 0.848
36640 0.985
36191 0.229
31207 0.578
24700 0.087
15357 0.463
615 0.364
12267 0.883
31781 0.324
1404 0.833
3509 0.401
9901 0.691
20007 0.126
4397 0.158
10144 0.682
31443 0.522
3455 0.738
7652 0.668
10913 0.463
32307 0.825
11868 0.957
13014 0.737
33058 0.638
8726 0.308
25353 0.475
14355 0.000
12027 0.241
31738 0.255
3494 0.658
22457 0.673
31635 0.653
26753 0.660
16363 0.515
27967 0.549
32461 0.043
17250 0.931
16904 0.215
788 0.713
22978 0.748
17222 0.437
15334 0.826
4182 0.108
16045 0.482
13950 0.045
5114 0.785
26243 0.650
2764 0.323
36065 0.432
19803 0.364
26184 0.582
14838 0.385
27438 0.683
10672 0.033
32926 0.479
27340 0.967
3364 0.290
4797 0.851
35744 0.331
31146 0.176
23867 0.498
1876 0.912
23212 0.740
12572 0.612
34943 0.367
14619 0.774
10471 0.814
13963 0.865
30184 0.181
25160 0.765
6333 0.821
354 0.265
1511 0.700
31028 0.469
934 0.792
10560 0.889
25724 0.314
6182 0.173
34880 0.091
29153 0.864
2405 0.575
7336 0.400
13350 0.145
36486 0.331
168 0.288
2550 0.187
18606 0.943
14527 0.106
4033 0.414
9139 0.869
28705 0.966
36574 0.867
1812 0.420
10477 0.594
33768 0.294
22723 0.228
33147 0.070
9640 0.337
27462 0.252
22565 0.253
30724 0.790
26891 0.329
27361 0.642
3130 0.439
21915 0.403
4472 0.392
24272 0.645
16967 0.535
32216 0.399
23061 0.712
20192 0.201
12288 0.334
15362 0.740
25503 0.431
13671 0.458
12394 0.129
20979 0.667
23232 0.191
2561 0.605
3802 0.336
1192 0.430
19164 0.361
17559 0.676
12827 0.411
32560 0.474
35582 0.973
21408 0.270
27383 0.190
13936 0.216
24243 0.702
11522 0.547
23057 0.531
10166 0.213
8753 0.542
34763 0.367
11570 0.392
22004 0.134
7265 0.390
19290 0.795
21720 0.406
2227 0.681
17867 0.319
12705 0.906
5002 0.750
2388 0.130
12017 0.767
32753 0.385
19061 0.493
688 0.221
7230 0.000
33716 0.601
8172 0.679
35559 0.207
