1000
7128 0.153
23485 0.316
43750 0.972
16264 0.068
18111 0.705
893 0.604
10520 0.561
20251 0.333
274 0.387
25153 0.186
41706 0.966
46173 0.054
34429 0.301
21745 0.242
17798 0.580
29218 0.237
29263 0.730
11383 0.388
27066 0.269
23689 0.916
24210 0.507
28280 0.589
41978 0.874
46835 0.891
14165 0.809
29886 0.103
10046 0.673
31072 0.623
8488 0.743
38445 0.465
5958 0.788
19545 0.392
20863 0.271
22731 0.925
42130 0.062
18069 0.330
31895 0.787
39843 0.514
1801 0.090
2723 0.405
14512 0.321
15654 0.525
33253 0.306
21268 0.140
34600 0.241
17768 0.422
3902 0.633
6135 0.060
39412 0.395
30845 0.634
27708 0.528
10912 0.662
35534 0.855
6258 0.468
30891 0.418
36748 0.222
38190 0.613
28425 0.797
13466 0.976
7364 0.055
16093 0.639
18611 0.016
6262 0.430
32767 0.370
599 0.900
28219 0.053
3347 0.759
13812 0.381
32905 0.378
36367 0.744
28305 0.121
19730 0.444
32414 0.065
21243 0.510
30368 0.984
18814 0.485
30158 0.995
23590 0.761
21484 0.370
30167 0.553
14323 0.286
41038 0.109
20657 0.027
972 0.064
8264 0.008
32573 0.469
37342 0.109
16762 0.952
7011 0.387
9724 0.625
31067 0.122
16337 0.398
41935 0.836
28829 0.139
22700 0.265
8855 0.972
14481 0.718
36187 0.708
26301 0.965
45430 0.560
31757 0.331
11134 0.772
8300 0.631
23679 0.043
32869 0.822
30919 0.217
7966 0.350
42910 0.319
36378 0.876
30679 0.512
20059 0.498
19895 0.448
32770 0.702
14211 0.241
45700 0.849
25081 0.833
4505 0.256
15143 0.633
38403 0.964
3373 0.779
40338 0.948
34921 0.997
42921 0.300
21519 0.568
32767 0.539
29684 0.272
2994 0.256
42043 0.389
25347 0.184
40574 0.946
11558 0.133
23797 0.020
18372 0.924
19991 0.773
19344 0.325
14388 0.971
1556 0.795
34093 0.994
43326 0.708
15209 0.665
38825 0.547
5997 0.910
4382 0.270
1690 0.643
15386 0.774
16755 0.793
38843 0.142
5337 0.048
2540 0.409
5023 0.578
21347 0.092
26942 0.479
12553 0.961
46571 0.417
6522 0.755
35424 0.017
20684 0.598
29258 0.966
14210 0.424
42960 0.708
5855 0.001
34743 0.225
27438 0.861
31697 0.981
21869 0.238
33637 0.834
10064 0.869
28600 0.881
33201 0.407
29535 0.899
46615 0.455
32336 0.305
13170 0.998
16128 0.478
31568 0.658
21161 0.626
20923 0.814
33785 0.493
34190 0.028
17164 0.376
1835 0.525
18232 0.073
23176 0.518
45222 0.700
31847 0.286
33550 0.706
12733 0.888
1716 0.734
34621 0.296
7374 0.772
38161 0.926
4651 0.156
1073 0.984
37809 0.437
20304 0.644
35487 0.406
20932 0.945
5040 0.090
7578 0.297
18394 0.323
26341 0.568
4022 0.674
35230 0.955
15685 0.621
2525 0.641
8475 0.864
29573 0.363
16119 0.757
15878 0.725
21114 0.774
41598 0.626
21593 0.385
9319 0.676
23906 0.517
36398 0.858
46843 0.355
41061 0.119
17344 0.041
40314 0.894
32203 0.551
14265 0.511
39889 0.963
18821 0.559
28776 0.754
34371 0.110
46409 0.017
4568 0.410
28177 0.215
43681 0.134
36437 0.431
24444 0.457
6644 0.062
41536 0.858
10033 0.982
8129 0.913
9343 0.010
41139 0.771
4049 0.002
33861 0.036
17209 0.579
15156 0.162
14829 0.375
4061 0.887
14374 0.337
15111 0.037
17744 0.507
28955 0.928
22577 0.601
12704 0.542
42798 0.539
30783 0.047
13648 0.815
8998 0.245
16174 0.049
13052 0.232
15718 0.497
17740 0.761
42031 0.358
21372 0.452
11795 0.539
25840 0.175
12069 0.193
16079 0.471
22553 0.346
12469 0.212
46011 0.571
42198 0.448
24897 0.985
26199 0.509
12402 0.251
12447 0.547
17728 0.042
6692 0.629
22676 0.954
40044 0.017
21399 0.919
20427 0.955
37896 0.840
42934 0.952
2716 0.183
20433 0.889
15113 0.994
11237 0.425
34857 0.248
10924 0.933
8724 0.051
13900 0.161
4766 0.533
18420 0.397
28490 0.877
8782 0.809
38172 0.365
33828 0.704
23077 0.113
22220 0.854
30156 0.458
26183 0.059
34672 0.278
24725 0.175
45776 0.672
13392 0.423
3739 0.711
22459 0.298
44435 0.266
30635 0.379
7784 0.759
3574 0.244
5773 0.473
14896 0.675
46026 0.335
20137 0.297
42190 0.687
21729 0.459
15925 0.721
46362 0.486
17808 0.133
1356 0.189
31549 0.195
22991 0.596
34453 0.177
1732 0.237
28916 0.368
40625 0.262
31263 0.255
46671 0.826
1310 0.642
25790 0.038
10310 0.062
15195 0.875
549 0.202
6331 0.265
10157 0.007
14836 0.714
20230 0.006
20802 0.719
15010 0.318
46524 0.652
18776 0.494
17538 0.961
32189 0.045
17441 0.337
30263 0.627
31357 0.151
15760 0.146
12723 0.559
12047 0.709
11448 0.427
26637 0.701
3612 0.972
10313 0.035
19533 0.675
35606 0.949
7063 0.266
2450 0.413
33549 0.826
43822 0.694
31041 0.322
16864 0.013
2868 0.796
20505 0.367
8194 0.710
45287 0.625
35063 0.311
43069 0.467
8665 0.440
9920 0.342
29561 0.621
12204 0.914
15449 0.191
1557 0.016
21770 0.017
4201 0.501
6337 0.945
13025 0.837
45526 0.355
43385 0.801
45891 0.378
29380 0.346
42639 0.088
30591 0.383
12094 0.711
20106 0.492
572 0.718
23026 0.252
34890 0.108
3195 0.329
26375 0.065
46478 0.701
21183 0.873
33135 0.521
45969 0.878
19292 0.964
21624 0.438
31306 0.385
19892 0.087
11038 0.178
40719 0.924
33725 0.891
40680 0.550
18128 0.094
28850 0.902
26318 0.727
19521 0.751
10776 0.379
16836 0.627
1831 0.787
31859 0.714
12899 0.790
4221 0.276
3242 0.339
29309 0.879
15244 0.512
8189 0.539
7965 0.728
28469 0.951
34788 0.091
35055 0.348
16277 0.477
39156 0.971
45306 0.930
41169 0.411
281 0.079
2348 0.949
13044 0.547
31412 0.016
3240 0.389
8766 0.873
18249 0.035
10491 0.989
19895 0.145
623 0.831
30512 0.611
14401 0.874
19880 0.213
39708 0.734
14815 0.983
43155 0.565
10268 0.362
26533 0.006
42344 0.380
30622 0.339
33480 0.915
46900 0.569
29315 0.095
29109 0.139
29999 0.656
1016 0.251
13965 0.513
42435 0.556
18925 0.033
33930 0.054
12660 0.026
23466 0.209
329 0.639
11474 0.947
42144 0.424
18552 0.088
44602 0.229
31785 0.221
20608 0.281
24218 0.732
34344 0.445
25717 0.013
2861 0.246
41478 0.044
37760 0.516
27347 0.629
31235 0.309
24476 0.276
25414 0.701
2961 0.864
14557 0.907
43628 0.729
32528 0.882
41551 0.129
43812 0.025
33320 0.394
37731 0.691
389 0.017
39673 0.160
29859 0.816
12741 0.958
7481 0.890
35958 0.179
23437 0.229
36010 0.203
5473 0.812
44428 0.699
43245 0.546
22119 0.320
13739 0.666
982 0.551
6750 0.839
6021 0.986
5032 0.296
28590 0.195
42781 0.537
13039 0.941
27849 0.432
2846 0.648
42994 0.288
6372 0.327
8536 0.891
33249 0.905
8936 0.812
45697 0.605
8422 0.076
32879 0.582
84 0.000
44802 0.320
36951 0.914
10364 0.316
31167 0.443
31288 0.049
23545 0.144
5752 0.373
36817 0.313
27368 0.286
7652 0.438
14287 0.909
6233 0.972
35208 0.514
35042 0.826
42451 0.252
35957 0.718
23744 0.471
13199 0.474
9638 0.769
34454 0.880
7007 0.677
6124 0.979
34319 0.902
4931 0.188
39200 0.905
38455 0.286
6537 0.658
4426 0.470
13954 0.038
5552 0.222
656 0.851
46538 0.397
12180 0.944
16367 0.570
8795 0.613
27701 0.513
38128 0.028
9054 0.464
34950 0.774
22799 0.288
10687 0.797
28831 0.313
24216 0.773
5951 0.812
7276 0.749
16229 0.498
12510 0.667
38448 0.482
44662 0.435
14036 0.535
1804 0.984
33531 0.653
27134 0.493
16260 0.284
18640 0.821
14171 0.305
6955 0.613
38575 0.443
34700 0.103
19207 0.700
41874 0.796
9096 0.653
29172 0.183
21136 0.196
24689 0.152
1102 0.437
12893 0.613
39075 0.280
33921 0.534
19582 0.094
25910 0.090
45440 0.208
19161 0.865
13874 0.907
10659 0.474
28245 0.529
2068 0.168
37025 0.980
37811 0.546
23740 0.611
1331 0.008
27962 0.225
3976 0.364
7456 0.221
26937 0.303
9212 0.252
42089 0.231
43077 0.715
39878 0.590
45796 0.462
19851 0.015
26194 0.068
32334 0.943
3003 0.583
16183 0.084
17807 0.863
16751 0.956
22508 0.872
23881 0.749
44059 0.723
37496 0.239
40150 0.517
13219 0.140
31953 0.078
25246 0.383
37623 0.961
46271 0.143
6872 0.254
2476 0.929
42237 0.263
35213 0.767
31693 0.098
25772 0.682
15050 0.424
30479 0.226
32789 0.075
9297 0.024
14681 0.799
41330 0.321
44720 0.990
14960 0.017
3876 0.312
41722 0.837
28870 0.649
26153 0.309
382 0.743
22243 0.267
5978 0.187
43396 0.016
24696 0.058
15032 0.929
40273 0.577
5092 0.342
24379 0.931
23192 0.339
28175 0.017
19640 0.346
9015 0.629
31708 0.062
34254 0.822
15656 0.127
493 0.963
39404 0.223
30087 0.364
23861 0.016
28291 0.751
9221 0.304
46023 0.377
18392 0.070
1644 0.609
3973 0.662
21319 0.922
8040 0.456
8187 0.387
39187 0.843
23855 0.183
35439 0.689
29192 0.888
10022 0.865
6261 0.551
17695 0.568
46332 0.084
35530 0.551
38099 0.085
37135 0.203
31460 0.388
25168 0.326
29750 0.826
32807 0.022
18296 0.390
43732 0.393
891 0.824
10045 0.546
44389 0.849
23797 0.692
24156 0.429
22026 0.133
25828 0.220
46430 0.533
25959 0.946
42226 0.398
41950 0.400
36493 0.485
23625 0.165
41637 0.134
10777 0.375
16788 0.944
8869 0.301
743 0.204
37805 0.522
45207 0.848
9452 0.354
39940 0.758
37531 0.837
20981 0.322
22424 0.213
37567 0.870
46640 0.313
43827 0.070
20310 0.058
39230 0.719
36720 0.461
16380 0.764
29494 0.770
2970 0.485
37892 0.711
32940 0.636
14696 0.166
26201 0.351
33022 0.842
6348 0.815
8570 0.040
13030 0.379
20028 0.298
20444 0.852
30298 0.740
13167 0.862
25871 0.451
37737 0.017
39859 0.272
487 0.259
8835 0.906
11187 0.354
27243 0.501
27448 0.498
34362 0.928
13585 0.424
3362 0.254
35087 0.559
13493 0.064
22553 0.602
5604 0.116
3309 0.404
43860 0.733
33536 0.905
25161 0.544
29537 0.980
32859 0.205
9697 0.081
30640 0.960
11426 0.477
45715 0.341
10365 0.961
36678 0.865
978 0.283
13007 0.631
37090 0.076
8765 0.564
45148 0.653
38505 0.518
18873 0.250
9961 0.837
29997 0.102
14115 0.982
43264 0.805
3051 0.556
6882 0.831
12380 0.806
4139 0.690
42668 0.879
33973 0.819
5809 0.810
21378 0.956
16400 0.186
12925 0.076
22757 0.325
11282 0.807
36525 0.870
17878 0.463
27663 0.893
7459 0.007
23546 0.786
30298 0.934
3469 0.930
2909 0.862
44080 0.622
26291 0.979
3974 0.760
32535 0.471
38810 0.962
9361 0.737
10466 0.477
23516 0.856
31718 0.664
38800 0.839
2636 0.492
18715 0.655
28995 0.256
46715 0.387
16568 0.454
37020 0.363
43332 0.797
24874 0.724
42037 0.617
31308 0.167
6146 0.525
23188 0.710
41945 0.760
41448 0.750
1004 0.106
43091 0.787
19481 0.297
39795 0.090
1684 0.521
31879 0.022
46744 0.598
41007 0.229
35134 0.627
32187 0.839
44000 0.326
18902 0.777
12747 0.855
16192 0.084
31198 0.010
11300 0.535
10179 0.562
17673 0.625
10418 0.930
23974 0.868
19735 0.786
2923 0.290
21514 0.991
32876 0.447
29050 0.079
574 0.270
38994 0.986
46302 0.918
3997 0.305
37958 0.524
5831 0.555
601 0.569
3703 0.464
9911 0.603
762 0.261
7760 0.789
40915 0.239
25684 0.332
14100 0.302
35516 0.988
2758 0.118
8556 0.456
3983 0.150
30250 0.451
19979 0.881
5236 0.545
4833 0.489
32598 0.936
1837 0.799
35626 0.826
17901 0.307
15956 0.140
7866 0.664
30109 0.647
18047 0.067
16599 0.367
17827 0.551
17928 0.552
4142 0.625
6131 0.760
22942 0.956
40586 0.351
7169 0.773
15819 0.799
46248 0.246
3805 0.031
36755 0.453
3469 0.226
30099 0.275
15888 0.919
39402 0.224
10644 0.750
15545 0.307
23415 0.432
18212 0.264
34054 0.914
32871 0.708
573 0.614
39775 0.658
42007 0.636
35967 0.953
27519 0.584
30936 0.799
46646 0.037
23801 0.300
41174 0.753
33333 0.953
19169 0.391
32187 0.924
19806 0.906
41842 0.840
16900 0.132
46635 0.721
16034 0.390
41026 0.129
13192 0.791
3278 0.579
42277 0.268
23356 0.370
14747 0.671
9423 0.542
26436 0.636
22369 0.685
21675 0.622
34347 0.142
3307 0.438
30290 0.687
5801 0.668
16745 0.923
22101 0.805
38643 0.336
9698 0.723
25983 0.839
28240 0.103
42644 0.122
26257 0.854
45316 0.562
3128 0.169
38423 0.820
34487 0.702
11822 0.898
21449 0.770
15268 0.427
43359 0.347
13071 0.602
34608 0.351
37371 0.031
46163 0.928
25253 0.541
27134 0.158
24087 0.400
2757 0.873
46248 0.325
42313 0.805
2373 0.075
39870 0.236
16240 0.589
37580 0.963
35261 0.786
6742 0.459
44739 0.678
3710 0.627
32740 0.573
18313 0.255
29001 0.046
16835 0.142
19577 0.102
9444 0.440
23327 0.378
9578 0.708
39958 0.361
25689 0.136
30591 0.464
23899 0.252
27157 0.031
19532 0.697
27491 0.593
4943 0.847
4988 0.591
9812 0.188
17445 0.952
40759 0.833
19221 0.482
18395 0.877
17942 0.269
44611 0.218
44271 0.748
36431 0.755
33958 0.451
35236 0.149
16562 0.798
33752 0.019
41448 0.481
17069 0.141
24492 0.396
1733 0.634
4706 0.530
33518 0.669
28028 0.084
25734 0.184
46536 0.166
22251 0.836
16917 0.940
11368 0.984
42522 0.598
14022 0.535
35703 0.751
23949 0.349
14221 0.954
12144 0.565
30969 0.572
30177 0.204
