1000
10390 0.620
6543 0.785
24237 0.111
2754 0.481
12814 0.286
4683 0.889
21635 0.240
24858 0.749
17408 0.289
4774 0.939
7684 0.280
13475 0.662
10891 0.100
9202 0.330
22158 0.699
10116 0.100
6180 0.029
462 0.558
11513 0.795
13269 0.987
8067 0.066
516 0.185
24203 0.005
15440 0.061
22221 0.998
7955 0.943
13729 0.099
2255 0.379
6292 0.112
14184 0.065
4084 0.455
23622 0.843
6794 0.621
3397 0.275
22760 0.446
20427 0.954
12677 0.901
22810 0.539
20666 0.946
2067 0.788
24019 0.423
19118 0.945
4685 0.767
3559 0.566
22054 0.580
21119 0.763
15870 0.031
4079 0.254
8778 0.330
21852 0.487
4024 0.980
9984 0.060
9340 0.566
22012 0.758
7978 0.081
6034 0.208
3277 0.019
13772 0.675
17399 0.097
5235 0.840
12180 0.071
10775 0.262
10676 0.328
19484 0.287
22424 0.402
3332 0.721
5618 0.343
10388 0.231
15534 0.011
4671 0.649
662 0.658
236 0.037
3546 0.024
10052 0.405
20165 0.695
24738 0.540
9396 0.086
15917 0.627
17466 0.745
9588 0.283
19005 0.666
2904 0.341
18983 0.517
15135 0.339
20807 0.790
16777 0.094
332 0.260
10200 0.229
11638 0.063
12171 0.493
20845 0.827
17698 0.476
6789 0.116
10474 0.292
11705 0.882
17278 0.857
2298 0.340
20698 0.058
11098 0.974
16251 0.724
3716 0.374
19764 0.575
749 0.329
3881 0.207
11329 0.483
22270 0.093
18124 0.029
4797 0.397
23009 0.239
1858 0.377
7545 0.924
11742 0.878
21752 0.826
23771 0.565
5337 0.592
11318 0.860
11466 0.432
944 0.828
5734 0.239
23841 0.944
6773 0.991
6510 0.360
24018 0.393
7964 0.958
3365 0.112
23571 0.458
19443 0.511
2951 0.085
11708 0.622
18760 0.615
15431 0.926
20042 0.360
22000 0.097
9385 0.023
403 0.472
3909 0.324
20769 0.733
16461 0.525
876 0.510
733 0.524
687 0.224
3091 0.867
1666 0.974
11344 0.821
20252 0.416
6710 0.729
18594 0.415
133 0.111
9060 0.279
21478 0.754
20767 0.314
20392 0.796
10313 0.197
23270 0.234
13078 0.604
2986 0.867
7330 0.689
20667 0.846
3614 0.610
21218 0.409
10796 0.973
24507 0.927
10201 0.288
7288 0.206
19426 0.803
4309 0.062
6579 0.915
11727 0.183
23643 0.515
6277 0.178
1987 0.933
20173 0.583
11554 0.552
356 0.407
14580 0.827
5593 0.011
35 0.351
18876 0.077
20936 0.180
4514 0.327
23958 0.547
19121 0.908
15417 0.187
20511 0.974
17544 0.875
22002 0.239
5259 0.840
15621 0.618
9514 0.502
8684 0.820
1247 0.853
24821 0.182
16456 0.286
21346 0.330
10298 0.588
516 0.960
11779 0.677
24215 0.204
6948 0.715
14298 0.433
13762 0.939
11163 0.153
10114 0.462
22173 0.582
22421 0.633
18043 0.090
4156 0.036
7657 0.759
10268 0.133
13273 0.877
21873 0.466
14342 0.652
2719 0.663
21091 0.201
17553 0.832
13130 0.621
11508 0.657
24440 0.289
7079 0.123
17195 0.701
18118 0.197
22239 0.226
11394 0.420
23406 0.072
19777 0.928
3428 0.521
17077 0.978
7715 0.739
10220 0.771
22094 0.822
645 0.667
20332 0.931
1337 0.940
12669 0.079
10607 0.429
8733 0.651
8763 0.568
18459 0.638
19827 0.777
23339 0.439
8094 0.588
14552 0.659
7222 0.361
19237 0.075
13974 0.022
24580 0.203
3493 0.655
2264 0.833
3003 0.726
7659 0.099
21736 0.544
24850 0.429
6303 0.279
325 0.661
7865 0.173
19425 0.365
389 0.626
21191 0.474
15263 0.993
23906 0.455
2896 0.023
2913 0.348
21643 0.860
5724 0.212
321 0.257
8693 0.507
4865 0.154
9245 0.920
18802 0.970
8508 0.443
23682 0.981
18318 0.094
2382 0.961
5072 0.655
5281 0.244
1935 0.003
14358 0.482
6440 0.166
5213 0.222
70 0.652
10386 0.800
19266 0.622
1508 0.727
16420 0.328
10543 0.058
16791 0.696
19542 0.125
1112 0.405
9028 0.629
6696 0.018
24324 0.312
23897 0.442
9924 0.772
22592 0.216
8308 0.248
17468 0.092
19055 0.042
10235 0.200
12415 0.560
1299 0.759
1611 0.312
16727 0.815
18178 0.541
16379 0.665
8056 0.180
19013 0.994
13626 0.493
15570 0.333
11978 0.951
22679 0.700
11792 0.479
23854 0.184
2422 0.909
20142 0.895
6123 0.405
21087 0.670
18639 0.909
19956 0.492
4057 0.760
12369 0.733
9170 0.286
368 0.496
14747 0.675
10616 0.120
22414 0.350
24345 0.753
23759 0.817
21953 0.862
10719 0.191
24287 0.355
17574 0.275
24760 0.795
8077 0.206
17067 0.615
1407 0.716
8546 0.459
9315 0.648
1042 0.055
1147 0.064
14552 0.887
6806 0.815
39 0.021
9000 0.100
8490 0.842
16330 0.475
7837 0.892
12588 0.270
23436 0.576
14274 0.718
4529 0.872
2864 0.787
23040 0.781
15735 0.929
16466 0.381
3110 0.381
18203 0.490
1774 0.754
10269 0.107
6551 0.733
5220 0.413
13188 0.324
16210 0.559
10950 0.411
12598 0.632
12332 0.888
5246 0.126
14528 0.459
18433 0.500
5011 0.153
16852 0.515
14133 0.136
19021 0.914
20244 0.336
1879 0.070
18295 0.134
22117 0.975
13776 0.184
21609 0.334
12229 0.363
14108 0.539
5737 0.926
10050 0.609
8406 0.683
16267 0.913
7896 0.204
10951 0.971
23596 0.613
19717 0.086
20179 0.102
22228 0.443
11339 0.787
15944 0.425
16066 0.396
16637 0.908
11792 0.208
23399 0.023
24129 0.535
8788 0.295
683 0.582
14132 0.794
4951 0.270
17011 0.128
21995 0.913
3893 0.707
9494 0.836
18004 0.538
18168 0.090
2213 0.590
22167 0.779
5144 0.223
12638 0.536
12361 0.794
7964 0.664
11554 0.477
19716 0.538
11023 0.271
10001 0.500
18004 0.265
17527 0.803
19374 0.397
16028 0.712
4214 0.023
8708 0.740
16807 0.550
20238 0.085
21360 0.357
16623 0.679
21479 0.380
4834 0.857
4154 0.806
9044 0.919
17489 0.850
1571 0.350
23310 0.796
8016 0.946
3725 0.453
9748 0.843
23651 0.228
10580 0.391
16545 0.841
10672 0.160
19419 0.224
20917 0.591
160 0.465
9059 0.001
3736 0.949
8736 0.276
21561 0.481
20236 0.891
12833 0.973
7029 0.473
13107 0.335
12112 0.861
20622 0.831
10221 0.133
23140 0.288
24183 0.130
5699 0.171
19088 0.872
19782 0.866
8043 0.818
10617 0.699
14500 0.447
1387 0.503
17516 0.193
15266 0.609
2338 0.179
24335 0.462
4389 0.032
13546 0.783
384 0.123
24347 0.699
19307 0.930
3399 0.494
9371 0.880
6104 0.434
21534 0.847
12146 0.053
6747 0.944
20971 0.197
6081 0.362
21831 0.417
10757 0.109
2991 0.034
7832 0.702
20831 0.664
10400 0.399
189 0.163
24162 0.738
21802 0.381
16799 0.180
10933 0.245
10038 0.534
17717 0.649
19277 0.593
5089 0.116
11815 0.893
19185 0.399
16248 0.534
4131 0.681
18168 0.144
22483 0.105
21950 0.731
14968 0.179
3457 0.223
20935 0.062
4276 0.336
18913 0.374
7616 0.913
24150 0.852
5213 0.447
7143 0.554
9013 0.040
6230 0.854
21579 0.764
20725 0.431
18084 0.291
13428 0.854
6577 0.677
21271 0.796
1933 0.827
8475 0.161
20148 0.160
12445 0.080
7475 0.495
17529 0.929
20395 0.900
12678 0.671
19768 0.358
17834 0.448
7063 0.679
9181 0.678
24412 0.620
15875 0.469
17260 0.325
13282 0.865
14204 0.923
17503 0.124
3149 0.944
18502 0.507
4826 0.430
6891 0.521
15305 0.897
6475 0.924
19035 0.108
20216 0.472
14274 0.798
3810 0.131
6265 0.251
1452 0.098
13742 0.249
4176 0.626
6091 0.617
19310 0.153
16079 0.982
17562 0.069
20279 0.313
8018 0.355
7262 0.975
3291 0.897
16634 0.902
17032 0.135
5772 0.648
10430 0.956
23045 0.250
8808 0.490
22719 0.900
8689 0.788
14135 0.651
16523 0.071
10491 0.747
8254 0.966
12103 0.214
24382 0.697
4908 0.979
2718 0.838
3630 0.328
8303 0.749
5156 0.818
2624 0.922
22755 0.146
11968 0.592
12846 0.584
18876 0.589
3433 0.713
4778 0.309
10364 0.702
8792 0.059
3400 0.370
6350 0.705
12048 0.961
16733 0.966
433 0.166
21736 0.915
5724 0.692
14968 0.668
19469 0.237
3120 0.505
22921 0.815
20531 0.464
5358 0.467
20935 0.437
21777 0.898
3533 0.367
13155 0.292
23114 0.464
1474 0.583
1288 0.513
192 0.057
6428 0.551
22447 0.898
17285 0.703
24908 0.252
17738 0.431
13458 0.590
21201 0.827
5923 0.090
23978 0.190
21911 0.092
693 0.212
20179 0.293
12704 0.028
7745 0.157
18310 0.883
4021 0.007
13040 0.964
10919 0.091
14821 0.490
13556 0.546
14058 0.741
9125 0.683
24404 0.932
17583 0.960
13843 0.711
24623 0.084
22787 0.476
5502 0.451
17577 0.945
18866 0.952
4081 0.986
21078 0.042
13506 0.271
16643 0.625
22281 0.186
6052 0.428
15689 0.574
13801 0.468
16341 0.224
20316 0.652
24990 0.628
20877 0.065
23754 0.675
19794 0.840
16843 0.127
8776 0.745
5338 0.760
21635 0.001
24105 0.204
8259 0.721
14292 0.188
7955 0.476
904 0.321
16526 0.735
2848 0.501
13684 0.177
11615 0.610
13416 0.152
6749 0.769
15904 0.950
10255 0.809
343 0.990
11217 0.641
24184 0.633
11817 0.023
4026 0.969
22418 0.934
9109 0.654
3311 0.730
16269 0.942
10633 0.395
5060 0.804
15492 0.228
9467 0.164
12168 0.837
4227 0.000
24911 0.286
18614 0.488
13697 0.144
6380 0.021
20958 0.153
7058 0.692
13104 0.394
16342 0.302
13664 0.870
24572 0.875
294 0.336
3682 0.760
4058 0.839
2160 0.389
22323 0.894
11711 0.764
7772 0.539
11117 0.708
1665 0.194
7245 0.261
11957 0.474
6819 0.077
10616 0.751
20295 0.385
22395 0.751
13487 0.145
4190 0.050
5907 0.622
23387 0.990
20748 0.832
4313 0.523
11342 0.290
20855 0.092
9818 0.335
11857 0.493
22846 0.654
23989 0.903
10364 0.542
16929 0.470
23053 0.840
22387 0.078
9693 0.925
1159 0.620
11074 0.611
23648 0.797
23433 0.582
21019 0.013
24752 0.054
1089 0.686
542 0.124
8770 0.570
13045 0.143
22352 0.219
22028 0.313
23549 0.696
1832 0.382
23443 0.659
13797 0.960
8903 0.696
1018 0.148
11208 0.026
6183 0.605
21732 0.590
8765 0.089
9546 0.078
24947 0.119
9409 0.093
8044 0.399
3957 0.159
1255 0.437
399 0.432
14990 0.463
19685 0.563
11853 0.968
16546 0.718
4616 0.324
4607 0.630
23170 0.462
2211 0.489
1864 0.180
18614 0.562
13513 0.661
24220 0.738
20096 0.771
15788 0.164
15203 0.656
24350 0.502
12004 0.548
22664 0.998
4576 0.791
6624 0.294
15825 0.220
12035 0.445
426 0.901
19083 0.493
4762 0.940
14586 0.373
12277 0.949
3126 0.302
341 0.692
23003 0.260
16892 0.770
17313 0.526
14900 0.902
24762 0.459
12823 0.275
9951 0.899
6825 0.953
17015 0.797
10178 0.497
654 0.316
16346 0.999
14273 0.610
15159 0.817
2414 0.557
23095 0.018
19507 0.284
23306 0.930
15949 0.792
11922 0.459
3120 0.096
23691 0.936
15826 0.985
11777 0.484
20427 0.749
17886 0.036
22830 0.767
9242 0.063
5796 0.935
10115 0.963
9077 0.752
6230 0.237
6885 0.442
5622 0.818
23821 0.333
13552 0.330
9984 0.302
24677 0.926
9224 0.842
18298 0.338
21674 0.664
23244 0.899
12612 0.982
20012 0.802
9920 0.603
5894 0.601
13222 0.270
17801 0.266
22803 0.582
15204 0.096
8935 0.456
17247 0.867
8349 0.663
21436 0.434
183 0.346
9293 0.916
3373 0.321
23853 0.358
23065 0.040
5174 0.005
10805 0.083
4703 0.448
20371 0.472
21242 0.841
4600 0.583
8011 0.130
20812 0.107
17849 0.379
3326 0.387
20862 0.410
22806 0.336
6798 0.945
19207 0.897
1334 0.877
13043 0.806
5787 0.779
14271 0.924
8690 0.468
23447 0.034
20167 0.626
7365 0.497
210 0.843
20494 0.839
7497 0.471
17177 0.847
22838 0.138
21232 0.014
2844 0.966
20988 0.264
3120 0.545
18258 0.092
23683 0.210
17579 0.656
7837 0.031
19317 0.014
12095 0.756
19434 0.603
4817 0.408
14139 0.888
4931 0.398
16761 0.521
22088 0.872
3855 0.781
20616 0.064
20241 0.610
20713 0.736
5261 0.439
5828 0.214
7806 0.253
6334 0.282
13173 0.162
9891 0.156
2878 0.646
11603 0.666
15494 0.445
13873 0.439
3168 0.383
7019 0.300
4713 0.145
17717 0.229
13226 0.919
21443 0.975
14492 0.839
7579 0.313
23211 0.986
10166 0.496
15429 0.907
5174 0.535
1909 0.260
17776 0.377
7897 0.722
15969 0.751
10895 0.098
24065 0.396
6056 0.482
17445 0.002
24289 0.743
21911 0.330
7898 0.123
14148 0.970
2197 0.160
22012 0.376
11624 0.400
10088 0.833
16322 0.489
4650 0.876
4854 0.718
16793 0.853
7341 0.129
15341 0.770
5738 0.786
9537 0.865
24641 0.803
9522 0.641
23492 0.310
22801 0.599
5526 0.465
17263 0.838
15622 0.107
23574 0.506
13696 0.846
7831 0.281
1575 0.910
14939 0.372
1434 0.085
18784 0.227
8693 0.435
23720 0.895
15873 0.710
12526 0.856
10941 0.733
11481 0.558
13218 0.403
1526 0.133
24383 0.490
2324 0.809
11992 0.655
4700 0.617
16064 0.853
14233 0.509
24818 0.648
22151 0.951
17533 0.525
12970 0.748
17562 0.309
14599 0.686
12307 0.560
9000 0.831
7596 0.297
2562 0.032
8536 0.078
11435 0.135
5738 0.424
18093 0.000
19076 0.581
16467 0.627
3587 0.248
7849 0.465
6981 0.373
13822 0.390
4488 0.488
12310 0.888
24367 0.672
22941 0.349
14286 0.347
973 0.626
19711 0.187
6637 0.047
23385 0.638
14683 0.274
16441 0.695
6584 0.848
21903 0.768
12600 0.430
22893 0.995
