1000
11232 0.043
35111 0.318
21461 0.039
20461 0.033
33225 0.382
18457 0.132
19957 0.627
18203 0.476
14414 0.644
32321 0.818
19039 0.516
36624 0.782
15589 0.878
13662 0.034
22093 0.047
32211 0.120
16664 0.068
4202 0.976
4740 0.018
22544 0.775
16330 0.497
2623 0.035
11639 0.211
32046 0.144
12859 0.217
7508 0.194
8172 0.718
12141 0.586
32817 0.849
11298 0.731
25285 0.792
15960 0.197
4755 0.678
12762 0.297
3758 0.026
1960 0.998
27155 0.364
15922 0.396
16679 0.531
30426 0.241
24980 0.729
11406 0.744
12855 0.812
4205 0.257
13723 0.508
17927 0.187
13911 0.688
20114 0.270
6705 0.498
3640 0.977
18517 0.015
32242 0.223
34377 0.807
27424 0.043
30948 0.435
29381 0.159
771 0.697
1726 0.486
31214 0.955
21679 0.630
30440 0.933
4705 0.460
523 0.725
25007 0.097
10389 0.103
29079 0.275
31677 0.483
21684 0.377
16814 0.339
4062 0.989
29874 0.610
30273 0.251
4354 0.373
9175 0.292
12741 0.720
32171 0.185
17919 0.632
30781 0.242
8863 0.561
33746 0.957
1160 0.817
9546 0.860
25179 0.248
23060 0.943
25828 0.288
23616 0.123
12849 0.140
27798 0.980
12419 0.394
8452 0.268
14245 0.202
32708 0.308
17253 0.841
30915 0.961
21081 0.730
36023 0.265
23158 0.677
8410 0.970
21364 0.272
31410 0.611
24565 0.141
31324 0.501
208 0.171
16606 0.919
3208 0.538
31326 0.798
28434 0.286
23247 0.100
33244 0.498
11922 0.831
25263 0.993
9239 0.076
12930 0.174
15840 0.533
21407 0.018
29042 0.113
36159 0.234
11093 0.119
30506 0.792
23046 0.185
27574 0.086
1280 0.692
17090 0.360
27641 0.261
14035 0.311
33326 0.040
24716 0.436
15101 0.507
20608 0.093
36650 0.712
25618 0.467
19892 0.278
33020 0.104
20423 0.481
35149 0.544
25889 0.695
16799 0.375
29721 0.073
5721 0.603
26160 0.096
35627 0.703
21677 0.376
5290 0.279
35679 0.286
7144 0.535
26422 0.278
15487 0.236
22539 0.783
14488 0.166
11534 0.540
11906 0.022
27941 0.704
5041 0.346
14374 0.924
15144 0.049
3102 0.634
1131 0.835
27976 0.029
11727 0.707
26294 0.889
31019 0.977
33673 0.721
27584 0.137
32068 0.028
35780 0.900
6018 0.033
16521 0.336
4941 0.795
14207 0.161
14681 0.902
25499 0.907
14448 0.559
19192 0.267
12885 0.604
32887 0.716
23378 0.686
1638 0.122
26313 0.438
18545 0.548
21650 0.651
3450 0.836
3932 0.256
22036 0.858
5383 0.855
35975 0.066
30920 0.638
26923 0.162
20379 0.045
15523 0.379
5167 0.855
26455 0.858
13076 0.462
19711 0.519
3966 0.854
19328 0.260
25547 0.778
17510 0.744
18946 0.127
11131 0.155
27801 0.006
20875 0.591
22851 0.650
19160 0.930
33892 0.913
20840 0.216
12469 0.872
16264 0.430
15070 0.804
8068 0.590
23312 0.412
19889 0.371
30975 0.127
16294 0.957
12944 0.872
35156 0.595
32871 0.510
2547 0.814
344 0.505
7572 0.722
25514 0.629
24913 0.404
31136 0.820
31385 0.981
32371 0.839
31330 0.748
25692 0.266
1079 0.477
3334 0.538
18706 0.267
24004 0.879
36261 0.652
18725 0.584
21234 0.592
12277 0.787
17222 0.251
11706 0.420
32425 0.945
28683 0.439
12564 0.288
27783 0.613
7527 0.313
24645 0.043
28129 0.109
29594 0.008
6111 0.435
30685 0.016
4243 0.615
36249 0.035
14038 0.583
33719 0.124
19392 0.594
27987 0.902
24950 0.663
21077 0.229
20853 0.888
10277 0.459
32866 0.904
22700 0.701
3572 0.507
27669 0.611
31906 0.091
28192 0.588
15850 0.992
6168 0.497
18216 0.131
24262 0.687
11787 0.030
18260 0.786
35390 0.142
5853 0.565
33157 0.832
19880 0.214
10955 0.332
33883 0.475
36046 0.522
11638 0.005
29372 0.644
406 0.977
20008 0.990
25918 0.108
6575 0.796
21901 0.053
6357 0.180
20981 0.769
735 0.539
4646 0.786
6013 0.682
29506 0.693
28021 0.885
14267 0.165
5146 0.628
21542 0.656
16532 0.490
1928 0.383
22061 0.723
24060 0.275
33612 0.662
3115 0.916
10381 0.302
12651 0.306
35554 0.569
30821 0.558
9964 0.674
6281 0.127
24320 0.736
23917 0.420
25329 0.897
34149 0.751
5399 0.654
31626 0.377
4337 0.012
24819 0.612
12518 0.067
10441 0.832
7288 0.772
21057 0.708
34613 0.363
8511 0.730
33728 0.567
13581 0.546
36294 0.847
20038 0.992
7633 0.678
35604 0.825
27172 0.090
20080 0.260
18112 0.147
34670 0.068
18966 0.540
32286 0.941
29590 0.383
17008 0.431
34989 0.738
26810 0.067
35785 0.239
25367 0.917
26102 0.033
33662 0.757
2683 0.669
32297 0.448
21217 0.708
18093 0.571
15817 0.479
22289 0.003
14419 0.859
29290 0.628
27815 0.914
10468 0.393
28864 0.897
7938 0.732
13940 0.836
13389 0.510
6907 0.210
12885 0.146
1707 0.111
14253 0.524
34019 0.622
36229 0.474
17838 0.028
33465 0.260
6629 0.109
15926 0.656
10890 0.929
9362 0.905
30456 0.365
21432 0.221
24960 0.704
13472 0.935
27232 0.079
18392 0.809
5332 0.676
34208 0.872
9345 0.291
8268 0.447
26517 0.483
3449 0.641
3246 0.181
21652 0.860
29946 0.389
15643 0.539
12790 0.848
35142 0.515
22077 0.962
16234 0.842
11530 0.011
28537 0.857
25308 0.595
15232 0.617
16986 0.455
13193 0.025
14833 0.507
4800 0.628
18438 0.620
29327 0.833
36478 0.847
35253 0.217
21943 0.488
7678 0.514
20606 0.756
7700 0.154
13827 0.250
1377 0.371
16013 0.721
10603 0.940
3203 0.244
31861 0.912
15147 0.369
33841 0.220
30530 0.710
8630 0.488
33228 0.467
24527 0.017
16880 0.369
33939 0.764
22694 0.136
10961 0.189
30735 0.288
11549 0.890
22763 0.047
13904 0.638
25263 0.405
18071 0.685
22032 0.455
14311 0.345
18211 0.939
25652 0.034
2602 0.298
33523 0.179
27276 0.247
10570 0.424
24855 0.050
23367 0.595
12671 0.901
14834 0.766
20663 0.787
15246 0.236
1929 0.633
25442 0.629
20716 0.418
7750 0.309
27612 0.204
21246 0.650
21299 0.968
17560 0.481
2531 0.314
5059 0.504
35401 0.968
7161 0.871
18445 0.964
25677 0.234
28222 0.198
24259 0.815
29475 0.927
6127 0.769
15047 0.794
23681 0.309
25630 0.268
11917 0.766
27259 0.300
14104 0.028
1295 0.595
17522 0.297
13864 0.792
813 0.918
33391 0.659
9405 0.646
23739 0.090
13088 0.300
6635 0.704
15735 0.010
25311 0.059
15868 0.019
12668 0.949
28216 0.304
14049 0.147
3021 0.794
25058 0.199
22752 0.939
867 0.640
24834 0.216
31356 0.272
4229 0.152
29335 0.520
31775 0.810
9997 0.675
27557 0.964
16184 0.627
29437 0.816
28735 0.931
25083 0.618
27019 0.148
21968 0.609
16272 0.255
6493 0.065
32981 0.273
2505 0.162
29983 0.646
13093 0.346
26105 0.694
24602 0.207
16096 0.147
18554 0.066
33622 0.976
22972 0.080
13015 0.026
32741 0.345
9446 0.675
32762 0.623
14279 0.975
30009 0.916
4978 0.744
17818 0.711
36367 0.340
26719 0.380
8846 0.019
12044 0.680
30141 0.086
33691 0.361
22847 0.986
32401 0.759
6493 0.343
15012 0.872
21494 0.186
31315 0.135
16112 0.403
7463 0.381
24013 0.990
20063 0.222
2537 0.774
17253 0.732
1897 0.384
30009 0.920
1646 0.127
2856 0.656
29072 0.196
1727 0.172
26594 0.656
31288 0.633
22124 0.819
4592 0.432
35203 0.496
4405 0.618
25847 0.000
11958 0.871
26362 0.584
31537 0.936
869 0.232
14091 0.623
9871 0.791
21979 0.955
21973 0.723
14182 0.933
20410 0.358
16371 0.631
27173 0.957
21947 0.101
20279 0.205
15651 0.586
2520 0.885
9708 0.501
12944 0.614
21969 0.457
24392 0.083
1041 0.663
22464 0.500
164 0.347
9453 0.603
34759 0.313
10737 0.821
475 0.188
27277 0.658
17594 0.825
11130 0.559
11019 0.952
27582 0.316
3135 0.927
12539 0.330
10534 0.790
34389 0.509
1478 0.204
23908 0.271
15548 0.982
28748 0.355
22465 0.462
5944 0.928
29946 0.217
567 0.577
15959 0.883
7257 0.700
18198 0.762
13918 0.566
24060 0.689
876 0.345
26948 0.060
29674 0.626
14638 0.413
638 0.904
24778 0.834
14577 0.432
22908 0.822
28090 0.576
13321 0.912
22639 0.954
20113 0.344
9798 0.806
27981 0.441
27251 0.101
35261 0.499
3585 0.998
16979 0.114
15461 0.933
35993 0.077
25468 0.465
4901 0.124
19343 0.534
22100 0.962
16270 0.420
9839 0.178
33221 0.283
36470 0.465
16687 0.630
8524 0.507
5210 0.013
27640 0.066
9354 0.510
26095 0.980
4525 0.204
30911 0.765
19736 0.388
29990 0.547
29123 0.606
26965 0.194
29801 0.198
24174 0.798
8616 0.591
4217 0.659
35864 0.337
32938 0.367
5588 0.671
28183 0.845
33596 0.990
22654 0.391
16145 0.227
21306 0.712
424 0.804
26925 0.823
8268 0.366
134 0.352
5191 0.409
20326 0.238
21352 0.685
15618 0.948
995 0.924
1598 0.701
9306 0.032
8276 0.166
18047 0.239
27991 0.899
1584 0.575
11190 0.726
28751 0.812
14333 0.820
32141 0.185
31833 0.651
10806 0.387
15310 0.337
18695 0.626
18022 0.069
14788 0.429
18764 0.464
27150 0.815
2906 0.800
9277 0.912
5029 0.025
1819 0.609
5620 0.690
32265 0.854
3878 0.100
3039 0.246
31831 0.539
22414 0.258
21088 0.152
19371 0.617
15775 0.981
27430 0.967
669 0.056
26557 0.052
20327 0.460
36141 0.566
15122 0.972
24993 0.084
18215 0.882
20949 0.207
21285 0.210
13110 0.054
18502 0.736
13722 0.827
10587 0.267
16722 0.716
29905 0.704
24317 0.767
4395 0.023
30446 0.781
15550 0.653
28897 0.638
15459 0.421
10462 0.420
14448 0.235
11537 0.717
26926 0.992
19080 0.673
18634 0.054
9675 0.799
14108 0.563
17533 0.651
3232 0.081
25554 0.659
20268 0.284
15129 0.144
28584 0.006
31100 0.243
7013 0.835
28730 0.028
34246 0.463
17402 0.608
31813 0.679
31379 0.847
7309 0.793
29035 0.728
36009 0.580
20027 0.355
31931 0.610
9608 0.319
13545 0.306
4881 0.392
32286 0.503
29955 0.691
25970 0.453
19334 0.217
14883 0.847
32670 0.377
21496 0.667
19070 0.470
22901 0.087
8614 0.841
9294 0.979
22355 0.147
5652 0.227
3212 0.073
2384 0.665
19252 0.999
24246 0.781
20909 0.927
2173 0.955
12752 0.300
2746 0.731
25244 0.986
26742 0.676
17829 0.361
15497 0.934
12932 0.613
9883 0.044
1584 0.471
23077 0.066
2470 0.054
27366 0.366
19225 0.030
29891 0.666
7277 0.722
34080 0.441
26689 0.624
30310 0.344
3239 0.407
10575 0.668
3746 0.541
24536 0.595
3832 0.495
17370 0.187
13655 0.953
15867 0.197
25643 0.144
15952 0.206
1833 0.332
13038 0.450
7600 0.399
26290 0.876
28626 0.690
14916 0.841
14192 0.819
20039 0.129
24830 0.838
11746 0.327
30627 0.913
28174 0.475
12233 0.380
15158 0.660
15929 0.218
21271 0.418
22638 0.921
15856 0.022
18183 0.429
29866 0.452
35747 0.266
28400 0.614
21069 0.256
3921 0.033
27896 0.777
29259 0.019
8418 0.191
30627 0.106
2736 0.933
10448 0.384
6916 0.934
7521 0.335
36134 0.947
35110 0.336
17268 0.322
19806 0.849
30681 0.846
20161 0.136
9083 0.364
21438 0.312
27704 0.623
4326 0.592
23800 0.761
31397 0.040
31788 0.604
13849 0.890
5455 0.379
13886 0.747
31904 0.013
25645 0.280
1665 0.134
7986 0.868
35661 0.756
1610 0.863
36655 0.098
8884 0.628
31977 0.552
22596 0.923
27207 0.299
26328 0.135
27625 0.204
20848 0.110
4047 0.785
17236 0.062
28060 0.597
11938 0.375
25560 0.117
31978 0.981
89 0.124
4834 0.419
19089 0.252
36544 0.562
16986 0.745
19107 0.926
28583 0.562
32822 0.647
15756 0.004
24386 0.182
6203 0.284
27250 0.127
34227 0.586
14312 0.910
19429 0.328
18423 0.525
31871 0.073
27461 0.084
15204 0.476
33349 0.521
27680 0.139
31567 0.651
9561 0.265
31402 0.738
17758 0.031
21267 0.979
31106 0.593
31094 0.475
12138 0.968
19573 0.661
7397 0.602
29173 0.729
19430 0.236
10996 0.211
6520 0.408
30117 0.315
10757 0.694
31907 0.967
23972 0.375
22683 0.195
6347 0.233
22388 0.046
26641 0.874
18889 0.073
22980 0.055
2281 0.793
30376 0.146
21101 0.189
5548 0.551
29384 0.456
31345 0.208
14475 0.644
3435 0.410
10552 0.580
34828 0.740
29896 0.497
7227 0.637
6827 0.445
4518 0.532
27560 0.751
22259 0.981
5032 0.997
12530 0.139
16931 0.022
29146 0.210
23086 0.749
30987 0.146
20507 0.737
24474 0.077
5743 0.132
954 0.234
31163 0.318
34678 0.675
17394 0.825
19481 0.266
2617 0.271
20994 0.072
13144 0.645
9863 0.467
10281 0.379
26649 0.382
26644 0.964
35119 0.116
13901 0.815
11261 0.074
18981 0.185
980 0.210
17678 0.645
23377 0.403
4393 0.056
31651 0.000
4729 0.154
35112 0.283
29567 0.056
31892 0.358
32328 0.116
31759 0.221
23715 0.934
15525 0.368
31453 0.195
15997 0.598
18253 0.289
18256 0.765
2453 0.184
10053 0.582
26441 0.464
21313 0.732
606 0.781
27374 0.121
9287 0.565
4971 0.473
17797 0.906
31727 0.891
15899 0.206
9797 0.717
18628 0.200
33507 0.498
33904 0.429
16524 0.470
15804 0.993
26798 0.158
30122 0.334
2157 0.468
29405 0.377
23209 0.172
19300 0.959
8239 0.303
3670 0.652
30937 0.158
28456 0.181
24155 0.593
3572 0.721
26429 0.782
7392 0.968
1209 0.446
4904 0.635
32130 0.866
3517 0.814
8758 0.886
24306 0.965
24258 0.548
22745 0.841
3379 0.357
17651 0.050
36341 0.228
18996 0.563
21033 0.049
8146 0.685
31943 0.731
20439 0.797
