1000
15236 0.204
10159 0.913
22959 0.114
347 0.288
23486 0.306
9940 0.578
14074 0.693
4114 0.978
17505 0.627
21288 0.908
14245 0.055
12291 0.070
2532 0.595
7070 0.782
2331 0.905
24967 0.387
9546 0.695
13546 0.484
6767 0.252
8962 0.636
9928 0.147
24788 0.580
7389 0.692
18035 0.329
949 0.050
5036 0.795
11511 0.078
13140 0.632
25719 0.221
19403 0.762
8642 0.721
2286 0.286
7185 0.922
24079 0.082
14696 0.440
14021 0.137
16840 0.088
17587 0.042
23611 0.173
14509 0.700
3741 0.589
23314 0.764
8658 0.474
2402 0.215
24909 0.007
13304 0.699
9386 0.320
4897 0.895
10260 0.016
16603 0.953
18009 0.494
23531 0.396
4404 0.319
20033 0.759
24241 0.104
12672 0.317
23567 0.977
1067 0.115
14188 0.086
22509 0.931
20805 0.716
25050 0.360
12712 0.866
16068 0.749
24009 0.644
667 0.406
23210 0.764
25623 0.267
4945 0.428
8608 0.762
14866 0.459
7957 0.307
18006 0.846
25172 0.509
17412 0.124
21573 0.852
16102 0.068
8623 0.716
2228 0.500
10820 0.389
14955 0.798
7954 0.322
1108 0.770
429 0.826
16909 0.126
12214 0.278
15694 0.842
4590 0.061
23113 0.380
9201 0.962
5441 0.245
5807 0.392
18364 0.845
25676 0.670
5071 0.132
13751 0.896
21971 0.585
5477 0.150
14870 0.348
4672 0.815
24399 0.971
18819 0.555
19181 0.275
7340 0.333
17069 0.079
14641 0.674
14215 0.624
6260 0.772
20784 0.774
25383 0.981
13244 0.787
18221 0.026
20203 0.640
25419 0.808
22731 0.495
5505 0.961
21352 0.010
9875 0.582
18375 0.208
495 0.000
11050 0.336
12552 0.684
9220 0.415
9931 0.244
26001 0.667
17271 0.499
8599 0.849
10786 0.752
14416 0.190
25319 0.965
7836 0.070
22655 0.136
24651 0.895
14148 0.072
16712 0.173
5697 0.369
13992 0.247
23596 0.368
11978 0.676
20288 0.877
13791 0.625
16701 0.115
13619 0.841
12348 0.749
7829 0.672
23901 0.999
11398 0.912
1787 0.993
24831 0.071
14468 0.532
6692 0.914
10604 0.637
10628 0.084
16136 0.992
20072 0.608
4526 0.707
5823 0.742
13208 0.734
11167 0.413
18049 0.696
1997 0.694
9592 0.241
24529 0.885
20694 0.201
20004 0.942
11855 0.320
8020 0.089
21901 0.489
4554 0.890
19610 0.350
2658 0.392
10460 0.798
2262 0.870
23849 0.282
23149 0.778
25724 0.581
20893 0.601
20176 0.714
10050 0.555
23999 0.945
9267 0.939
21294 0.532
12994 0.022
16130 0.557
13772 0.753
22233 0.709
4165 0.163
17398 0.986
20432 0.803
19654 0.726
8482 0.314
10934 0.756
3944 0.318
1163 0.901
9146 0.993
8678 0.263
1503 0.579
10054 0.176
15737 0.664
15701 0.252
3249 0.275
10314 0.116
9787 0.881
23179 0.992
7750 0.940
26130 0.889
4201 0.945
3313 0.944
8765 0.793
19661 0.565
3264 0.977
7658 0.484
11815 0.825
21732 0.282
18936 0.087
6413 0.235
18231 0.101
13839 0.175
18012 0.183
16863 0.907
20441 0.122
22359 0.559
12772 0.521
25006 0.616
618 0.873
8684 0.596
5475 0.272
25131 0.822
23697 0.672
8262 0.085
23061 0.131
7862 0.154
1087 0.671
5323 0.387
13273 0.986
14159 0.169
23407 0.564
7665 0.111
4437 0.634
20283 0.409
5952 0.005
15959 0.024
7473 0.666
26518 0.931
17125 0.551
25459 0.048
10107 0.349
17982 0.388
26034 0.531
4561 0.545
9878 0.721
5352 0.048
11121 0.415
17589 0.522
7426 0.347
23280 0.771
24145 0.236
5286 0.211
17959 0.038
5784 0.814
570 0.498
169 0.417
6699 0.366
4662 0.777
1808 0.501
715 0.052
8138 0.608
24094 0.855
3805 0.861
9394 0.655
14322 0.191
18343 0.256
10020 0.434
9001 0.528
10666 0.060
16067 0.308
9817 0.429
22857 0.857
2751 0.910
21509 0.080
18234 0.817
12809 0.476
25543 0.426
9013 0.896
18602 0.220
9613 0.421
18940 0.883
20802 0.502
15610 0.696
6914 0.946
4539 0.354
15850 0.562
25447 0.313
11491 0.146
22180 0.034
3710 0.115
20708 0.545
12952 0.522
7130 0.179
21705 0.148
11877 0.707
5950 0.091
24368 0.197
12632 0.667
8152 0.164
14157 0.480
20834 0.903
4485 0.988
21827 0.553
22345 0.517
14247 0.463
11171 0.415
16722 0.412
17085 0.896
22900 0.992
25258 0.003
21093 0.111
19600 0.622
15245 0.897
10366 0.046
25985 0.438
2988 0.034
7151 0.155
15490 0.848
20767 0.604
5441 0.184
20410 0.834
14835 0.077
13963 0.174
26155 0.693
9223 0.007
21670 0.729
7037 0.300
22280 0.606
13665 0.911
16045 0.698
2376 0.220
15186 0.679
9477 0.768
7135 0.990
19337 0.238
5398 0.725
8104 0.053
9682 0.669
15383 0.509
3229 0.399
13048 0.076
23925 0.528
21115 0.186
14543 0.111
24236 0.039
11263 0.620
13342 0.548
16535 0.374
241 0.132
6456 0.306
6099 0.283
10812 0.113
5869 0.095
10837 0.497
16643 0.647
9270 0.920
8835 0.688
11447 0.997
23400 0.774
14120 0.980
24068 0.721
6637 0.764
1242 0.279
8391 0.024
3303 0.068
6781 0.635
23649 0.600
3974 0.052
10190 0.465
23725 0.464
15784 0.765
1219 0.156
24297 0.642
21868 0.646
9529 0.205
11382 0.848
6535 0.197
15649 0.732
6385 0.912
21319 0.882
17076 0.829
17385 0.342
7636 0.913
16043 0.104
9907 0.447
19936 0.662
2580 0.457
8324 0.183
14115 0.038
21939 0.734
24479 0.191
22915 0.534
12466 0.462
23882 0.440
23947 0.298
416 0.189
21000 0.016
15058 0.417
12687 0.053
15212 0.981
14327 0.774
22728 0.572
21515 0.257
19101 0.879
22425 0.624
18117 0.766
1465 0.495
16026 0.763
14662 0.909
1032 0.090
5155 0.224
10512 0.336
22733 0.824
22279 0.312
4481 0.214
1706 0.602
4504 0.241
16187 0.413
16494 0.503
21259 0.459
21726 0.448
16584 0.110
21448 0.228
17964 0.281
16377 0.409
24122 0.419
11434 0.210
22297 0.032
3958 0.541
1258 0.831
14229 0.397
4001 0.213
3444 0.322
808 0.333
17507 0.222
11175 0.866
6551 0.405
24334 0.173
24533 0.006
25319 0.786
5144 0.658
6392 0.719
8918 0.900
25943 0.753
266 0.143
23080 0.489
10811 0.708
16409 0.129
1075 0.127
17380 0.981
24502 0.109
12183 0.706
24274 0.580
15279 0.636
9327 0.967
19837 0.567
12984 0.621
13065 0.551
4013 0.327
7525 0.306
23397 0.040
17935 0.420
3967 0.246
3435 0.652
21809 0.768
9670 0.277
24067 0.947
5902 0.839
13110 0.455
6736 0.302
8203 0.719
17861 0.381
929 0.568
11901 0.571
3019 0.002
25590 0.609
23768 0.138
5241 0.805
7668 0.183
17034 0.085
17114 0.321
21946 0.047
13824 0.135
15514 0.252
1235 0.075
23130 0.189
6189 0.222
14771 0.955
16829 0.525
3161 0.526
22167 0.022
6694 0.479
2861 0.486
18502 0.421
21492 0.518
4052 0.710
1406 0.257
9633 0.578
5918 0.137
844 0.199
17051 0.041
13445 0.335
23930 0.184
25450 0.632
7566 0.967
2942 0.204
25829 0.362
15242 0.869
18965 0.008
20744 0.373
10732 0.558
17043 0.882
16493 0.862
23513 0.839
2847 0.280
18366 0.014
12928 0.785
8502 0.569
15248 0.441
20429 0.647
20190 0.596
287 0.062
12580 0.249
1682 0.455
13021 0.492
17588 0.926
8554 0.487
14591 0.638
5428 0.826
8748 0.619
17019 0.018
20981 0.981
2862 0.988
1622 0.292
12937 0.907
11173 0.031
2164 0.415
14897 0.500
6747 0.102
4894 0.992
13119 0.283
20105 0.313
16186 0.569
7901 0.782
18762 0.594
19688 0.783
26154 0.834
8326 0.123
10978 0.258
23708 0.398
9169 0.741
11798 0.088
7788 0.331
22956 0.300
19066 0.346
15263 0.544
6593 0.753
8381 0.348
8179 0.548
11109 0.168
4314 0.423
2793 0.299
2057 0.155
17905 0.250
25808 0.533
8998 0.693
16867 0.138
7629 0.303
79 0.532
20444 0.349
2268 0.497
11601 0.287
6937 0.656
12729 0.905
9707 0.578
19632 0.931
15673 0.344
8570 0.032
20836 0.031
3718 0.631
1275 0.852
4774 0.055
3228 0.355
5758 0.518
34 0.504
13004 0.561
20093 0.770
12596 0.396
10014 0.857
11978 0.472
16256 0.641
22699 0.310
3912 0.641
169 0.690
20163 0.947
15147 0.805
24716 0.193
17689 0.977
1639 0.480
16293 0.987
17713 0.621
19791 0.678
21339 0.159
19344 0.714
2263 0.750
9032 0.159
23800 0.234
8979 0.672
11595 0.219
5371 0.848
18153 0.201
10687 0.238
6330 0.396
13877 0.563
10942 0.054
9679 0.303
4442 0.319
16925 0.590
12545 0.548
24893 0.516
20577 0.284
19956 0.052
9268 0.114
23683 0.045
4011 0.927
17868 0.426
22872 0.474
15527 0.903
11800 0.593
3691 0.565
15855 0.361
25428 0.354
18945 0.825
24833 0.998
18963 0.433
11033 0.211
16128 0.026
7303 0.173
17171 0.070
18289 0.719
24521 0.077
892 0.078
1803 0.725
14351 0.021
95 0.012
23857 0.358
22375 0.891
11764 0.823
9960 0.411
18667 0.731
8873 0.579
4531 0.008
800 0.941
17897 0.730
24404 0.875
7526 0.287
19 0.075
5277 0.907
1849 0.753
7351 0.570
19671 0.476
23349 0.274
16459 0.151
4613 0.948
195 0.041
16814 0.428
14390 0.746
17938 0.724
3717 0.133
841 0.196
5267 0.395
11468 0.282
25848 0.620
14048 0.819
20312 0.140
23565 0.816
18795 0.268
15999 0.618
24397 0.337
20882 0.384
15780 0.146
24498 0.651
10882 0.945
9257 0.521
12372 0.172
11797 0.594
4942 0.481
8190 0.447
20153 0.450
12523 0.345
2766 0.269
16115 0.092
16999 0.013
12783 0.497
4664 0.573
22134 0.231
8203 0.917
19887 0.730
26472 0.461
2157 0.234
2438 0.101
8083 0.195
7228 0.174
18843 0.010
4733 0.581
23456 0.724
24195 0.594
20505 0.825
13729 0.640
20081 0.236
23405 0.022
10945 0.217
10400 0.145
9957 0.105
7978 0.670
21085 0.667
1466 0.148
22099 0.010
931 0.747
10187 0.249
19125 0.727
7779 0.456
26335 0.193
4219 0.144
11197 0.636
26417 0.798
20947 0.761
11453 0.141
9125 0.626
24331 0.352
21233 0.026
13484 0.544
25433 0.430
14699 0.059
2570 0.370
3265 0.884
16187 0.091
363 0.977
10705 0.707
6205 0.825
16839 0.144
17335 0.923
10585 0.049
21213 0.211
3528 0.810
5877 0.273
374 0.318
3058 0.985
5379 0.829
12901 0.807
14053 0.119
48 0.122
4738 0.947
10271 0.138
14134 0.289
16534 0.780
15739 0.282
14500 0.152
3104 0.086
7937 0.810
19358 0.748
3545 0.660
740 0.867
21037 0.807
21968 0.965
20282 0.987
11999 0.657
11429 0.312
21252 0.813
19876 0.579
19074 0.002
10438 0.159
4107 0.643
939 0.376
22826 0.413
25510 0.638
24096 0.771
20127 0.800
10203 0.258
14973 0.943
19726 0.797
26304 0.518
2979 0.060
13894 0.339
17835 0.237
21282 0.534
3578 0.117
26200 0.047
6692 0.384
13665 0.245
3448 0.069
21233 0.437
8479 0.730
14689 0.983
21345 0.505
12394 0.572
1431 0.955
12774 0.208
18778 0.799
20732 0.725
13278 0.990
21861 0.283
22444 0.437
2090 0.350
1093 0.910
18625 0.505
16384 0.977
25772 0.206
14313 0.984
3819 0.838
16470 0.105
19637 0.097
21374 0.017
7465 0.820
6081 0.952
19974 0.451
795 0.275
17917 0.909
15925 0.952
24037 0.982
14037 0.427
21734 0.566
3693 0.646
20309 0.860
22846 0.190
19497 0.454
7949 0.824
14120 0.662
10465 0.173
26080 0.327
21976 0.195
24747 0.456
10947 0.926
7516 0.904
12109 0.102
4471 0.443
14152 0.181
10835 0.493
8533 0.550
1798 0.608
25836 0.613
166 0.243
9453 0.332
24855 0.798
17262 0.330
15725 0.768
23446 0.995
11140 0.756
8559 0.271
2325 0.960
19304 0.994
20381 0.710
21553 0.274
15861 0.460
11718 0.364
25547 0.777
13368 0.531
16337 0.730
12144 0.400
11837 0.306
10498 0.065
7075 0.087
25076 0.768
15700 0.858
16991 0.832
14907 0.154
24351 0.557
5748 0.075
18354 0.542
2214 0.037
8470 0.231
23792 0.593
21855 0.872
11975 0.519
12540 0.110
10389 0.077
17249 0.879
4922 0.537
13651 0.481
14607 0.060
10151 0.048
20218 0.870
6314 0.278
15448 0.730
170 0.446
7716 0.899
20479 0.821
26134 0.676
9961 0.910
12713 0.683
18676 0.341
30 0.240
13770 0.610
19752 0.993
9399 0.482
15691 0.333
8079 0.995
5958 0.943
17683 0.142
2378 0.632
16606 0.986
3436 0.962
13827 0.545
2683 0.836
21135 0.957
506 0.026
13717 0.840
11154 0.087
3498 0.506
15806 0.587
1931 0.908
22588 0.551
12825 0.090
4111 0.663
20210 0.219
18448 0.075
25108 0.440
15179 0.978
10935 0.302
4231 0.296
685 0.788
4575 0.327
23115 0.914
26256 0.121
21922 0.366
64 0.281
1331 0.674
10302 0.008
7917 0.475
1908 0.288
25534 0.524
4029 0.908
9976 0.040
22790 0.751
19967 0.474
12225 0.847
23623 0.675
11685 0.663
17988 0.643
25876 0.273
25456 0.732
19266 0.970
25223 0.538
21128 0.503
20163 0.612
14335 0.942
17784 0.223
19691 0.458
7629 0.844
20985 0.104
26481 0.946
2932 0.878
775 0.551
18202 0.331
12689 0.707
7529 0.569
7734 0.207
5478 0.419
5669 0.229
7833 0.560
4243 0.796
13807 0.674
22363 0.715
12554 0.126
15720 0.089
16400 0.786
23308 0.293
7608 0.450
18675 0.437
534 0.266
12440 0.992
20921 0.388
11225 0.083
8844 0.063
14752 0.023
13625 0.558
21852 0.247
20059 0.971
12325 0.424
19464 0.264
16167 0.541
12970 0.703
5614 0.872
19692 0.351
8483 0.699
14775 0.691
14677 0.591
19290 0.399
21674 0.003
9252 0.083
2468 0.438
3122 0.750
25336 0.175
18026 0.559
