1000
16482 0.386
14197 0.015
21198 0.001
10292 0.303
12294 0.127
6552 0.232
15896 0.570
10901 0.871
12298 0.661
10614 0.605
21856 0.614
10789 0.849
11609 0.881
3014 0.462
4626 0.755
18810 0.781
9834 0.257
3909 0.975
19410 0.501
13080 0.492
11293 0.674
7505 0.626
6909 0.745
9568 0.734
2890 0.347
5350 0.074
18073 0.423
6731 0.672
12716 0.564
2418 0.022
18402 0.209
9227 0.169
6100 0.675
13130 0.463
6145 0.037
8487 0.271
21809 0.837
7635 0.339
19989 0.809
9745 0.870
11487 0.071
21062 0.112
2954 0.613
11587 0.560
4413 0.755
18968 0.436
6917 0.276
22637 0.375
11198 0.574
5568 0.187
2159 0.606
3210 0.992
4053 0.997
20109 0.738
17518 0.081
16937 0.195
2174 0.329
1141 0.742
21373 0.096
15331 0.378
13744 0.805
7622 0.023
18842 0.298
20391 0.429
14841 0.101
20381 0.989
21203 0.732
19312 0.911
19348 0.396
22286 0.644
4300 0.604
14032 0.850
7997 0.217
9359 0.096
19672 0.773
22133 0.984
19827 0.966
16851 0.251
5310 0.568
19650 0.943
22040 0.312
10327 0.824
17266 0.614
18044 0.867
14726 0.699
20622 0.798
12153 0.025
7003 0.432
11395 0.363
12244 0.171
21840 0.816
2780 0.831
20963 0.828
9620 0.903
16511 0.813
14730 0.841
5690 0.961
4908 0.836
955 0.289
17049 0.156
9095 0.536
6619 0.936
20290 0.801
8825 0.120
5633 0.577
4856 0.403
1680 0.105
176 0.705
9434 0.774
9242 0.101
5957 0.538
12435 0.321
20211 0.300
11827 0.996
8233 0.233
10133 0.624
4602 0.963
17209 0.812
19434 0.860
16767 0.964
19996 0.641
21274 0.392
9070 0.568
1003 0.569
6801 0.035
6709 0.064
13405 0.583
20059 0.867
461 0.915
11383 0.695
9037 0.780
8439 0.994
9341 0.179
11254 0.343
12463 0.160
15613 0.579
11674 0.171
10275 0.420
13608 0.656
7092 0.610
21744 0.912
10107 0.670
4170 0.733
15292 0.175
8009 0.752
3692 0.475
11562 0.133
2034 0.987
21044 0.701
386 0.994
1133 0.539
16650 0.032
1003 0.448
11827 0.875
20768 0.536
4074 0.379
11891 0.266
11306 0.242
10903 0.388
1694 0.385
22010 0.849
9660 0.188
16116 0.405
1551 0.366
12499 0.520
5008 0.165
22406 0.593
12373 0.334
21614 0.071
162 0.303
15539 0.246
9532 0.289
14094 0.468
21888 0.959
7415 0.135
12618 0.785
6330 0.180
15068 0.205
11126 0.421
11217 0.580
22664 0.777
14386 0.104
11957 0.323
764 0.164
11318 0.461
11694 0.263
18382 0.638
11240 0.778
19792 0.908
13355 0.006
15949 0.170
9046 0.338
13748 0.536
19617 0.587
10011 0.359
97 0.292
13458 0.327
9329 0.249
13525 0.865
1533 0.390
12847 0.955
6588 0.591
19995 0.979
8612 0.665
3463 0.059
14863 0.309
19067 0.383
20762 0.184
9538 0.380
1985 0.544
12093 0.034
9436 0.529
11791 0.020
15370 0.783
15935 0.562
3691 0.966
12992 0.818
1690 0.697
8698 0.465
7507 0.532
13847 0.620
17053 0.704
18675 0.699
9991 0.865
3520 0.508
18915 0.322
20319 0.199
7165 0.500
8828 0.156
6544 0.492
19696 0.480
4377 0.704
4666 0.421
16072 0.393
1391 0.006
10801 0.578
1232 0.977
12801 0.494
6392 0.810
12602 0.698
8118 0.977
10872 0.586
1056 0.553
3002 0.296
9961 0.500
14076 0.209
587 0.884
4999 0.546
2020 0.115
15205 0.213
17363 0.157
10545 0.048
13085 0.266
8627 0.607
7327 0.024
20949 0.383
9391 0.014
18610 0.577
1217 0.581
14973 0.620
3710 0.408
2230 0.647
9959 0.341
10516 0.616
12429 0.360
9963 0.046
17315 0.122
12292 0.356
16942 0.994
13112 0.631
8969 0.449
5433 0.999
15817 0.454
16537 0.296
11473 0.426
3498 0.462
12536 0.402
952 0.544
14379 0.586
16885 0.647
12341 0.290
20799 0.920
19674 0.089
17114 0.649
10726 0.174
13327 0.875
20162 0.593
10270 0.377
1170 0.467
3914 0.456
7699 0.260
2029 0.643
1140 0.528
2424 0.982
12670 0.522
13604 0.598
11377 0.466
13750 0.656
22302 0.248
17235 0.381
13818 0.758
19599 0.689
9400 0.662
19416 0.070
18626 0.443
20399 0.822
4184 0.346
2847 0.908
20988 0.977
12979 0.741
758 0.916
3427 0.557
1466 0.318
9144 0.459
9728 0.122
14812 0.841
1121 0.810
21556 0.571
13424 0.676
3467 0.170
1017 0.074
12433 0.469
14811 0.596
1678 0.712
11270 0.003
18155 0.536
16367 0.123
17081 0.990
540 0.798
22676 0.999
5409 0.892
11734 0.104
8276 0.848
3872 0.799
12480 0.957
4171 0.946
21321 0.617
19605 0.388
5216 0.155
8179 0.042
12870 0.076
11583 0.633
20407 0.464
11774 0.844
11216 0.955
5596 0.955
7284 0.379
20520 0.813
4922 0.555
2381 0.742
7823 0.742
15354 0.358
21499 0.924
15906 0.495
4119 0.480
5863 0.735
6016 0.668
10698 0.674
3769 0.106
21211 0.660
17955 0.353
13794 0.996
22549 0.420
4375 0.313
12061 0.294
7905 0.501
7284 0.716
21258 0.746
645 0.535
5899 0.045
17237 0.844
5455 0.241
10656 0.571
19040 0.567
1402 0.422
7491 0.753
8252 0.562
9945 0.041
1273 0.505
8682 0.090
4274 0.577
16282 0.339
3403 0.007
21300 0.816
3141 0.814
14674 0.922
18475 0.354
19849 0.340
20913 0.259
12748 0.012
5830 0.645
4450 0.078
10040 0.783
16890 0.235
15419 0.117
10425 0.173
8490 0.175
11725 0.990
18614 0.563
14791 0.732
7607 0.204
17567 0.875
11466 0.366
1362 0.756
8725 0.493
160 0.254
10873 0.995
14220 0.192
10978 0.882
17719 0.139
6159 0.429
18963 0.051
10925 0.619
5840 0.246
9790 0.146
15217 0.226
6068 0.085
22066 0.731
1771 0.894
16602 0.782
3945 0.686
19830 0.319
10443 0.043
20733 0.362
17607 0.899
16037 0.529
9679 0.221
850 0.544
18598 0.324
12457 0.371
6626 0.582
1589 0.351
886 0.412
12015 0.436
20812 0.643
21723 0.638
20801 0.983
20482 0.216
19899 0.098
7045 0.050
18369 0.175
16689 0.834
835 0.528
20905 0.352
3585 0.570
12549 0.109
9119 0.296
16927 0.126
11992 0.814
10627 0.105
1402 0.877
1840 0.231
9844 0.929
14739 0.033
1081 0.152
12241 0.208
4782 0.710
7063 0.853
8387 0.996
2494 0.675
8446 0.955
17527 0.413
2726 0.609
1218 0.746
8752 0.877
3339 0.700
5648 0.186
10293 0.251
3354 0.898
17583 0.087
3972 0.118
18294 0.026
21572 0.516
10602 0.323
19402 0.779
15895 0.165
21732 0.219
1002 0.724
18848 0.909
5608 0.587
21327 0.566
20162 0.398
2911 0.520
1157 0.960
7833 0.028
13039 0.260
4182 0.216
2276 0.244
20447 0.333
19893 0.896
7409 0.877
14196 0.388
7299 0.005
1234 0.869
2085 0.361
3059 0.676
1828 0.076
15823 0.653
16380 0.744
1464 0.643
17237 0.293
16121 0.378
5176 0.634
17313 0.340
19092 0.450
19068 0.480
4520 0.048
13821 0.128
21438 0.240
9880 0.405
19088 0.385
19297 0.916
416 0.062
10656 0.590
10474 0.104
4569 0.198
22182 0.836
8741 0.606
13080 0.539
10599 0.073
20142 0.211
20544 0.137
2188 0.472
2281 0.027
4724 0.104
1934 0.590
11542 0.692
14130 0.982
13990 0.955
3217 0.149
747 0.168
15271 0.283
22425 0.554
458 0.934
14085 0.481
8359 0.966
1875 0.065
10210 0.849
10203 0.782
13701 0.302
12690 0.394
11949 0.019
5652 0.052
2249 0.892
746 0.090
14592 0.266
7730 0.869
2638 0.278
16265 0.791
21813 0.475
13662 0.115
4364 0.808
20767 0.690
15380 0.862
17163 0.908
17091 0.086
4011 0.941
19345 0.510
4717 0.480
9091 0.278
22653 0.314
4962 0.936
11086 0.625
18974 0.582
21270 0.551
9030 0.227
11477 0.765
3175 0.013
19130 0.341
18293 0.711
19613 0.054
8397 0.795
10103 0.292
18240 0.877
4375 0.154
8780 0.564
6183 0.759
20706 0.408
21469 0.657
4259 0.739
16001 0.675
2766 0.955
1973 0.599
504 0.395
12082 0.161
10438 0.271
12243 0.549
4641 0.575
13953 0.254
14988 0.518
19187 0.296
5112 0.234
6618 0.913
6546 0.196
4883 0.154
3526 0.850
22349 0.790
13829 0.887
6048 0.098
20887 0.359
11059 0.738
1793 0.690
4526 0.039
946 0.170
20832 0.327
18836 0.019
14064 0.623
5413 0.469
1545 0.674
4726 0.445
13434 0.072
10381 0.847
15742 0.549
18953 0.940
11367 0.315
6463 0.218
8774 0.649
11533 0.198
16400 0.428
8459 0.442
19980 0.787
6958 0.245
19428 0.516
276 0.004
8693 0.625
14120 0.290
371 0.368
17420 0.495
1112 0.579
20644 0.390
15439 0.104
22088 0.655
6374 0.544
2675 0.743
17219 0.323
14604 0.598
3880 0.510
1704 0.225
6688 0.449
3375 0.864
11720 0.636
13176 0.096
15286 0.971
11943 0.939
10148 0.223
7488 0.885
21019 0.865
21750 0.175
21357 0.154
14522 0.442
9876 0.640
18271 0.260
2657 0.448
17313 0.098
20823 0.225
7690 0.448
406 0.922
5554 0.093
8078 0.498
5207 0.357
17484 0.634
16289 0.044
8930 0.257
20840 0.884
11894 0.552
2878 0.651
15787 0.335
11171 0.432
9710 0.219
10488 0.540
3013 0.566
3406 0.454
2451 0.113
1372 0.605
600 0.737
282 0.727
12399 0.395
20869 0.831
19297 0.205
19236 0.175
20664 0.205
16458 0.300
12747 0.344
835 0.046
2668 0.112
18948 0.424
21544 0.054
1942 0.767
6997 0.020
11954 0.568
12243 0.872
9116 0.671
3378 0.905
114 0.070
18572 0.020
8219 0.493
15613 0.009
15585 0.914
19672 0.086
7913 0.259
17038 0.659
7867 0.022
19858 0.596
14020 0.666
6800 0.933
4978 0.979
12347 0.877
4534 0.650
10456 0.786
1269 0.289
21742 0.931
15690 0.028
11847 0.908
12462 0.774
17135 0.845
10699 0.290
13247 0.486
5541 0.808
10032 0.753
7372 0.659
7788 0.301
4579 0.734
15824 0.787
9782 0.900
4041 0.467
2990 0.742
17257 0.416
14172 0.151
3123 0.509
18722 0.735
22056 0.644
22423 0.473
21085 0.516
12908 0.323
6398 0.157
162 0.344
13643 0.562
16550 0.372
18609 0.849
20439 0.254
12365 0.269
3963 0.335
10503 0.305
1597 0.592
17920 0.159
830 0.489
5551 0.651
7254 0.074
9830 0.363
3051 0.707
21626 0.086
21861 0.081
8640 0.643
1005 0.036
12332 0.276
12668 0.801
17812 0.933
15906 0.930
8339 0.567
24 0.050
20974 0.168
7720 0.493
6670 0.775
1927 0.915
1845 0.105
7393 0.992
16310 0.850
16040 0.806
10448 0.533
2761 0.363
17363 0.640
5954 0.159
17205 0.217
19377 0.771
4085 0.581
1403 0.069
11672 0.000
20753 0.301
3906 0.400
14681 0.842
7127 0.147
17054 0.923
20136 0.153
16668 0.497
8200 0.289
16450 0.705
1721 0.306
22062 0.443
5083 0.548
17532 0.253
11416 0.656
7291 0.521
11521 0.026
17099 0.227
17780 0.712
17480 0.023
8192 0.084
3290 0.357
20254 0.880
10874 0.835
22660 0.888
4474 0.541
2295 0.120
16335 0.803
8317 0.568
21723 0.747
12921 0.802
6490 0.724
11116 0.395
8282 0.279
12931 0.360
10560 0.340
18326 0.407
20688 0.580
9639 0.026
5507 0.454
21997 0.050
14016 0.264
4742 0.273
17384 0.543
14280 0.360
3946 0.609
9437 0.929
13225 0.760
19534 0.806
20253 0.522
13393 0.440
21877 0.700
6937 0.465
10368 0.583
21627 0.421
1102 0.425
11747 0.798
16007 0.509
16184 0.062
15863 0.129
14783 0.345
15298 0.488
16369 0.169
9727 0.050
9263 0.805
10152 0.587
18635 0.017
3452 0.021
5159 0.433
8298 0.173
22286 0.592
1662 0.065
4597 0.643
2235 0.372
19180 0.564
4031 0.945
2318 0.406
9360 0.400
8117 0.701
6879 0.254
12796 0.040
19719 0.873
19620 0.057
6250 0.386
4468 0.887
11950 0.965
735 0.442
6604 0.691
264 0.599
11809 0.612
11695 0.072
1605 0.777
4116 0.211
951 0.994
15311 0.959
18899 0.569
12103 0.656
4570 0.236
21317 0.290
10822 0.625
11439 0.121
1461 0.660
12619 0.918
13879 0.420
18794 0.112
12061 0.766
21288 0.018
17191 0.177
13621 0.534
3602 0.393
1508 0.934
10784 0.912
15998 0.861
17581 0.408
7432 0.257
7197 0.308
5016 0.211
5136 0.413
22055 0.871
19130 0.374
427 0.700
332 0.702
2332 0.461
13100 0.121
18633 0.934
12251 0.930
8984 0.173
16329 0.715
8960 0.304
12964 0.797
13810 0.753
5520 0.264
11966 0.183
7428 0.164
21770 0.688
13245 0.702
2742 0.128
12875 0.787
60 0.395
1769 0.218
22160 0.826
2078 0.436
19731 0.529
14308 0.181
2748 0.339
6368 0.644
21630 0.696
17802 0.383
13627 0.400
4744 0.403
17329 0.656
20461 0.670
4618 0.800
15750 0.566
6117 0.643
3767 0.651
11889 0.753
6068 0.751
7891 0.141
12377 0.616
10367 0.241
17318 0.106
5757 0.927
17744 0.454
15256 0.013
7812 0.015
19485 0.466
2165 0.639
3741 0.655
5580 0.035
18888 0.208
5212 0.682
10798 0.753
7702 0.379
2473 0.693
1669 0.565
8331 0.555
22679 0.376
5242 0.203
14555 0.816
2934 0.275
19933 0.902
13070 0.225
11110 0.210
11508 0.048
2656 0.229
2158 0.080
8838 0.185
12245 0.285
10648 0.476
3437 0.584
11748 0.747
2776 0.359
1923 0.913
3542 0.722
13547 0.931
19597 0.465
19733 0.038
14722 0.578
620 0.096
6761 0.254
8364 0.086
18806 0.891
8226 0.325
4632 0.543
8616 0.204
20198 0.067
15246 0.572
299 0.362
10549 0.586
19882 0.617
4077 0.060
13620 0.356
4212 0.281
20212 0.767
19052 0.356
481 0.172
5429 0.847
3586 0.596
11430 0.240
6732 0.086
18180 0.053
11787 0.165
16293 0.179
