1000
3991 0.085
9315 0.670
8478 0.670
3863 0.558
6944 0.700
605 0.876
383 0.459
9204 0.055
3272 0.558
2965 0.758
9063 0.759
5062 0.911
6521 0.319
9162 0.338
7132 0.048
3754 0.055
9303 0.025
4571 0.853
9207 0.415
2995 0.972
5622 0.169
8469 0.805
10633 0.427
4302 0.896
1750 0.064
2618 0.932
6821 0.416
7875 0.272
8423 0.687
3951 0.481
6907 0.071
2933 0.063
2179 0.218
9159 0.353
496 0.637
4318 0.187
5285 0.764
8511 0.927
24 0.694
4097 0.292
5104 0.824
501 0.568
46 0.991
8561 0.475
8043 0.631
8994 0.235
10501 0.267
8194 0.490
6813 0.066
9745 0.999
557 0.652
7528 0.663
2941 0.146
3912 0.391
4411 0.213
5769 0.069
9258 0.906
10299 0.342
3726 0.425
30 0.863
10142 0.425
6053 0.358
9652 0.659
7064 0.074
9965 0.332
8588 0.281
3901 0.071
4716 0.628
6247 0.086
7232 0.513
2705 0.703
3895 0.494
361 0.678
7381 0.866
6547 0.145
4013 0.151
4881 0.556
3086 0.179
8952 0.246
8137 0.725
9832 0.135
1921 0.364
9426 0.566
9927 0.688
4781 0.006
4077 0.762
2961 0.213
6832 0.556
10396 0.641
9470 0.936
10676 0.392
5811 0.389
1153 0.981
1191 0.592
2599 0.201
3002 0.183
4823 0.782
9599 0.712
7956 0.190
5642 0.417
4099 0.033
2225 0.533
7781 0.215
6906 0.192
6204 0.231
8634 0.615
9185 0.971
76 0.017
10069 0.375
3532 0.762
5427 0.922
6775 0.634
4052 0.042
8017 0.704
6637 0.676
5033 0.247
9768 0.041
7380 0.939
3970 0.949
3053 0.132
10373 0.497
4486 0.833
4903 0.077
4400 0.980
5623 0.127
3643 0.332
7823 0.467
647 0.932
8967 0.004
7281 0.203
5365 0.386
5515 0.756
10551 0.543
5252 0.128
4206 0.908
6411 0.892
9164 0.040
5442 0.606
5028 0.734
9208 0.875
6676 0.664
722 0.404
5438 0.858
2731 0.722
5974 0.311
10414 0.606
6713 0.793
7588 0.839
7431 0.138
4352 0.855
4535 0.740
3134 0.450
2741 0.378
5547 0.214
213 0.619
10009 0.830
3644 0.836
4513 0.159
3934 0.823
5958 0.173
10515 0.202
1667 0.531
5707 0.144
10585 0.967
3701 0.274
9938 0.374
8419 0.828
4185 0.736
8654 0.019
3160 0.701
10472 0.743
6313 0.238
3702 0.971
9887 0.688
6440 0.073
7515 0.684
7058 0.531
4155 0.192
4495 0.946
1614 0.206
1705 0.246
3176 0.473
5346 0.295
9053 0.335
1217 0.203
4382 0.645
8103 0.106
7388 0.053
4580 0.868
4608 0.669
1066 0.950
5117 0.581
1916 0.244
3738 0.232
4702 0.980
10409 0.785
7124 0.842
871 0.665
6474 0.421
8312 0.372
393 0.679
8665 0.869
12 0.603
7896 0.147
2476 0.734
6117 0.563
3521 0.619
6069 0.761
7975 0.033
3806 0.058
952 0.776
7392 0.623
5924 0.524
1893 0.958
3349 0.806
8247 0.226
2849 0.927
1841 0.001
7709 0.461
2545 0.579
3621 0.301
10415 0.186
2216 0.379
5326 0.730
6262 0.211
5893 0.212
5075 0.419
6502 0.502
8330 0.733
499 0.948
4584 0.516
7418 0.080
9502 0.324
5560 0.307
9440 0.462
5443 0.776
4225 0.476
2680 0.378
7109 0.666
6290 0.712
5817 0.507
3459 0.113
1165 0.451
2859 0.052
8195 0.344
7668 0.683
5286 0.690
5256 0.748
4442 0.097
5955 0.304
2655 0.806
2832 0.052
875 0.211
8963 0.956
736 0.975
7919 0.901
8846 0.048
2646 0.381
8463 0.938
41 0.641
1760 0.062
1688 0.201
2734 0.284
10300 0.787
2703 0.626
5738 0.115
1084 0.665
2515 0.271
1558 0.392
4567 0.047
9518 0.839
4230 0.494
6966 0.511
773 0.216
3379 0.059
4004 0.424
3250 0.005
8775 0.503
9060 0.840
6713 0.014
7856 0.763
7760 0.932
5595 0.419
7187 0.988
8729 0.912
3623 0.221
2240 0.017
847 0.672
9926 0.847
9377 0.232
4572 0.654
6513 0.227
6980 0.344
8899 0.847
7165 0.575
4200 0.163
5772 0.268
6493 0.404
5932 0.800
4391 0.009
8786 0.234
3266 0.469
19 0.570
10019 0.910
1180 0.221
9429 0.977
5529 0.815
10173 0.926
3665 0.294
4893 0.390
2417 0.799
8008 0.509
10185 0.080
1441 0.401
9550 0.307
3369 0.722
6387 0.905
2469 0.656
4217 0.767
82 0.502
2865 0.040
504 0.478
5485 0.090
810 0.809
2746 0.069
7386 0.924
7997 0.689
5371 0.003
7378 0.644
8362 0.512
5927 0.370
6234 0.061
9947 0.037
1072 0.563
1241 0.256
2077 0.450
8779 0.499
2454 0.014
6 0.810
3795 0.442
7647 0.839
8538 0.177
1608 0.071
8131 0.110
1903 0.523
2708 0.908
8889 0.527
1113 0.804
4835 0.188
2650 0.814
6882 0.333
5871 0.744
2971 0.378
6417 0.914
1664 0.093
10503 0.125
6595 0.049
2703 0.753
1109 0.317
7429 0.213
6947 0.975
2052 0.638
3782 0.549
860 0.463
7052 0.600
4909 0.010
8861 0.474
6761 0.469
3484 0.070
5110 0.921
4478 0.015
2060 0.950
5159 0.933
7411 0.650
4697 0.442
9115 0.155
4425 0.692
383 0.167
961 0.477
5629 0.766
1125 0.939
10521 0.444
6227 0.859
5328 0.839
5799 0.167
5893 0.494
4147 0.222
7181 0.486
7876 0.716
2684 0.206
7902 0.236
3533 0.442
4149 0.255
2622 0.068
1066 0.583
8595 0.133
4547 0.803
2113 0.883
1494 0.012
7843 0.094
1565 0.616
2596 0.445
3088 0.584
2496 0.819
3428 0.048
8139 0.941
260 0.639
7073 0.369
3076 0.143
7954 0.921
3540 0.410
5510 0.478
4290 0.866
509 0.216
4197 0.277
7232 0.800
7943 0.755
8116 0.812
254 0.573
2516 0.631
4687 0.025
1219 0.317
6490 0.852
4294 0.312
9698 0.314
2676 0.611
4489 0.112
20 0.111
6564 0.012
9937 0.879
10655 0.471
2739 0.555
6427 0.243
4042 0.443
9232 0.839
6369 0.668
6367 0.545
4558 0.725
2412 0.568
8532 0.861
7510 0.769
5551 0.589
9531 0.466
6924 0.427
2404 0.912
4266 0.144
4265 0.616
6403 0.700
9122 0.265
5127 0.159
5056 0.380
4311 0.186
1989 0.624
8556 0.969
1722 0.039
5524 0.438
1707 0.852
5668 0.805
6449 0.133
10527 0.465
7542 0.286
4896 0.260
2606 0.087
210 0.868
1288 0.927
594 0.516
2946 0.806
4182 0.876
2540 0.516
5047 0.705
1711 0.930
7081 0.403
7066 0.056
3902 0.929
9505 0.299
593 0.301
9192 0.429
8513 0.288
7121 0.788
8280 0.493
6772 0.487
7137 0.716
7482 0.759
280 0.838
9497 0.278
638 0.640
7842 0.424
2480 0.156
8516 0.681
613 0.734
6209 0.315
224 0.441
9649 0.086
2550 0.847
10060 0.042
6705 0.597
2838 0.621
6056 0.356
6486 0.247
7233 0.996
5362 0.226
444 0.304
6297 0.421
1626 0.997
7317 0.210
4989 0.355
7888 0.787
1780 0.934
5208 0.118
10365 0.926
5713 0.067
5936 0.887
7204 0.270
2307 0.221
1473 0.578
2420 0.093
6961 0.224
5999 0.296
9308 0.552
10389 0.617
2914 0.442
8508 0.814
1459 0.997
6603 0.830
1387 0.813
2296 0.165
8191 0.183
205 0.137
2046 0.368
3547 0.056
7268 0.149
152 0.800
7110 0.049
5030 0.532
7671 0.897
7542 0.689
9066 0.161
3544 0.212
5383 0.349
3203 0.327
3771 0.841
6838 0.952
3265 0.807
6370 0.524
5377 0.559
8763 0.980
605 0.459
8765 0.123
5272 0.914
9858 0.966
9193 0.419
5494 0.049
5585 0.598
7044 0.501
5290 0.345
6473 0.517
8935 0.713
1170 0.082
1348 0.829
10159 0.762
6432 0.354
8231 0.637
982 0.717
1048 0.010
3099 0.140
5022 0.607
3518 0.743
10431 0.910
8661 0.173
5888 0.534
4136 0.711
8784 0.379
166 0.152
8915 0.757
5084 0.381
8080 0.924
2692 0.144
4761 0.945
8640 0.527
1788 0.796
8321 0.659
276 0.648
5341 0.719
6652 0.102
4407 0.250
5799 0.383
3474 0.734
3096 0.330
4104 0.854
904 0.500
4676 0.031
7035 0.352
419 0.340
1208 0.217
3429 0.466
5434 0.527
138 0.526
8052 0.405
1623 0.406
7212 0.819
6169 0.917
2049 0.848
5170 0.484
7455 0.837
934 0.943
10614 0.118
6364 0.787
9749 0.773
113 0.276
4178 0.814
8756 0.040
1752 0.232
9949 0.462
3061 0.850
7147 0.308
3931 0.068
7655 0.155
7137 0.912
8310 0.422
7238 0.445
9314 0.949
772 0.698
1645 0.805
8228 0.609
2178 0.341
6884 0.145
10440 0.780
10262 0.350
10234 0.154
552 0.199
3174 0.866
9223 0.151
594 0.075
6712 0.267
7458 0.340
9713 0.823
6697 0.822
4719 0.334
3464 0.301
2124 0.769
3925 0.748
4542 0.338
10515 0.112
1091 0.034
3034 0.822
9104 0.903
7994 0.891
10073 0.913
3252 0.160
2440 0.340
1187 0.735
352 0.357
727 0.453
3580 0.306
2001 0.367
5463 0.045
4108 0.866
149 0.495
5937 0.424
1881 0.546
1481 0.017
10557 0.810
6956 0.267
1532 0.967
5693 0.196
7040 0.233
2383 0.911
7466 0.074
6725 0.208
2100 0.172
8911 0.700
6102 0.078
9446 0.955
9660 0.297
9240 0.581
1104 0.136
6721 0.858
4604 0.770
3875 0.205
6321 0.954
975 0.152
2332 0.736
4632 0.415
5594 0.340
6458 0.993
9708 0.166
1125 0.632
806 0.401
7803 0.379
1046 0.877
9764 0.215
3691 0.943
6431 0.768
7042 0.215
4785 0.150
1684 0.183
2131 0.953
4480 0.494
9113 0.087
4896 0.608
1911 0.817
9444 0.531
10356 0.514
4804 0.194
2632 0.106
630 0.931
4047 0.829
6680 0.574
4342 0.287
4809 0.277
694 0.395
9389 0.399
7520 0.826
5809 0.999
6897 0.911
5061 0.546
9049 0.279
9565 0.145
5115 0.187
2855 0.910
4382 0.654
5144 0.783
6724 0.544
8540 0.224
10018 0.525
9435 0.130
10166 0.914
9720 0.370
8715 0.706
1760 0.286
5323 0.406
714 0.447
2980 0.449
3450 0.628
5224 0.954
6612 0.522
4357 0.882
7027 0.180
5182 0.181
1942 0.590
4688 0.413
4735 0.142
4358 0.121
6466 0.410
2217 0.802
5155 0.968
6306 0.241
3697 0.945
8954 0.594
318 0.082
1590 0.066
3805 0.265
6453 0.004
4246 0.791
7227 0.558
3635 0.180
2471 0.448
3027 0.017
9023 0.767
3360 0.865
6342 0.674
2538 0.889
2259 0.872
8061 0.317
6391 0.412
3359 0.793
2779 0.053
9300 0.767
8742 0.055
10296 0.304
9151 0.351
6625 0.571
4823 0.202
3437 0.073
6633 0.018
7497 0.140
6855 0.916
9061 0.369
8013 0.657
2650 0.262
3979 0.479
7845 0.600
3468 0.730
9703 0.996
5573 0.407
1749 0.031
8129 0.527
6917 0.937
7590 0.000
9624 0.223
8286 0.391
9187 0.865
8220 0.239
5204 0.564
6673 0.841
5619 0.160
2561 0.608
9093 0.021
7547 0.582
6830 0.801
10189 0.322
2295 0.779
9252 0.686
3508 0.815
5588 0.064
10260 0.083
3957 0.213
6578 0.903
7987 0.324
3779 0.612
2858 0.044
170 0.880
3421 0.749
1089 0.134
2925 0.966
304 0.427
6800 0.850
352 0.248
1385 0.965
1499 0.711
10433 0.362
8492 0.277
1678 0.677
1962 0.218
805 0.927
1418 0.355
9573 0.160
1384 0.376
10196 0.787
5179 0.906
3174 0.048
27 0.811
9790 0.552
4782 0.659
10086 0.391
6341 0.698
3285 0.658
7749 0.180
2211 0.331
3192 0.581
10182 0.567
593 0.754
4964 0.135
7072 0.367
3612 0.430
5953 0.821
8894 0.728
3746 0.808
6850 0.323
7470 0.699
5335 0.251
3312 0.801
9855 0.935
773 0.893
10603 0.703
1270 0.106
4954 0.529
10199 0.563
797 0.241
103 0.091
10439 0.366
1238 0.133
6936 0.272
7079 0.484
9114 0.621
7912 0.589
1519 0.628
4683 0.899
2289 0.046
6213 0.942
4377 0.354
8754 0.028
5999 0.551
786 0.348
7888 0.099
7351 0.267
5852 0.658
690 0.337
9231 0.825
3293 0.814
8730 0.973
8047 0.728
2770 0.779
2721 0.757
10478 0.963
4319 0.447
7113 0.303
6957 0.926
9424 0.928
3393 0.335
2104 0.624
5903 0.744
8144 0.604
457 0.051
3189 0.460
3149 0.723
1170 0.641
2776 0.757
1832 0.057
4287 0.661
474 0.380
7457 0.546
8195 0.100
1839 0.700
9087 0.241
9866 0.285
8725 0.647
9144 0.783
8459 0.783
3775 0.527
171 0.369
3790 0.194
5631 0.890
7709 0.769
308 0.794
6244 0.553
3013 0.479
1582 0.633
9992 0.075
2067 0.048
5777 0.105
391 0.106
899 0.737
5659 0.066
1096 0.015
6323 0.796
9281 0.797
8021 0.718
1080 0.655
3266 0.214
5146 0.309
2 0.255
7037 0.032
5581 0.130
9040 0.930
7882 0.670
9557 0.062
8234 0.041
9516 0.200
7323 0.181
10097 0.901
932 0.370
5819 0.767
2849 0.391
1006 0.216
7671 0.161
7147 0.823
4842 0.237
1480 0.575
681 0.066
7292 0.825
6558 0.114
10048 0.578
6574 0.223
3082 0.113
5876 0.679
8602 0.517
9580 0.258
6339 0.177
169 0.661
4569 0.673
9764 0.183
3651 0.199
10600 0.080
2870 0.967
8393 0.541
5477 0.442
5981 0.263
47 0.681
2369 0.373
8337 0.769
3974 0.119
4300 0.811
7529 0.798
703 0.049
6651 0.327
2474 0.138
9144 0.841
9920 0.860
4505 0.598
4895 0.961
3520 0.982
48 0.792
434 0.338
10604 0.936
3543 0.645
10369 0.963
8400 0.822
951 0.468
1009 0.415
4631 0.145
6827 0.396
9607 0.695
9015 0.670
1380 0.177
3082 0.384
6355 0.017
972 0.751
5860 0.019
5271 0.809
