1000
10642 0.017
13849 0.287
17374 0.698
43573 0.177
31714 0.531
28512 0.047
29803 0.084
19319 0.760
9904 0.277
25334 0.692
46248 0.097
41812 0.537
10625 0.573
8631 0.932
2132 0.052
2775 0.628
11421 0.573
14064 0.166
14593 0.717
8247 0.791
27506 0.016
11227 0.519
7304 0.157
8562 0.335
23864 0.698
16636 0.456
44808 0.907
3453 0.142
26504 0.182
9565 0.687
49065 0.163
40716 0.106
32803 0.459
3633 0.919
40956 0.242
47687 0.852
1261 0.380
27525 0.564
16084 0.034
15699 0.024
20808 0.002
13604 0.823
13665 0.184
38673 0.369
24936 0.423
29343 0.914
25917 0.577
24829 0.653
27318 0.405
13637 0.586
16222 0.166
37553 0.474
20516 0.940
10926 0.858
14321 0.405
36885 0.591
25284 0.657
14133 0.703
23587 0.167
131 0.466
33803 0.412
8325 0.216
19318 0.221
26268 0.457
26162 0.793
43008 0.402
13425 0.434
17589 0.464
18532 0.140
42771 0.572
7426 0.957
14197 0.144
40118 0.914
13703 0.881
28681 0.977
3494 0.900
18998 0.652
15758 0.452
19700 0.883
10650 0.942
24860 0.214
50947 0.167
37140 0.815
47212 0.913
31597 0.053
33789 0.764
23106 0.624
31389 0.405
49093 0.198
42665 0.838
35016 0.130
37215 0.606
39691 0.286
1485 0.734
12657 0.156
43540 0.935
10471 0.831
19545 0.935
3730 0.892
7127 0.194
22370 0.109
20662 0.365
31774 0.309
20546 0.746
12800 0.065
40495 0.603
30959 0.741
41129 0.385
25588 0.994
813 0.414
20732 0.186
40315 0.725
14253 0.563
48792 0.845
46806 0.273
157 0.592
7321 0.509
50437 0.852
46831 0.818
35835 0.547
25087 0.429
44899 0.576
12436 0.149
26114 0.007
22860 0.888
3096 0.550
50252 0.426
44604 0.863
17196 0.648
34424 0.198
44933 0.642
2753 0.254
5316 0.275
3521 0.417
13807 0.470
12452 0.029
15322 0.372
44030 0.386
48114 0.198
30877 0.836
23921 0.947
17211 0.850
36134 0.640
36799 0.121
40407 0.347
44449 0.591
16248 0.932
50430 0.408
30065 0.111
10059 0.053
14426 0.236
43011 0.521
6029 0.969
50 0.594
48792 0.985
20181 0.403
41450 0.601
25935 0.108
30451 0.823
45608 0.539
22768 0.778
46024 0.035
22435 0.408
48661 0.303
1392 0.602
41723 0.740
4748 0.010
45403 0.455
25145 0.720
49180 0.117
40367 0.708
41019 0.642
36930 0.249
14525 0.035
41590 0.543
45240 0.759
20442 0.618
7361 0.728
14253 0.619
15409 0.685
11113 0.812
427 0.087
26468 0.176
47745 0.818
30141 0.837
8305 0.368
40992 0.157
10842 0.826
21781 0.558
38548 0.482
25007 0.308
35309 0.830
24514 0.741
48607 0.628
10125 0.082
39546 0.649
34676 0.587
26223 0.531
15076 0.840
49350 0.223
6324 0.451
11310 0.207
4912 0.374
25076 0.390
2481 0.164
45908 0.955
3305 0.230
13923 0.891
18587 0.253
34609 0.829
28948 0.233
27660 0.268
29732 0.224
5906 0.131
27981 0.336
29689 0.713
38624 0.856
26859 0.845
45055 0.009
14061 0.075
27021 0.524
11814 0.145
28936 0.884
31260 0.371
47149 0.670
47101 0.542
12863 0.181
9229 0.647
10949 0.567
50764 0.170
22794 0.182
35130 0.234
3450 0.580
44670 0.508
28227 0.370
14217 0.658
39141 0.867
27632 0.327
16552 0.795
24931 0.481
2248 0.504
21424 0.029
41615 0.966
31014 0.035
11645 0.525
41296 0.286
4987 0.969
38397 0.568
47479 0.151
50298 0.124
27279 0.362
2761 0.298
38354 0.268
31703 0.454
18335 0.297
14701 0.247
22363 0.679
48135 0.146
18175 0.688
1010 0.820
13547 0.885
39317 0.189
19196 0.508
29520 0.562
23672 0.522
30653 0.839
22638 0.958
25135 0.938
519 0.809
49458 0.086
33444 0.602
12708 0.043
15585 0.549
46074 0.644
36738 0.791
49594 0.375
6501 0.415
2177 0.428
36907 0.988
3749 0.076
15280 0.502
26857 0.245
41352 0.611
50964 0.169
50607 0.311
22187 0.761
44824 0.238
13812 0.818
22962 0.109
21689 0.961
9397 0.765
4559 0.498
19610 0.758
21771 0.955
50705 0.747
24111 0.844
21755 0.341
710 0.847
29680 0.375
33199 0.499
16132 0.648
42361 0.329
16529 0.614
13217 0.805
30177 0.408
36572 0.741
27037 0.826
50357 0.215
16128 0.657
41391 0.238
44416 0.445
13273 0.254
41472 0.117
17799 0.583
35004 0.356
34989 0.766
26809 0.489
33438 0.007
7523 0.055
18105 0.403
43380 0.719
41016 0.591
3920 0.998
21725 0.063
28782 0.210
17063 0.496
3405 0.362
25235 0.359
14015 0.027
35121 0.296
45956 0.136
5503 0.012
24654 0.646
18839 0.880
50493 0.860
11268 0.448
15635 0.658
9010 0.416
47793 0.537
5596 0.584
32923 0.813
27156 0.462
19752 0.441
4601 0.608
3095 0.737
26564 0.262
37550 0.585
46021 0.619
39922 0.764
34842 0.239
34139 0.035
44275 0.938
4326 0.931
28959 0.361
22619 0.337
36917 0.213
18848 0.567
32593 0.992
50810 0.280
9078 0.797
38980 0.174
13713 0.977
16873 0.307
22694 0.196
443 0.039
44333 0.107
22443 0.987
41919 0.139
19438 0.039
10124 0.135
29187 0.554
4832 0.144
6241 0.137
38968 0.664
40429 0.279
25579 0.273
13247 0.191
39679 0.781
36249 0.224
24210 0.648
39111 0.759
50938 0.778
28847 0.156
37320 0.719
7706 0.929
16175 0.969
24066 0.511
10977 0.905
16633 0.253
16716 0.332
17773 0.400
11275 0.019
47111 0.826
3860 0.238
19965 0.296
39200 0.595
48040 0.305
13398 0.315
10557 0.186
39267 0.732
37099 0.521
18714 0.910
89 0.507
34377 0.210
48135 0.118
28518 0.751
23908 0.133
33649 0.704
29039 0.796
28592 0.674
17623 0.072
13528 0.057
21668 0.903
33846 0.140
16695 0.217
9802 0.175
6640 0.176
6230 0.567
26668 0.896
48546 0.858
18944 0.148
33964 0.781
16089 0.653
19260 0.754
6878 0.220
48824 0.668
34204 0.971
45362 0.571
28330 0.612
3911 0.038
25328 0.842
25956 0.486
41003 0.340
26147 0.877
38261 0.882
25483 0.889
23710 0.615
26064 0.925
16899 0.999
15364 0.917
35026 0.197
4179 0.962
18874 0.511
9376 0.556
33717 0.133
3044 0.056
4085 0.814
12465 0.580
19973 0.322
7476 0.885
4404 0.368
408 0.452
23374 0.156
527 0.858
3679 0.283
43861 0.910
42700 0.446
18663 0.958
41265 0.814
6245 0.958
20128 0.247
6548 0.097
28528 0.167
33890 0.211
12484 0.940
5161 0.317
616 0.416
22587 0.875
48226 0.297
24886 0.745
44283 0.032
30304 0.650
34483 0.972
38390 0.858
44552 0.929
36476 0.369
46079 0.413
37706 0.312
28931 0.968
3337 0.998
21428 0.711
3110 0.033
24602 0.358
21032 0.071
42819 0.977
5342 0.520
10712 0.647
31947 0.397
37599 0.126
4462 0.553
31879 0.977
37006 0.872
47519 0.903
36153 0.948
2850 0.599
50235 0.338
17347 0.063
49816 0.469
48119 0.814
47500 0.782
38814 0.139
25117 0.370
16110 0.255
36337 0.192
1043 0.357
37038 0.783
8878 0.069
15024 0.929
31774 0.651
5943 0.334
15300 0.869
5327 0.626
32257 0.637
37566 0.143
14599 0.703
20250 0.809
30357 0.945
35072 0.817
50440 0.841
14766 0.819
49592 0.454
49647 0.227
12667 0.455
18248 0.207
35465 0.635
7468 0.551
10246 0.098
17851 0.513
15153 0.723
50789 0.721
24275 0.866
25645 0.081
26270 0.597
16848 0.339
11125 0.364
35739 0.304
12640 0.814
8683 0.773
21322 0.522
26551 0.043
50285 0.809
4802 0.290
48079 0.705
20509 0.746
41740 0.620
50024 0.853
5839 0.830
14691 0.714
15785 0.352
14591 0.694
4172 0.292
9595 0.024
22580 0.055
10140 0.911
16093 0.944
20557 0.917
13456 0.457
38609 0.629
12221 0.677
44590 0.809
12941 0.014
45066 0.978
11818 0.116
14704 0.651
44274 0.280
32083 0.921
18677 0.240
11385 0.588
37066 0.907
43983 0.104
31350 0.306
40882 0.527
14924 0.086
47342 0.002
5399 0.488
31388 0.564
27193 0.033
33870 0.171
5797 0.719
48898 0.455
48870 0.878
35920 0.186
17116 0.486
35925 0.987
43274 0.807
33565 0.679
31586 0.715
14600 0.934
27153 0.483
16255 0.748
14207 0.921
45186 0.110
44502 0.185
12221 0.425
26095 0.271
13411 0.629
11753 0.966
18012 0.186
620 0.697
20325 0.207
42264 0.941
14179 0.573
18951 0.562
1497 0.070
50205 0.145
17790 0.053
6958 0.744
2569 0.504
37194 0.369
21914 0.062
43306 0.448
35767 0.556
32884 0.887
4942 0.160
9554 0.303
31600 0.673
12936 0.624
36757 0.848
29207 0.706
105 0.283
25970 0.724
14991 0.298
31667 0.771
19030 0.720
35247 0.595
14990 0.562
1251 0.742
40604 0.278
19956 0.571
46324 0.585
17772 0.080
27678 0.969
30878 0.168
5991 0.480
31989 0.243
7954 0.399
1185 0.015
38385 0.498
9226 0.335
1374 0.958
32531 0.943
36621 0.547
49933 0.274
41431 0.788
49420 0.348
15340 0.319
46993 0.033
16190 0.481
18202 0.684
32904 0.910
30488 0.581
20129 0.832
1731 0.356
8571 0.062
26547 0.321
20306 0.601
9365 0.669
50007 0.869
22224 0.348
22233 0.944
19588 0.975
16269 0.087
30980 0.701
41758 0.570
49287 0.542
7957 0.440
9646 0.084
35766 0.511
12715 0.850
1262 0.384
1958 0.257
24890 0.433
15589 0.332
38196 0.072
40026 0.813
5383 0.251
35655 0.904
20062 0.744
26258 0.184
2524 0.338
35294 0.918
46538 0.466
33436 0.543
38466 0.413
41934 0.769
3103 0.580
29743 0.413
42676 0.942
46632 0.980
22019 0.655
33818 0.514
31773 0.249
22887 0.967
23380 0.211
48416 0.159
50150 0.869
36870 0.137
40596 0.002
40885 0.171
33990 0.099
28610 0.059
9703 0.878
12073 0.373
33772 0.824
39118 0.881
13792 0.427
39950 0.404
725 0.157
36696 0.045
41419 0.460
46725 0.418
48246 0.284
19292 0.585
26166 0.186
39134 0.641
31744 0.930
15903 0.769
30576 0.701
9091 0.249
33397 0.764
11913 0.036
46223 0.812
22508 0.919
44699 0.567
22051 0.311
26429 0.339
45522 0.861
20474 0.809
35243 0.313
47151 0.977
39478 0.633
3812 0.604
37543 0.183
49662 0.606
27663 0.627
41986 0.935
3636 0.843
28745 0.478
46081 0.998
3317 0.884
38366 0.857
46359 0.758
24877 0.270
22959 0.734
14611 0.852
16921 0.538
5869 0.324
7847 0.404
48048 0.884
39086 0.691
24106 0.717
29036 0.875
1792 0.997
763 0.075
44938 0.113
48708 0.221
41036 0.369
44642 0.473
48463 0.556
7270 0.117
33205 0.690
32253 0.179
32197 0.376
46817 0.328
18961 0.819
16444 0.694
37866 0.308
1556 0.428
43965 0.483
37953 0.375
23265 0.678
27500 0.993
11208 0.122
28552 0.287
37003 0.398
42822 0.337
2126 0.012
45046 0.963
42814 0.996
739 0.880
40041 0.948
38268 0.794
41329 0.743
23802 0.254
49072 0.701
20943 0.351
29376 0.156
34161 0.118
36609 0.957
26912 0.977
6283 0.714
446 0.376
30226 0.480
34631 0.353
26861 0.796
26776 0.778
7344 0.389
38137 0.993
9183 0.692
32260 0.204
3491 0.161
17647 0.488
41703 0.353
2749 0.429
41980 0.030
43760 0.375
9849 0.282
26619 0.324
2531 0.325
34266 0.306
3605 0.093
42100 0.033
24928 0.756
38636 0.150
21031 0.837
37919 0.726
13915 0.188
16702 0.117
47716 0.684
2476 0.260
43728 0.290
18019 0.585
31868 0.587
47632 0.815
30483 0.737
29835 0.401
41760 0.829
3126 0.731
17369 0.973
40724 0.935
10736 0.278
9576 0.718
6954 0.800
5914 0.524
14355 0.568
3475 0.795
13612 0.988
4278 0.321
3275 0.628
23741 0.683
27677 0.504
27076 0.530
9135 0.073
26717 0.063
35255 0.786
22693 0.514
16146 0.017
32805 0.920
48205 0.177
5960 0.752
24407 0.068
956 0.988
17428 0.160
44118 0.229
47344 0.621
13897 0.325
26660 0.414
47265 0.807
110 0.627
6168 0.895
2590 0.287
42229 0.013
4306 0.035
13174 0.226
32427 0.346
2049 0.471
14344 0.288
48021 0.802
37005 0.609
15733 0.612
42360 0.054
45821 0.144
48418 0.382
28134 0.078
31523 0.285
34442 0.589
13069 0.774
11468 0.340
19860 0.201
34952 0.622
7410 0.538
3608 0.906
16326 0.167
42907 0.215
50727 0.702
9618 0.574
8748 0.590
33709 0.094
3500 0.543
4835 0.656
49031 0.618
13657 0.005
4694 0.768
22368 0.943
45847 0.155
42079 0.643
49403 0.188
9937 0.821
23296 0.590
45490 0.542
8165 0.108
6857 0.629
6833 0.327
46249 0.504
30323 0.769
11783 0.547
6276 0.291
8940 0.170
23535 0.385
48440 0.870
7144 0.936
9813 0.405
5753 0.283
271 0.437
4987 0.788
35891 0.177
44245 0.902
51044 0.375
15923 0.422
50268 0.861
28756 0.336
46834 0.011
33917 0.472
17259 0.848
7487 0.801
45176 0.505
26966 0.658
16866 0.432
29607 0.179
12534 0.045
5629 0.315
44869 0.596
48820 0.302
20849 0.695
34413 0.999
16461 0.413
48924 0.558
44804 0.064
42181 0.874
14009 0.296
14662 0.772
5920 0.332
12659 0.066
8632 0.667
4195 0.643
17401 0.051
48227 0.896
44436 0.830
3419 0.404
4399 0.049
39064 0.085
34150 0.016
49832 0.121
17983 0.738
13491 0.093
40736 0.467
8585 0.558
40045 0.168
14657 0.156
12199 0.647
16165 0.585
37522 0.771
19176 0.690
24890 0.591
24305 0.247
47260 0.035
27207 0.097
2378 0.610
19062 0.205
28878 0.679
35591 0.694
19351 0.227
19479 0.428
10484 0.160
31422 0.425
48984 0.219
17078 0.169
20834 0.027
25837 0.006
17415 0.753
48903 0.690
11802 0.956
18063 0.612
43786 0.640
24065 0.333
45376 0.823
49463 0.842
40458 0.265
46105 0.613
43234 0.677
6379 0.521
18594 0.390
26070 0.781
44606 0.320
35935 0.951
30560 0.824
8978 0.985
21966 0.697
1654 0.901
28965 0.521
