1000
9219 0.404
7802 0.106
1341 0.133
3472 0.885
8279 0.893
695 0.211
746 0.987
10494 0.500
5388 0.793
8882 0.048
6356 0.336
1895 0.973
3441 0.920
6132 0.448
4858 0.126
11018 0.636
209 0.786
447 0.656
8384 0.841
8882 0.612
5384 0.996
1147 0.239
1968 0.225
5697 0.782
4037 0.437
10991 0.863
8877 0.548
4251 0.722
6673 0.743
4964 0.252
6032 0.771
7237 0.905
3235 0.121
292 0.583
1128 0.640
3983 0.879
5856 0.025
5234 0.858
7743 0.775
149 0.491
627 0.742
7603 0.388
8458 0.108
2618 0.521
2783 0.279
1971 0.640
8368 0.543
10973 0.734
5729 0.531
6192 0.467
9799 0.437
198 0.218
7783 0.111
7927 0.683
9691 0.269
7124 0.431
448 0.345
8634 0.097
6009 0.586
9066 0.668
3984 0.684
5073 0.695
11233 0.506
8598 0.966
10133 0.937
10744 0.245
8172 0.325
5449 0.214
6700 0.667
7402 0.007
4487 0.582
6586 0.858
2388 0.949
5920 0.009
10128 0.519
11184 0.419
4458 0.608
10306 0.169
9401 0.748
8403 0.591
3309 0.897
7323 0.194
236 0.464
5137 0.585
8469 0.816
1394 0.856
4144 0.560
7893 0.400
9406 0.442
10446 0.763
4174 0.864
9780 0.169
4926 0.953
8313 0.288
7122 0.235
7622 0.125
855 0.187
4354 0.341
8648 0.480
233 0.657
59 0.310
5174 0.326
5798 0.936
1823 0.171
4617 0.765
1115 0.916
8411 0.182
621 0.397
1905 0.941
10763 0.068
9659 0.726
3529 0.544
4974 0.731
1080 0.029
5598 0.112
9335 0.390
575 0.628
1156 0.900
3805 0.660
6835 0.212
7897 0.987
6228 0.197
1891 0.750
8357 0.566
7339 0.160
3751 0.293
7893 0.274
6650 0.675
6977 0.259
9016 0.709
5150 0.609
982 0.741
6257 0.512
5941 0.074
5913 0.100
9280 0.414
1773 0.094
108 0.855
3622 0.630
3815 0.551
810 0.519
3249 0.751
5343 0.960
11251 0.780
10330 0.896
7991 0.507
1755 0.461
3575 0.621
851 0.055
10359 0.341
7563 0.257
1831 0.497
6857 0.519
5688 0.267
1611 0.352
1896 0.690
8599 0.512
6110 0.000
9810 0.285
3354 0.672
5768 0.371
884 0.362
3100 0.050
5793 0.388
3475 0.268
1281 0.494
894 0.107
10939 0.396
6466 0.481
10894 0.722
10718 0.072
8089 0.576
10341 0.965
3979 0.361
10117 0.312
5449 0.102
1803 0.824
5550 0.316
5873 0.308
560 0.683
7298 0.441
1943 0.589
6367 0.015
2811 0.746
1191 0.772
9864 0.808
1987 0.558
5645 0.325
7050 0.294
8132 0.506
9760 0.922
3329 0.906
9546 0.187
10109 0.428
8015 0.665
11344 0.776
4753 0.414
5644 0.817
5678 0.431
7459 0.317
7844 0.943
6633 0.703
3149 0.551
2085 0.646
7653 0.686
570 0.575
10022 0.515
3249 0.035
10039 0.512
7239 0.208
1425 0.680
4522 0.958
9817 0.739
9195 0.497
1359 0.204
3522 0.321
234 0.613
4975 0.810
8131 0.836
4847 0.963
10447 0.180
1875 0.070
2091 0.619
7211 0.021
11337 0.806
1830 0.578
8270 0.703
245 0.771
5534 0.495
1904 0.391
8088 0.668
9991 0.437
10304 0.736
11351 0.776
240 0.757
7206 0.824
1184 0.640
10598 0.213
9088 0.856
7331 0.414
9910 0.007
5964 0.811
3198 0.792
10357 0.990
5852 0.308
1690 0.506
9706 0.810
9976 0.314
9430 0.485
7266 0.471
364 0.507
755 0.227
8821 0.958
4276 0.829
9013 0.868
2114 0.579
2157 0.181
3370 0.467
2182 0.835
7929 0.443
9967 0.024
7047 0.207
3361 0.614
8818 0.414
4024 0.048
2779 0.406
4148 0.783
9296 0.272
6351 0.024
9978 0.186
4545 0.065
3081 0.952
2568 0.125
9122 0.324
10701 0.093
10862 0.606
7840 0.628
3708 0.698
10354 0.957
8374 0.473
8657 0.359
7471 0.351
1221 0.433
2335 0.764
3493 0.566
6683 0.659
152 0.875
2448 0.728
1967 0.215
7420 0.917
389 0.183
6782 0.081
391 0.068
10239 0.819
2937 0.798
9971 0.688
2490 0.651
7422 0.680
3348 0.392
3567 0.676
3076 0.904
7329 0.150
7242 0.735
2452 0.123
7585 0.393
1862 0.870
3445 0.493
10649 0.541
5909 0.903
1319 0.596
6584 0.031
10696 0.484
6775 0.656
9995 0.627
1880 0.795
9017 0.746
8144 0.536
6695 0.057
4008 0.377
6267 0.875
11189 0.195
4249 0.780
8106 0.236
2560 0.013
4508 0.917
9570 0.130
7521 0.843
9379 0.839
4268 0.659
9575 0.759
3971 0.362
760 0.824
2226 0.918
3487 0.033
5909 0.073
7662 0.803
9214 0.862
1462 0.558
655 0.740
8457 0.218
3483 0.373
6423 0.479
1713 0.031
3799 0.914
1882 0.766
5495 0.218
1524 0.619
9021 0.830
7458 0.930
1754 0.865
3566 0.511
4798 0.506
7449 0.581
2988 0.366
3948 0.910
595 0.050
9653 0.584
3387 0.104
7997 0.268
7857 0.188
6174 0.790
1448 0.045
10738 0.968
6918 0.392
4509 0.016
9842 0.480
3308 0.654
2027 0.512
8837 0.224
8470 0.647
5385 0.842
10473 0.229
11290 0.043
1515 0.854
805 0.230
7818 0.099
7432 0.572
3266 0.701
1018 0.280
3232 0.525
774 0.531
3464 0.242
1227 0.390
9251 0.894
3978 0.261
1751 0.997
2199 0.607
6345 0.666
3184 0.070
6533 0.455
7019 0.987
5286 0.630
3004 0.629
4626 0.352
9636 0.721
8791 0.641
6858 0.299
1487 0.421
5789 0.034
8303 0.674
11044 0.647
9576 0.884
4795 0.477
8581 0.454
91 0.621
6092 0.151
10974 0.287
10567 0.211
5916 0.901
5710 0.337
4628 0.956
592 0.300
3891 0.971
3677 0.708
2298 0.601
5541 0.677
7385 0.115
5831 0.581
1816 0.034
2489 0.378
4416 0.617
84 0.936
3467 0.076
2640 0.726
2314 0.063
9837 0.745
5789 0.272
10787 0.147
1662 0.860
262 0.129
8974 0.204
8551 0.075
9102 0.316
492 0.156
4741 0.906
1862 0.476
1463 0.036
3805 0.461
798 0.566
2408 0.799
11237 0.849
3288 0.806
2259 0.991
222 0.509
9396 0.996
5740 0.326
4102 0.526
6388 0.116
9184 0.224
8891 0.460
1493 0.460
5332 0.191
10427 0.752
10100 0.488
6132 0.756
3548 0.474
10644 0.453
1121 0.343
4762 0.858
4469 0.590
3948 0.674
9446 0.638
3763 0.089
7046 0.827
3904 0.754
6615 0.228
306 0.353
2200 0.581
9875 0.940
6114 0.613
10428 0.441
1323 0.911
1218 0.341
8705 0.134
9258 0.458
9212 0.362
9722 0.588
9020 0.793
5140 0.329
9729 0.005
7380 0.426
2853 0.632
5335 0.032
3793 0.292
4751 0.397
3170 0.709
5775 0.039
8371 0.453
162 0.121
8646 0.531
2541 0.180
3433 0.201
6955 0.072
7247 0.967
8892 0.115
10177 0.899
2669 0.096
337 0.234
8364 0.378
7850 0.572
11240 0.734
5239 0.900
10273 0.816
11228 0.303
9569 0.921
9545 0.617
7141 0.468
6086 0.814
2297 0.208
3341 0.972
1024 0.090
9681 0.510
10383 0.025
5811 0.682
11164 0.348
7225 0.867
5540 0.769
5380 0.323
4720 0.679
7449 0.637
7250 0.249
8675 0.128
8226 0.602
2047 0.856
1208 0.841
5886 0.190
10731 0.502
8401 0.417
1786 0.937
1451 0.356
17 0.651
9539 0.822
2453 0.661
6030 0.966
1236 0.919
8944 0.338
4629 0.074
7404 0.470
3171 0.122
6982 0.481
1983 0.494
5051 0.426
2484 0.503
6723 0.200
8795 0.945
661 0.702
5149 0.681
4160 0.334
10845 0.148
3989 0.309
2413 0.444
1551 0.498
213 0.910
5008 0.040
6059 0.014
2080 0.136
8458 0.509
3108 0.701
4648 0.192
9968 0.275
8617 0.803
8038 0.379
8749 0.529
8883 0.053
3443 0.493
9075 0.809
4713 0.188
2225 0.779
8375 0.148
8206 0.509
11088 0.901
4555 0.752
8412 0.052
5850 0.933
10659 0.523
1229 0.409
10020 0.115
7428 0.836
8547 0.457
5995 0.888
5322 0.570
3274 0.422
6337 0.712
6434 0.720
8946 0.895
11250 0.407
3266 0.266
841 0.405
6307 0.430
10949 0.680
1427 0.577
10652 0.473
8330 0.498
3683 0.162
10400 0.229
5760 0.035
10248 0.365
2219 0.000
6185 0.734
9245 0.278
7923 0.543
58 0.743
10445 0.836
5037 0.605
8804 0.272
9929 0.244
5689 0.812
11352 0.752
2388 0.664
1181 0.212
8216 0.214
5969 0.428
4857 0.541
4923 0.998
5237 0.842
7211 0.059
8399 0.501
9844 0.314
1512 0.134
5723 0.230
2137 0.873
1958 0.479
4690 0.267
3327 0.843
9607 0.996
7328 0.739
401 0.187
10824 0.495
1187 0.340
8457 0.447
11314 0.231
1184 0.412
555 0.356
5632 0.905
10758 0.793
187 0.958
2596 0.057
11356 0.781
4045 0.188
116 0.493
1440 0.728
9175 0.605
4804 0.359
6709 0.100
10970 0.636
9419 0.176
5051 0.227
5872 0.119
9101 0.479
3670 0.958
4197 0.277
8064 0.853
7900 0.659
7483 0.259
6254 0.717
2451 0.889
8804 0.211
10344 0.892
10897 0.396
4485 0.136
9572 0.081
9211 0.910
6066 0.850
8538 0.308
4882 0.404
1150 0.631
29 0.988
852 0.540
2235 0.489
4989 0.766
524 0.370
734 0.918
10120 0.218
10525 0.159
4712 0.255
635 0.440
2008 0.578
4357 0.304
5674 0.411
6909 0.939
10383 0.450
10071 0.575
6153 0.257
2072 0.091
6281 0.062
9244 0.438
6112 0.984
2092 0.485
9151 0.798
2165 0.856
2033 0.297
2503 0.713
7437 0.166
6686 0.927
4486 0.740
6398 0.147
6716 0.514
9429 0.661
8542 0.405
1686 0.131
491 0.238
9235 0.144
1468 0.174
10940 0.081
10929 0.850
2991 0.520
6405 0.591
820 0.131
917 0.089
7670 0.383
8726 0.577
686 0.994
4626 0.538
10465 0.396
9317 0.796
8155 0.060
918 0.002
2961 0.599
5646 0.029
9967 0.644
10348 0.157
7169 0.139
10746 0.380
8916 0.161
2967 0.749
4615 0.258
466 0.100
8998 0.699
1166 0.953
456 0.961
9995 0.689
10863 0.308
6581 0.705
9975 0.824
11008 0.840
356 0.649
5288 0.632
109 0.677
423 0.676
10012 0.709
3582 0.960
3176 0.004
2084 0.956
8152 0.538
2025 0.250
951 0.444
463 0.636
8434 0.876
7754 0.364
2308 0.944
9885 0.611
6496 0.014
999 0.545
10027 0.587
7071 0.477
2875 0.385
4320 0.659
4360 0.013
6294 0.279
1889 0.108
7548 0.535
8524 0.464
4779 0.908
6586 0.141
114 0.786
1755 0.055
3236 0.521
1343 0.865
3216 0.467
8960 0.280
1356 0.535
3724 0.622
6116 0.571
9003 0.361
2516 0.800
1508 0.713
1655 0.093
1400 0.736
8168 0.054
2049 0.826
1723 0.020
8786 0.738
2724 0.127
6178 0.149
1542 0.189
2297 0.401
7070 0.744
8620 0.837
356 0.809
3258 0.418
6681 0.804
3483 0.858
7649 0.664
6875 0.619
10916 0.931
1922 0.669
48 0.040
9528 0.628
8345 0.905
10480 0.000
3198 0.594
9809 0.585
7869 0.715
4928 0.748
3810 0.779
6367 0.187
512 0.305
10225 0.829
9647 0.471
650 0.239
1134 0.893
7283 0.509
1064 0.933
538 0.535
3861 0.767
4892 0.579
10514 0.757
11077 0.765
10222 0.941
772 0.637
3049 0.138
6419 0.226
6522 0.222
10246 0.553
2146 0.747
6870 0.241
9870 0.892
6565 0.881
8499 0.009
9887 0.918
4212 0.699
10215 0.844
1476 0.049
8843 0.515
1532 0.227
3197 0.153
8080 0.302
4940 0.536
10567 0.919
5572 0.039
6852 0.411
3165 0.497
4201 0.607
6232 0.710
807 0.906
11009 0.328
8672 0.885
5809 0.539
7293 0.264
11326 0.984
3241 0.965
2157 0.066
5345 0.299
3756 0.435
11037 0.667
4735 0.461
3076 0.289
3265 0.951
2945 0.964
9820 0.840
2691 0.982
4751 0.323
3907 0.244
10843 0.606
8995 0.936
1457 0.017
7483 0.781
4080 0.173
284 0.071
2405 0.346
43 0.492
533 0.074
4190 0.132
1768 0.358
1296 0.920
5797 0.152
4033 0.271
728 0.685
5175 0.536
319 0.955
10215 0.088
9723 0.149
10458 0.484
383 0.943
7484 0.263
3817 0.460
1086 0.340
7165 0.390
7928 0.941
10581 0.760
9866 0.007
2911 0.760
2127 0.374
7775 0.900
10862 0.692
5405 0.680
4427 0.952
5451 0.066
1113 0.676
4163 0.410
10781 0.863
6165 0.081
5790 0.893
4632 0.332
5803 0.771
5705 0.848
6891 0.532
9280 0.012
7041 0.640
3799 0.562
6216 0.926
10286 0.752
1507 0.125
10540 0.816
7078 0.432
3959 0.655
822 0.452
7101 0.701
2393 0.698
11201 0.462
9476 0.325
9592 0.914
1581 0.311
6002 0.157
827 0.223
538 0.442
6374 0.510
9994 0.846
4649 0.162
1736 0.615
5898 0.838
9901 0.449
1540 0.569
10350 0.910
11216 0.908
10760 0.955
7947 0.545
10268 0.967
6885 0.939
1769 0.602
8712 0.924
11116 0.448
5267 0.671
5788 0.887
4754 0.686
988 0.451
10315 0.673
3820 0.380
628 0.576
4645 0.839
7266 0.058
10826 0.536
2902 0.585
5826 0.807
9195 0.114
3261 0.846
10460 0.794
8036 0.157
5062 0.263
6896 0.550
5600 0.774
5828 0.220
8695 0.228
548 0.644
806 0.848
1761 0.428
1632 0.360
11152 0.532
10476 0.259
1751 0.397
8463 0.909
8241 0.592
3906 0.455
3861 0.621
5981 0.027
4026 0.194
7514 0.797
6476 0.337
4074 0.332
8451 0.419
2627 0.349
8039 0.846
4224 0.138
3973 0.727
10435 0.138
278 0.561
886 0.649
826 0.710
1119 0.685
1500 0.703
3562 0.113
7041 0.090
10811 0.188
2141 0.207
5558 0.039
7276 0.697
1945 0.486
8789 0.269
6699 0.042
10988 0.551
