1000
6599 0.952
5462 0.449
7850 0.781
8562 0.374
8703 0.947
9386 0.457
9035 0.263
442 0.793
1857 0.228
9002 0.005
2490 0.729
118 0.516
4715 0.379
8894 0.186
4920 0.898
5626 0.833
7207 0.972
8852 0.084
8989 0.240
7781 0.254
9344 0.164
2726 0.852
3618 0.947
7016 0.968
5278 0.231
7345 0.856
9497 0.732
8272 0.536
6732 0.348
4726 0.498
9570 0.217
73 0.800
5452 0.074
756 0.872
3192 0.824
5955 0.361
5545 0.473
2657 0.035
3298 0.650
2992 0.875
238 0.019
3080 0.158
2326 0.244
7283 0.479
2845 0.645
7483 0.261
6303 0.722
4659 0.434
9285 0.748
1375 0.348
1420 0.033
2099 0.271
465 0.866
2753 0.109
8443 0.391
3913 0.350
2253 0.630
6390 0.395
2893 0.367
2000 0.941
1760 0.360
6647 0.025
6611 0.404
2064 0.903
8523 0.431
7199 0.416
1053 0.715
7269 0.100
7211 0.627
2260 0.949
1768 0.367
9731 0.798
9477 0.706
4155 0.453
3977 0.448
1668 0.458
6261 0.081
2849 0.149
2856 0.077
3864 0.423
7316 0.570
6311 0.951
2794 0.455
386 0.493
939 0.580
5944 0.538
2793 0.212
3764 0.475
1443 0.812
1029 0.682
2288 0.779
6712 0.791
7878 0.014
9799 0.245
3361 0.160
2806 0.694
4894 0.622
468 0.721
1426 0.830
8783 0.794
638 0.244
2842 0.459
6927 0.598
7423 0.937
7751 0.983
4358 0.239
6548 0.315
7460 0.327
717 0.540
2165 0.267
4460 0.970
993 0.429
4880 0.256
4220 0.531
7321 0.357
7103 0.054
4628 0.864
3662 0.344
4196 0.906
9326 0.934
9175 0.803
4942 0.358
4130 0.886
1601 0.694
3630 0.658
6234 0.951
7462 0.606
4702 0.425
4539 0.518
2753 0.808
3550 0.725
4150 0.012
9715 0.738
8864 0.986
1001 0.035
7231 0.897
6765 0.090
2482 0.252
2591 0.737
2233 0.688
6385 0.021
7652 0.623
7642 0.822
7432 0.251
587 0.523
1524 0.417
4066 0.278
1495 0.921
7020 0.202
7116 0.069
4429 0.788
7148 0.681
2325 0.476
1891 0.217
7161 0.729
4168 0.910
2268 0.467
8708 0.803
4674 0.949
6707 0.945
5962 0.031
5595 0.389
3078 0.757
8122 0.177
3407 0.412
8820 0.918
892 0.815
5746 0.556
195 0.746
9074 0.032
5731 0.708
9372 0.613
188 0.799
7184 0.418
237 0.161
6750 0.955
6869 0.377
5881 0.251
6442 0.952
4554 0.990
9068 0.757
1761 0.585
2496 0.688
2138 0.313
8262 0.866
8406 0.453
2643 0.782
7410 0.781
3285 0.209
7806 0.993
3590 0.541
9796 0.086
1638 0.975
1825 0.835
7751 0.504
9819 0.613
2086 0.413
9045 0.263
163 0.502
80 0.940
3923 0.863
8866 0.554
9168 0.700
5314 0.526
6343 0.325
2773 0.263
6333 0.913
2274 0.689
7367 0.104
5999 0.544
4981 0.972
4357 0.567
5123 0.074
7995 0.132
3243 0.716
7343 0.165
9769 0.360
788 0.052
6177 0.266
128 0.014
8614 0.084
4400 0.746
3466 0.575
8395 0.380
6340 0.512
3739 0.580
8766 0.517
640 0.441
1588 0.066
2428 0.187
7266 0.283
4124 0.935
6929 0.457
5181 0.996
2415 0.373
7206 0.331
1583 0.615
1741 0.749
1335 0.173
1860 0.257
8185 0.880
1731 0.819
5122 0.271
681 0.738
828 0.398
7216 0.958
3026 0.689
8532 0.383
9834 0.815
6376 0.804
8995 0.374
1476 0.906
2176 0.941
6617 0.739
2995 0.049
153 0.528
5901 0.793
8691 0.546
5614 0.907
9891 0.119
3496 0.560
9674 0.322
325 0.155
2181 0.397
8395 0.113
6106 0.804
5966 0.645
332 0.281
2773 0.949
7635 0.433
1047 0.258
742 0.735
7559 0.932
4365 0.636
8880 0.400
245 0.651
2945 0.530
2776 0.739
5310 0.104
7745 0.990
1681 0.505
4807 0.011
3786 0.554
2011 0.367
149 0.355
6023 0.265
1987 0.496
6398 0.317
2232 0.755
58 0.272
7565 0.155
338 0.820
3766 0.565
1006 0.047
8614 0.542
3758 0.557
3577 0.258
9661 0.271
4870 0.713
5904 0.274
2751 0.193
5147 0.242
9015 0.240
1421 0.094
9118 0.500
4658 0.379
981 0.012
649 0.646
2302 0.923
3079 0.836
3735 0.163
3613 0.467
6438 0.522
7923 0.304
417 0.959
8722 0.269
7918 0.484
9622 0.743
4037 0.798
8790 0.022
3321 0.894
4519 0.013
722 0.775
885 0.946
9613 0.950
2554 0.956
242 0.514
3344 0.656
8352 0.749
9220 0.887
9109 0.181
2812 0.950
7625 0.482
364 0.803
20 0.379
9622 0.043
65 0.134
3294 0.243
99 0.996
7316 0.216
3419 0.549
9651 0.061
8154 0.308
9040 0.939
4747 0.752
1195 0.795
2703 0.184
7357 0.114
3482 0.565
5707 0.542
4529 0.182
8282 0.692
9411 0.996
9615 0.602
2347 0.380
5691 0.583
2969 0.355
1356 0.066
2887 0.008
4380 0.330
8859 0.657
9815 0.546
8160 0.521
8732 0.508
3747 0.501
8016 0.805
6769 0.461
5265 0.108
5167 0.303
9170 0.564
2885 0.823
4700 0.015
594 0.486
594 0.736
4024 0.053
2846 0.860
8334 0.027
8279 0.958
1570 0.319
4507 0.957
5657 0.046
4768 0.236
8272 0.799
3108 0.724
2989 0.371
6824 0.142
3219 0.873
929 0.221
5878 0.947
5386 0.503
7705 0.051
4490 0.333
499 0.625
9322 0.155
4007 0.880
8124 0.482
1387 0.969
2919 0.253
4170 0.848
9370 0.063
4392 0.291
1070 0.214
2219 0.750
261 0.134
6463 0.028
82 0.865
9173 0.971
8507 0.728
6277 0.399
1388 0.372
6368 0.728
8560 0.068
8872 0.467
1802 0.947
3700 0.007
3257 0.208
3288 0.517
7131 0.124
9785 0.279
1273 0.019
7520 0.021
7011 0.833
7266 0.454
794 0.526
1571 0.147
4592 0.031
7843 0.985
3796 0.049
6878 0.151
1058 0.737
3439 0.552
8939 0.062
6438 0.490
8867 0.967
2438 0.429
9601 0.715
4721 0.044
7391 0.728
9580 0.321
8250 0.553
1085 0.565
5297 0.290
407 0.310
1660 0.385
5544 0.971
6133 0.473
5639 0.312
4201 0.573
695 0.799
9638 0.500
3891 0.597
9166 0.679
1325 0.378
2255 0.345
4085 0.054
7646 0.946
2098 0.120
8685 0.374
2688 0.419
6653 0.223
8044 0.350
9606 0.561
1095 0.338
4481 0.733
7580 0.296
9350 0.930
2066 0.818
8405 0.216
7163 0.182
456 0.222
8217 0.712
8954 0.137
13 0.955
9813 0.482
8397 0.443
6718 0.300
9603 0.480
7240 0.215
8680 0.080
2927 0.237
4653 0.892
5771 0.849
8052 0.086
451 0.909
6837 0.067
9547 0.651
4492 0.719
8668 0.247
4364 0.741
4100 0.055
4908 0.702
2197 0.548
233 0.422
8126 0.672
4889 0.211
4311 0.333
3315 0.680
2621 0.588
8253 0.015
88 0.446
4289 0.800
8455 0.607
1259 0.007
8618 0.453
689 0.739
9884 0.794
7865 0.862
4632 0.917
5110 0.898
8535 0.892
3814 0.964
5443 0.278
8670 0.378
2184 0.246
8626 0.519
3298 0.940
3180 0.547
1870 0.743
2321 0.797
7508 0.769
6155 0.421
5970 0.963
216 0.840
155 0.519
9511 0.800
5251 0.100
4431 0.100
1640 0.682
9670 0.538
2339 0.847
3273 0.476
7858 0.090
4299 0.497
3319 0.536
2220 0.403
834 0.999
1671 0.641
1290 0.580
1012 0.802
1927 0.630
4024 0.519
4470 0.107
3113 0.991
3744 0.068
7904 0.640
1793 0.861
1732 0.589
1646 0.177
6915 0.693
9473 0.761
459 0.238
516 0.472
7052 0.488
5677 0.955
3175 0.475
5708 0.470
361 0.193
1087 0.213
1168 0.778
9173 0.808
8940 0.054
6886 0.546
3580 0.092
7790 0.762
44 0.318
7862 0.057
2989 0.285
7372 0.560
3913 0.384
9655 0.276
7674 0.599
3990 0.226
1970 0.143
8830 0.354
6436 0.190
8151 0.918
1686 0.470
7613 0.718
7122 0.340
7428 0.207
2175 0.714
2786 0.481
7155 0.140
8849 0.089
6146 0.958
9413 0.183
1871 0.755
949 0.935
7862 0.590
5560 0.359
2515 0.731
9832 0.593
5602 0.193
4081 0.374
671 0.668
5856 0.401
7599 0.098
5969 0.148
4652 0.749
4473 0.130
6034 0.350
9627 0.692
4812 0.519
5003 0.353
2350 0.249
9686 0.518
58 0.803
3169 0.636
4703 0.761
6563 0.370
1479 0.929
1504 0.831
2693 0.357
228 0.535
3229 0.531
8784 0.609
5206 0.145
8617 0.098
8504 0.377
3657 0.072
6898 0.312
6288 0.792
2838 0.006
9538 0.473
9594 0.246
3919 0.819
474 0.390
8036 0.046
2438 0.076
9469 0.331
4881 0.043
7473 0.631
6720 0.854
5406 0.395
9876 0.604
8521 0.981
985 0.728
2333 0.834
8143 0.471
6639 0.639
960 0.275
9332 0.956
1408 0.540
624 0.345
7238 0.132
9390 0.532
2522 0.709
2125 0.862
7101 0.472
6212 0.519
7007 0.393
4506 0.741
1591 0.798
9403 0.197
8953 0.872
3038 0.899
375 0.622
1754 0.119
9673 0.858
9300 0.702
244 0.972
1123 0.054
392 0.737
91 0.815
6191 0.724
6585 0.690
4964 0.637
6467 0.295
2619 0.875
8271 0.559
5055 0.589
503 0.034
3553 0.725
2058 0.253
6442 0.150
3534 0.569
2675 0.395
4470 0.861
1485 0.635
4000 0.711
4481 0.344
82 0.828
9254 0.008
6893 0.121
1918 0.178
5357 0.039
4282 0.752
5534 0.801
7544 0.658
4529 0.353
6454 0.603
3803 0.117
4920 0.479
5225 0.413
6363 0.406
4162 0.247
5951 0.374
8657 0.031
5254 0.880
8651 0.991
5463 0.676
6615 0.505
5392 0.563
4511 0.713
2792 0.130
6415 0.775
8725 0.782
5457 0.993
2138 0.563
377 0.885
8451 0.418
7283 0.131
8364 0.471
8621 0.066
5466 0.098
3721 0.063
3993 0.676
1931 0.409
6296 0.258
7062 0.319
9643 0.312
4774 0.876
4192 0.241
1106 0.747
8419 0.481
2820 0.258
3549 0.610
8050 0.544
9665 0.279
7279 0.284
1212 0.171
7587 0.473
9043 0.966
3833 0.077
3179 0.467
4935 0.293
7038 0.438
3802 0.099
5740 0.702
8525 0.485
1950 0.305
6899 0.473
2874 0.636
1120 0.261
7434 0.699
531 0.093
9261 0.335
6137 0.332
5278 0.514
4276 0.336
5046 0.178
5364 0.599
2787 0.887
5765 0.626
9421 0.658
4 0.300
9579 0.670
1927 0.545
8900 0.760
7843 0.574
530 0.734
1222 0.183
8976 0.900
3290 0.157
6514 0.891
8651 0.059
9672 0.403
3750 0.584
4700 0.888
8712 0.162
2727 0.102
6319 0.438
4441 0.490
8526 0.698
2301 0.874
2094 0.984
929 0.537
8179 0.183
474 0.198
3895 0.566
1255 0.315
6307 0.732
8848 0.914
6144 0.788
3521 0.907
9252 0.661
7944 0.726
5361 0.676
8219 0.895
6101 0.912
4524 0.020
70 0.752
5879 0.262
6522 0.406
8676 0.622
7463 0.949
1172 0.756
645 0.477
7760 0.671
3060 0.063
8225 0.956
7104 0.293
7620 0.515
397 0.254
3201 0.602
159 0.172
5520 0.977
1926 0.605
5848 0.692
4822 0.707
5991 0.467
4386 0.970
99 0.093
2445 0.067
9525 0.887
454 0.059
3814 0.947
9542 0.185
8555 0.030
9648 0.645
5874 0.499
3693 0.480
3562 0.793
496 0.980
5994 0.792
5859 0.338
116 0.756
26 0.631
3920 0.361
5106 0.354
643 0.315
9813 0.690
3009 0.246
2981 0.187
5896 0.663
7961 0.092
4470 0.557
816 0.737
6311 0.791
7294 0.686
8938 0.269
7187 0.345
4646 0.786
9512 0.208
1452 0.939
1291 0.273
9515 0.624
7641 0.506
1915 0.467
5678 0.069
4382 0.164
2999 0.377
3118 0.801
7551 0.990
5725 0.405
1077 0.886
7879 0.052
5296 0.360
106 0.108
2648 0.942
4669 0.762
1817 0.791
1589 0.145
1635 0.144
2584 0.518
1491 0.142
7124 0.999
6024 0.962
6139 0.618
9356 0.366
2480 0.672
3463 0.580
5736 0.915
4183 0.220
6096 0.886
5442 0.878
7554 0.441
6587 0.745
8167 0.827
3946 0.551
8194 0.974
231 0.696
9180 0.134
1468 0.573
7040 0.013
6365 0.670
2231 0.026
5776 0.763
4752 0.655
711 0.069
4292 0.723
693 0.657
5618 0.948
5914 0.841
6462 0.181
6487 0.425
2977 0.675
8189 0.595
1754 0.087
2125 0.535
6567 0.641
6419 0.513
8802 0.769
7509 0.537
6186 0.249
3600 0.003
9338 0.829
482 0.079
751 0.717
4189 0.631
8346 0.127
2436 0.992
9294 0.777
723 0.388
4885 0.728
4832 0.077
5557 0.501
7456 0.304
5053 0.795
1894 0.572
6877 0.520
3485 0.869
9536 0.482
2182 0.474
9383 0.394
4970 0.110
9823 0.729
4952 0.696
9606 0.699
7585 0.828
1441 0.567
6002 0.739
6479 0.112
5116 0.133
8563 0.270
3348 0.422
567 0.279
820 0.174
6532 0.153
7762 0.165
6766 0.122
6904 0.818
7462 0.417
4952 0.596
2281 0.772
9736 0.969
4403 0.049
43 0.270
4814 0.842
2141 0.590
8457 0.974
1909 0.848
4172 0.465
2140 0.679
2927 0.582
3949 0.250
930 0.654
6132 0.197
8445 0.412
7187 0.291
7437 0.933
1505 0.913
2556 0.728
1263 0.197
6156 0.422
1221 0.004
9212 0.580
8197 0.786
1236 0.185
8808 0.417
7420 0.909
1107 0.029
3250 0.575
9078 0.559
4722 0.553
687 0.327
1847 0.016
2005 0.558
3194 0.095
6947 0.757
6305 0.876
7299 0.895
6178 0.375
7288 0.348
4698 0.012
4571 0.918
8289 0.999
2315 0.659
7551 0.607
3324 0.626
3439 0.896
331 0.037
8407 0.934
6251 0.706
2269 0.047
1581 0.234
406 0.673
7024 0.722
2601 0.149
4571 0.036
