1000
11768 0.853
15950 0.055
236 0.680
1093 0.961
4369 0.979
15452 0.029
11219 0.334
4988 0.966
1525 0.358
8751 0.792
2193 0.219
12667 0.732
10789 0.447
9927 0.773
7204 0.605
7378 0.310
10138 0.980
8679 0.999
2083 0.732
14049 0.377
2967 0.170
9655 0.322
4631 0.678
6148 0.343
2286 0.866
2633 0.838
10191 0.225
757 0.817
199 0.438
13519 0.696
8976 0.989
3789 0.868
5804 0.762
14079 0.657
15637 0.184
5700 0.576
14939 0.254
15981 0.710
2454 0.425
15607 0.012
695 0.487
6797 0.835
15422 0.136
8389 0.503
5969 0.023
9418 0.477
8041 0.623
6906 0.062
4438 0.649
3978 0.010
9631 0.774
10619 0.301
5910 0.660
4793 0.173
10234 0.589
11894 0.870
14104 0.281
13354 0.164
10003 0.335
5792 0.844
11968 0.596
12292 0.584
5081 0.797
15856 0.870
2192 0.366
9969 0.158
3318 0.744
10220 0.031
14322 0.500
13002 0.074
3429 0.487
1180 0.698
10144 0.453
6915 0.688
14356 0.944
12925 0.079
517 0.132
4090 0.801
15813 0.552
5808 0.451
1935 0.622
10041 0.668
9019 0.208
14084 0.118
12829 0.498
4016 0.413
8949 0.674
1338 0.055
908 0.826
6063 0.299
517 0.240
5306 0.470
7914 0.688
1778 0.009
10063 0.122
4291 0.603
15047 0.005
6011 0.635
10734 0.813
195 0.388
5484 0.551
9708 0.473
15604 0.980
391 0.050
13707 0.255
3798 0.838
3578 0.171
13263 0.864
1548 0.712
7334 0.128
12150 0.914
12098 0.537
2601 0.245
11734 0.616
7799 0.353
9792 0.618
595 0.399
12727 0.916
14197 0.764
13506 0.565
3506 0.362
13286 0.185
12809 0.146
7985 0.164
14761 0.797
6662 0.671
2438 0.966
8082 0.983
14891 0.904
6568 0.002
12756 0.897
242 0.041
3084 0.703
12809 0.092
5261 0.227
13898 0.974
6580 0.896
3210 0.410
5598 0.752
11190 0.568
7562 0.386
1698 0.618
2896 0.296
13917 0.250
4420 0.503
8422 0.924
9996 0.393
1534 0.881
14948 0.068
14198 0.098
9918 0.101
9040 0.037
3366 0.048
15673 0.947
2409 0.660
7747 0.569
11644 0.053
5067 0.525
10178 0.902
4406 0.223
830 0.595
15742 0.598
8344 0.691
9751 0.603
8423 0.500
14968 0.776
12664 0.662
1293 0.127
12428 0.242
15557 0.262
7602 0.635
152 0.085
1942 0.301
13277 0.986
15968 0.067
7997 0.994
15865 0.264
5746 0.839
8911 0.806
4575 0.731
2940 0.523
3714 0.965
4135 0.060
2123 0.279
4387 0.923
10113 0.210
1184 0.444
11745 0.116
7577 0.801
6992 0.318
10911 0.622
3611 0.872
8726 0.153
12874 0.777
13596 0.909
6714 0.566
6351 0.425
4032 0.227
12983 0.014
12857 0.610
1595 0.963
10749 0.898
576 0.523
12949 0.767
9447 0.868
10159 0.564
6403 0.505
8200 0.224
5690 0.562
9503 0.701
9560 0.034
1142 0.606
12347 0.009
10604 0.613
5985 0.951
2149 0.589
3797 0.417
11541 0.942
14070 0.137
6357 0.985
13638 0.172
956 0.873
1561 0.571
7168 0.126
14281 0.471
2065 0.875
16051 0.688
9119 0.788
2910 0.281
11034 0.249
11326 0.159
11870 0.274
288 0.129
5872 0.663
8677 0.561
11469 0.374
10990 0.673
3035 0.273
6339 0.616
14262 0.788
4229 0.068
4172 0.838
8033 0.674
11016 0.747
8203 0.491
2083 0.197
12563 0.954
9913 0.510
5073 0.572
4144 0.927
9238 0.037
3255 0.773
11992 0.227
474 0.841
12227 0.649
13126 0.274
3798 0.977
7645 0.950
15289 0.674
11103 0.720
7235 0.976
8203 0.262
9993 0.511
676 0.241
10238 0.102
1475 0.119
12882 0.573
7862 0.240
4870 0.374
3069 0.887
14630 0.573
4910 0.458
226 0.316
2111 0.279
3630 0.823
13500 0.231
7937 0.588
8757 0.688
15359 0.003
6373 0.547
11588 0.381
15606 0.307
1203 0.028
5435 0.487
5580 0.161
6322 0.295
4619 0.553
5962 0.334
6334 0.453
994 0.388
5203 0.663
4961 0.229
8006 0.443
8587 0.267
7300 0.265
13455 0.333
15453 0.578
6957 0.435
6545 0.084
10424 0.075
4023 0.925
12231 0.549
11709 0.270
1795 0.019
1621 0.775
1092 0.546
5495 0.547
2065 0.303
1382 0.472
3726 0.870
9903 0.335
7049 0.993
4928 0.721
6694 0.730
13818 0.157
12169 0.151
1714 0.086
11579 0.016
9390 0.143
13927 0.547
1072 0.227
14881 0.936
8158 0.796
12439 0.308
8905 0.006
14356 0.604
14944 0.139
8349 0.013
4334 0.532
4459 0.055
2237 0.467
5504 0.042
6840 0.794
11417 0.155
15965 0.302
7358 0.943
5637 0.939
2337 0.602
7850 0.266
14205 0.553
4891 0.851
4086 0.379
13446 0.556
11253 0.132
13085 0.998
14916 0.150
11208 0.145
12561 0.465
2891 0.940
1693 0.360
11476 0.497
10662 0.859
345 0.737
9610 0.706
13651 0.511
663 0.587
5014 0.946
391 0.634
11728 0.242
10378 0.050
4818 0.819
427 0.489
7331 0.461
14491 0.450
13729 0.405
3581 0.697
10368 0.920
11316 0.633
11917 0.952
7727 0.110
7137 0.180
3248 0.991
4404 0.170
8563 0.874
3045 0.712
8653 0.030
2459 0.216
14359 0.400
7811 0.494
6606 0.893
8354 0.310
8306 0.294
13255 0.813
15764 0.718
2987 0.406
1017 0.963
7958 0.088
7372 0.193
3679 0.520
8509 0.588
145 0.919
2826 0.154
12197 0.430
8057 0.502
10793 0.664
5686 0.144
4877 0.282
9689 0.796
9900 0.264
15030 0.997
10716 0.616
734 0.112
4153 0.672
11426 0.043
9722 0.192
4817 0.575
15990 0.998
4566 0.343
12408 0.042
11519 0.155
4574 0.658
7448 0.661
2463 0.401
603 0.626
10895 0.857
6265 0.636
7823 0.548
14912 0.248
3531 0.693
2430 0.310
15724 0.774
11335 0.829
15873 0.302
15214 0.133
5644 0.878
6599 0.624
11922 0.540
2533 0.703
15323 0.516
12476 0.819
8536 0.568
421 0.952
1074 0.553
7133 0.490
7267 0.645
11874 0.294
2434 0.308
1218 0.942
1992 0.072
15957 0.171
5074 0.319
7675 0.752
13707 0.736
15586 0.672
2989 0.213
14552 0.290
15866 0.349
3385 0.041
2039 0.043
7536 0.749
2980 0.165
12193 0.292
4091 0.396
5383 0.165
2 0.767
9810 0.238
14199 0.635
9927 0.549
3859 0.917
8858 0.461
5047 0.187
11032 0.462
8175 0.174
776 0.566
15742 0.062
8116 0.659
1070 0.175
15849 0.630
1575 0.935
2403 0.632
12263 0.220
6106 0.993
5375 0.923
9523 0.929
12104 0.590
11225 0.565
2275 0.355
10678 0.465
7124 0.142
1809 0.581
1629 0.890
5107 0.208
7303 0.133
8555 0.788
6486 0.045
8519 0.649
12242 0.317
9651 0.800
11401 0.256
10391 0.231
1061 0.275
8786 0.382
7716 0.824
14820 0.551
198 0.394
9776 0.677
7760 0.582
752 0.228
11293 0.587
7497 0.982
316 0.592
2400 0.761
11813 0.734
6734 0.917
10060 0.155
14501 0.063
8666 0.508
10274 0.012
6705 0.695
7081 0.264
6721 0.217
8862 0.295
4948 0.550
6996 0.909
7908 0.766
10988 0.676
10744 0.757
5081 0.260
9976 0.264
1875 0.796
6059 0.558
7502 0.081
15132 0.782
990 0.178
14061 0.232
6328 0.098
11281 0.608
62 0.478
10303 0.743
6254 0.038
7982 0.426
14270 0.647
7944 0.298
13305 0.922
2205 0.211
15559 0.300
14148 0.125
3625 0.127
6285 0.144
8556 0.476
15372 0.141
13427 0.694
13487 0.732
6406 0.808
11273 0.410
1553 0.227
13712 0.156
11698 0.362
5578 0.718
5175 0.523
4229 0.813
1335 0.564
14120 0.179
12941 0.891
998 0.842
3722 0.220
4531 0.673
2873 0.873
10620 0.801
10777 0.147
11448 0.841
2636 0.951
4121 0.397
14715 0.286
13554 0.004
721 0.472
11837 0.611
5206 0.087
9309 0.047
2579 0.792
9025 0.791
14181 0.954
2180 0.335
10511 0.623
8554 0.689
6905 0.730
3764 0.239
12741 0.423
8890 0.974
8339 0.479
14493 0.024
4494 0.978
12806 0.521
3548 0.628
6895 0.888
6592 0.366
7484 0.192
2955 0.985
6155 0.314
6740 0.383
8029 0.086
257 0.286
14515 0.223
13365 0.386
792 0.028
7932 0.747
5464 0.772
2648 0.222
10987 0.145
9229 0.564
2134 0.544
14637 0.736
15310 0.987
12390 0.407
4515 0.325
14727 0.519
162 0.937
12869 0.536
11548 0.588
15091 0.348
15269 0.009
14071 0.406
9047 0.715
3578 0.043
12492 0.531
9264 0.910
4330 0.175
15054 0.653
7658 0.841
4120 0.106
6558 0.660
7339 0.464
5107 0.889
12808 0.781
8286 0.165
6463 0.226
15241 0.447
9336 0.544
11649 0.884
9654 0.948
2362 0.470
11427 0.251
2200 0.168
15590 0.129
10695 0.679
7369 0.690
3952 0.740
3289 0.573
3460 0.812
1505 0.088
2949 0.351
13363 0.392
9884 0.643
10629 0.382
10135 0.234
11936 0.082
5623 0.437
11865 0.905
9764 0.811
14285 0.073
8708 0.477
548 0.258
4100 0.324
13317 0.471
10467 0.571
15865 0.691
2524 0.235
9668 0.287
12643 0.687
6123 0.291
1946 0.801
796 0.120
1711 0.805
10117 0.275
2927 0.915
8966 0.439
5656 0.910
8920 0.893
7210 0.343
5044 0.748
3064 0.774
7984 0.549
2070 0.553
14392 0.417
10121 0.656
3941 0.713
16039 0.519
13182 0.363
10990 0.650
14853 0.105
3173 0.198
2027 0.421
6771 0.798
7637 0.536
3189 0.863
522 0.645
7690 0.763
12384 0.812
5756 0.797
1603 0.616
3409 0.643
14119 0.725
5096 0.789
14930 0.985
14996 0.308
3733 0.854
14926 0.669
1456 0.673
12154 0.767
8300 0.009
9612 0.921
713 0.401
4550 0.804
15103 0.836
9453 0.126
9363 0.042
7795 0.513
1695 0.171
4520 0.035
150 0.813
13626 0.064
4562 0.350
3217 0.124
11884 0.423
4142 0.421
12791 0.284
1139 0.191
1974 0.445
9211 0.176
5661 0.502
6327 0.219
14887 0.803
14624 0.999
7364 0.115
7194 0.625
1648 0.119
8796 0.952
4815 0.353
14791 0.239
2614 0.507
5862 0.045
1627 0.998
9819 0.271
8180 0.114
16034 0.875
12586 0.139
11347 0.282
4876 0.850
12987 0.907
6774 0.529
10138 0.253
3778 0.125
2742 0.082
15259 0.743
6616 0.514
10660 0.239
6909 0.608
14283 0.474
5953 0.703
178 0.516
9292 0.019
12937 0.001
15514 0.054
405 0.502
7678 0.863
8008 0.661
4090 0.121
10294 0.215
12575 0.991
4490 0.606
3030 0.578
3515 0.905
7145 0.078
4973 0.160
10353 0.679
523 0.722
12989 0.959
10375 0.161
7241 0.269
3128 0.010
6486 0.845
5937 0.760
5098 0.766
3773 0.218
8968 0.379
361 0.626
7406 0.406
5447 0.029
10446 0.577
1351 0.317
13657 0.123
6181 0.896
7504 0.281
9873 0.161
3683 0.071
6980 0.017
447 0.217
9441 0.371
13398 0.930
2533 0.654
5122 0.157
1884 0.406
4507 0.318
4278 0.841
830 0.539
13881 0.344
8021 0.393
11202 0.256
4392 0.024
14489 0.864
12518 0.987
13980 0.420
15470 0.894
10026 0.459
8106 0.870
11585 0.422
4142 0.704
6096 0.036
7795 0.901
10100 0.485
13844 0.948
6148 0.755
8861 0.627
10699 0.221
13004 0.376
4509 0.608
12185 0.629
8617 0.514
5082 0.346
9356 0.001
4239 0.748
15614 0.167
14639 0.663
12408 0.670
13651 0.036
10842 0.516
4094 0.404
3863 0.106
12742 0.743
14255 0.513
788 0.903
11989 0.296
12424 0.519
15245 0.712
1507 0.881
2313 0.598
9308 0.165
10506 0.825
6784 0.644
7760 0.780
9591 0.291
3639 0.687
14025 0.592
4456 0.524
12138 0.094
6943 0.701
6367 0.142
12773 0.043
4453 0.043
4620 0.747
13212 0.257
1168 0.735
4797 0.632
4487 0.614
9919 0.265
5645 0.881
7538 0.364
1695 0.265
275 0.515
3785 0.556
8335 0.648
1134 0.123
14150 0.288
8099 0.709
4562 0.454
5398 0.572
1419 0.716
10062 0.183
4288 0.761
14130 0.178
2988 0.744
3273 0.867
15825 0.438
702 0.032
6327 0.938
14918 0.395
2694 0.569
369 0.120
4817 0.559
4736 0.158
9939 0.251
1821 0.854
12204 0.326
11890 0.426
15787 0.910
4065 0.586
8015 0.314
958 0.220
13600 0.751
14282 0.377
12128 0.199
2925 0.034
3203 0.630
929 0.862
14597 0.458
8641 0.338
7594 0.420
6852 0.945
2320 0.422
3790 0.317
4568 0.280
4137 0.486
14073 0.549
5016 0.257
12629 0.829
6706 0.656
3329 0.363
15131 0.936
5028 0.192
11906 0.305
2837 0.216
7012 0.112
11372 0.427
2129 0.285
7484 0.865
3961 0.104
5903 0.846
10103 0.465
5871 0.209
2511 0.177
14399 0.839
11190 0.595
11853 0.744
10340 0.591
12511 0.628
9028 0.461
1567 0.380
5694 0.643
1497 0.426
14331 0.062
15570 0.267
14668 0.952
14421 0.139
1271 0.436
10342 0.090
4345 0.530
11045 0.731
2333 0.587
10565 0.030
4819 0.337
12764 0.991
691 0.311
7575 0.086
8030 0.074
9335 0.007
10479 0.342
16055 0.245
1900 0.534
13186 0.009
7917 0.174
3638 0.139
448 0.996
6879 0.592
11530 0.645
7501 0.419
14044 0.137
8212 0.358
290 0.977
15166 0.143
11222 0.623
14663 0.910
7355 0.883
14633 0.204
9205 0.247
14332 0.734
5745 0.425
5762 0.646
11705 0.308
13976 0.249
12388 0.066
7382 0.793
5081 0.211
11692 0.390
9976 0.931
3477 0.500
2903 0.495
11462 0.303
5819 0.206
3922 0.712
674 0.240
11101 0.393
842 0.630
7161 0.099
12485 0.110
3818 0.409
1621 0.685
15379 0.421
1056 0.324
13894 0.385
9334 0.114
8936 0.859
8144 0.412
15207 0.317
5271 0.357
6057 0.972
9097 0.498
2366 0.387
1202 0.402
11034 0.283
7586 0.671
