1000
7555 0.522
7562 0.227
5694 0.152
409 0.288
2582 0.995
3092 0.990
6611 0.900
6792 0.225
5598 0.622
3447 0.425
4568 0.825
7186 0.695
2462 0.826
8052 0.043
379 0.926
5576 0.539
607 0.266
856 0.826
457 0.937
4199 0.940
6044 0.113
7094 0.530
7296 0.525
3830 0.159
103 0.150
5777 0.550
7934 0.952
815 0.453
7285 0.335
4011 0.732
3704 0.821
6104 0.223
1831 0.217
4184 0.597
1366 0.071
3189 0.437
6205 0.202
42 0.712
7442 0.610
1002 0.012
6933 0.151
5890 0.254
1710 0.652
7849 0.505
226 0.370
1018 0.006
7806 0.471
2147 0.759
5378 0.520
3700 0.962
2226 0.243
3700 0.836
1420 0.706
1429 0.793
4891 0.124
1396 0.043
6634 0.145
8260 0.034
6547 0.015
1999 0.433
8127 0.682
6006 0.388
2392 0.785
7879 0.200
1944 0.668
6214 0.142
5697 0.852
1748 0.167
3580 0.206
6136 0.688
1146 0.847
4907 0.139
2397 0.307
3660 0.637
5594 0.833
2774 0.065
3047 0.811
5195 0.708
6000 0.674
4984 0.155
5436 0.081
916 0.742
243 0.994
6550 0.172
6670 0.082
4504 0.895
4877 0.773
3848 0.157
16 0.018
4892 0.269
4110 0.453
8289 0.804
5102 0.703
3594 0.246
3888 0.627
789 0.619
7150 0.643
736 0.630
5353 0.274
5609 0.207
1581 0.045
2531 0.369
2215 0.318
6285 0.579
2694 0.561
8263 0.774
2181 0.120
2908 0.850
6958 0.171
6327 0.852
3708 0.898
6604 0.223
2567 0.737
1027 0.207
2868 0.207
2117 0.481
7506 0.174
4128 0.850
1559 0.632
6389 0.095
8223 0.933
5325 0.056
7527 0.700
5054 0.808
2144 0.696
290 0.475
1931 0.609
2738 0.448
8154 0.621
6710 0.423
2079 0.398
1424 0.851
3453 0.265
4672 0.857
5647 0.002
7719 0.782
4528 0.540
3419 0.872
2229 0.985
1734 0.687
1789 0.049
7106 0.098
2007 0.363
3724 0.982
3023 0.434
198 0.954
4236 0.902
7396 0.819
1614 0.338
7361 0.114
7580 0.763
553 0.292
5277 0.821
3560 0.685
7377 0.448
2726 0.246
7748 0.415
2237 0.485
386 0.618
6580 0.684
2873 0.767
6879 0.602
5774 0.606
521 0.242
5356 0.860
5260 0.610
4054 0.665
2746 0.830
318 0.482
6128 0.343
117 0.612
4357 0.974
5260 0.638
936 0.442
3558 0.155
3978 0.518
5267 0.890
1333 0.394
3112 0.488
6419 0.441
4605 0.850
3910 0.383
1380 0.838
6228 0.716
7262 0.898
3272 0.785
271 0.056
6765 0.937
8244 0.795
3004 0.728
2826 0.948
2411 0.015
4517 0.268
623 0.111
8073 0.340
279 0.660
4072 0.600
3576 0.846
6878 0.995
3596 0.854
1413 0.627
2798 0.547
2058 0.961
1108 0.675
2370 0.554
5289 0.390
3370 0.620
7371 0.977
6963 0.839
2473 0.650
2752 0.832
3136 0.846
6461 0.280
7292 0.323
440 0.214
4767 0.268
3185 0.922
4614 0.753
4810 0.293
6398 0.517
484 0.795
8234 0.527
2529 0.071
7556 0.106
4437 0.394
3347 0.257
7728 0.303
1879 0.249
6294 0.837
4036 0.126
1934 0.460
2489 0.656
995 0.915
4861 0.647
7766 0.280
5277 0.569
1897 0.162
1190 0.089
354 0.289
5868 0.943
8017 0.428
3073 0.639
3466 0.610
2438 0.182
8254 0.965
2581 0.813
7087 0.078
7069 0.347
3083 0.243
5470 0.679
1500 0.895
3082 0.115
3283 0.111
7586 0.364
3534 0.286
5055 0.742
6446 0.715
5160 0.366
8152 0.912
6048 0.069
3042 0.508
2568 0.495
812 0.110
6036 0.470
3600 0.737
7056 0.878
5561 0.041
2574 0.867
6330 0.993
4732 0.768
469 0.859
7511 0.016
414 0.469
8060 0.983
2663 0.633
3365 0.562
5645 0.138
1336 0.035
5035 0.858
6064 0.107
2434 0.205
1741 0.690
5775 0.249
5409 0.377
4745 0.916
5169 0.289
3396 0.272
333 0.601
2635 0.796
179 0.795
250 0.219
4216 0.964
1840 0.675
1608 0.867
7178 0.701
5239 0.915
79 0.238
1651 0.177
8131 0.583
6297 0.109
5704 0.698
501 0.049
3688 0.749
1929 0.659
7230 0.540
4414 0.865
650 0.782
4169 0.087
762 0.397
4765 0.253
6520 0.830
3251 0.833
1034 0.335
6700 0.508
839 0.732
3423 0.044
1163 0.113
4482 0.796
1138 0.361
3367 0.825
7393 0.245
5816 0.490
1032 0.573
220 0.206
2682 0.566
5262 0.811
7766 0.256
6207 0.849
7453 0.452
1791 0.404
2709 0.874
2101 0.547
1387 0.365
7752 0.995
3067 0.047
3945 0.744
2559 0.316
93 0.055
3024 0.209
6404 0.518
3084 0.603
970 0.771
5353 0.211
6366 0.053
8207 0.560
7244 0.558
1721 0.242
5720 0.506
6816 0.595
1765 0.858
1548 0.886
1786 0.330
3682 0.913
6818 0.704
2237 0.249
1291 0.777
5562 0.597
7461 0.445
152 0.952
4020 0.220
4703 0.198
4267 0.070
7688 0.879
165 0.363
4703 0.751
1498 0.413
8263 0.581
5648 0.641
792 0.107
2768 0.300
2209 0.692
7496 0.328
2046 0.216
5804 0.574
2742 0.890
2262 0.919
4355 0.848
3935 0.160
3739 0.759
5270 0.514
3728 0.759
8173 0.638
7362 0.842
4188 0.641
7214 0.764
3745 0.971
8231 0.438
7681 0.172
3570 0.220
6349 0.786
739 0.253
5432 0.470
748 0.041
2268 0.122
7924 0.725
2624 0.022
3266 0.013
7949 0.792
829 0.117
5826 0.837
1206 0.912
4926 0.015
3406 0.122
2685 0.065
3794 0.947
6717 0.157
4848 0.581
4611 0.572
39 0.450
1574 0.270
6254 0.405
4845 0.253
4399 0.177
3031 0.796
6138 0.836
2284 0.311
427 0.095
6861 0.049
3662 0.106
7523 0.143
5806 0.442
2385 0.526
946 0.855
3304 0.564
2998 0.253
1440 0.915
3231 0.024
2799 0.008
7598 0.137
2482 0.665
4530 0.130
4827 0.212
1307 0.684
3256 0.468
2165 0.485
5201 0.419
6365 0.786
1084 0.100
7628 0.676
1288 0.454
4434 0.251
8111 0.512
4223 0.477
1264 0.594
4210 0.935
7622 0.087
455 0.502
4899 0.321
814 0.634
3841 0.935
7303 0.938
126 0.088
2359 0.046
1421 0.129
3048 0.512
3238 0.526
6214 0.063
7919 0.820
841 0.525
3977 0.995
7312 0.046
5365 0.579
6585 0.762
4076 0.794
5174 0.788
2169 0.226
3017 0.895
3137 0.495
859 0.963
1578 0.127
6178 0.149
7745 0.905
2312 0.426
3357 0.763
64 0.961
7019 0.439
2617 0.032
1358 0.761
6871 0.186
7816 0.787
2498 0.916
4567 0.745
3482 0.123
6638 0.618
6335 0.503
7462 0.654
4947 0.250
6667 0.024
6912 0.393
1669 0.862
6647 0.343
8257 0.340
4084 0.651
7072 0.654
6199 0.441
4079 0.081
2156 0.735
240 0.689
285 0.074
6152 0.229
7669 0.288
6490 0.510
4539 0.615
1281 0.507
528 0.032
759 0.285
1288 0.926
5441 0.533
5917 0.932
6987 0.202
196 0.343
3128 0.834
695 0.032
4899 0.229
1833 0.297
510 0.912
2401 0.233
5078 0.435
7650 0.249
5814 0.305
520 0.829
7974 0.311
2957 0.444
929 0.667
2180 0.238
2620 0.262
2211 0.847
4 0.273
167 0.206
3385 0.525
18 0.128
506 0.647
4103 0.931
6442 0.894
1052 0.725
4445 0.372
8207 0.129
7334 0.525
1531 0.687
6255 0.516
5602 0.784
1696 0.024
6143 0.208
4771 0.302
5375 0.711
4294 0.546
4853 0.697
4902 0.173
6338 0.085
2534 0.744
3891 0.399
5000 0.661
7959 0.838
332 0.242
950 0.922
3565 0.867
6420 0.052
4664 0.529
1380 0.384
1222 0.997
7681 0.787
6074 0.653
3638 0.134
6005 0.914
6599 0.109
156 0.568
5964 0.493
3375 0.388
2049 0.927
8255 0.566
3751 0.240
6489 0.814
7013 0.017
7659 0.247
6852 0.618
4872 0.910
2316 0.421
7756 0.658
7973 0.616
1514 0.527
6466 0.224
1647 0.563
5589 0.555
2592 0.242
6640 0.405
7288 0.028
667 0.298
6668 0.172
5813 0.372
4501 0.789
5926 0.499
3939 0.000
5354 0.618
3138 0.890
3851 0.317
197 0.819
657 0.644
6130 0.206
7570 0.372
7050 0.958
8152 0.548
6692 0.181
7729 0.418
1243 0.373
3175 0.977
5413 0.093
1695 0.818
6709 0.043
5100 0.572
2604 0.645
8023 0.209
2982 0.069
4457 0.109
6017 0.885
7234 0.322
2260 0.305
7508 0.431
3972 0.294
4131 0.031
3284 0.890
4782 0.880
2264 0.974
7308 0.739
1943 0.828
4266 0.191
1573 0.492
6094 0.560
6778 0.511
581 0.992
1865 0.221
2162 0.832
1519 0.504
2750 0.974
1352 0.840
1744 0.345
4959 0.334
3605 0.967
6168 0.068
5011 0.136
680 0.614
2430 0.306
1662 0.122
4102 0.991
5452 0.536
4232 0.065
2356 0.456
3649 0.761
4020 0.349
7417 0.732
1140 0.283
2288 0.336
7436 0.323
2254 0.620
1702 0.951
6242 0.433
8010 0.709
2001 0.776
965 0.579
1337 0.310
4552 0.396
2382 0.665
1735 0.542
8154 0.363
6074 0.365
2589 0.922
6371 0.976
7323 0.837
7860 0.570
6279 0.998
1760 0.061
1862 0.094
60 0.098
4764 0.980
2987 0.050
2568 0.574
5913 0.875
3652 0.699
6086 0.414
2397 0.433
4322 0.042
6617 0.908
6803 0.814
6042 0.470
4537 0.706
3556 0.271
4497 0.182
2355 0.976
2301 0.659
6441 0.731
6656 0.191
2568 0.068
3410 0.018
7599 0.204
76 0.452
4384 0.611
2442 0.392
1015 0.623
4484 0.403
2115 0.795
881 0.819
4975 0.470
1896 0.062
2635 0.470
4620 0.447
7667 0.865
7305 0.124
6902 0.462
5219 0.201
3531 0.851
7679 0.518
1085 0.699
2764 0.761
4433 0.667
2790 0.403
249 0.617
3154 0.708
4768 0.459
6110 0.600
7003 0.905
8216 0.607
1784 0.234
7233 0.834
5155 0.539
4370 0.667
7233 0.801
1998 0.175
5567 0.500
6506 0.547
7430 0.097
695 0.963
5233 0.425
2062 0.558
3536 0.265
6915 0.215
6053 0.706
7680 0.364
6309 0.167
2330 0.414
2058 0.922
7171 0.681
5241 0.894
7474 0.006
3159 0.508
4913 0.953
7453 0.411
7183 0.174
4572 0.318
1419 0.160
4953 0.417
3958 0.021
3423 0.146
7636 0.798
1937 0.709
4259 0.049
237 0.038
3089 0.590
4469 0.949
325 0.902
3790 0.605
592 0.261
5256 0.191
1302 0.498
921 0.607
4560 0.582
7315 0.585
2319 0.275
3403 0.107
8036 0.538
1782 0.763
309 0.304
3816 0.012
6513 0.181
4229 0.138
7166 0.284
755 0.779
2539 0.872
6183 0.653
2073 0.161
5478 0.145
6737 0.173
6861 0.907
4761 0.731
2355 0.798
4898 0.754
179 0.432
5345 0.359
3912 0.686
8127 0.616
1103 0.815
4745 0.123
2135 0.571
4340 0.095
3995 0.549
838 0.444
7149 0.468
1053 0.527
6528 0.090
1422 0.338
4782 0.991
2548 0.906
3081 0.876
8152 0.339
1926 0.629
5553 0.688
6517 0.455
6075 0.875
5931 0.891
6534 0.678
3148 0.624
615 0.319
4490 0.269
1303 0.754
794 0.986
390 0.793
3435 0.441
2463 0.690
6766 0.265
7596 0.143
1620 0.691
25 0.147
7405 0.014
7884 0.381
7004 0.166
5580 0.968
1814 0.070
6268 0.418
6707 0.503
974 0.013
8158 0.339
7198 0.176
6354 0.878
7405 0.381
350 0.900
7388 0.909
5915 0.126
2767 0.903
338 0.278
113 0.377
7598 0.155
3871 0.448
1090 0.149
2178 0.128
8247 0.842
2993 0.670
3360 0.745
6827 0.487
535 0.966
474 0.435
1656 0.199
2108 0.810
6021 0.096
6545 0.356
1821 0.444
1002 0.073
6423 0.279
6860 0.456
226 0.015
2467 0.427
1619 0.543
1151 0.694
6412 0.667
2170 0.826
4191 0.851
1165 0.295
802 0.716
741 0.660
7960 0.074
257 0.305
8063 0.191
4890 0.890
8270 0.458
6777 0.078
2913 0.288
7108 0.648
296 0.368
1080 0.857
7116 0.375
1535 0.631
1546 0.304
7186 0.320
4436 0.258
7799 0.133
2941 0.232
1726 0.013
7206 0.307
7026 0.702
1999 0.404
5534 0.088
4732 0.491
1696 0.917
7102 0.614
2771 0.364
5267 0.159
4670 0.607
3209 0.613
1459 0.903
6489 0.075
810 0.427
5824 0.053
393 0.243
179 0.773
1221 0.137
6748 0.274
2260 0.028
1941 0.278
5475 0.807
2670 0.510
1803 0.653
6734 0.897
5252 0.893
2267 0.744
4319 0.346
3952 0.343
3980 0.961
3902 0.408
1184 0.050
7593 0.124
1199 0.333
487 0.882
6455 0.694
7482 0.448
6946 0.644
3079 0.181
459 0.217
1249 0.522
5661 0.636
8013 0.589
6119 0.072
994 0.823
5227 0.605
958 0.258
828 0.312
1014 0.813
638 0.535
1247 0.548
5909 0.667
5408 0.095
3270 0.185
1029 0.514
6474 0.735
4477 0.009
1059 0.024
1281 0.023
6882 0.065
5516 0.758
4600 0.552
7790 0.432
2064 0.004
6687 0.452
1 0.805
1158 0.117
7075 0.709
182 0.587
8100 0.481
2095 0.153
984 0.904
2213 0.279
5454 0.171
3819 0.122
4774 0.710
1124 0.032
7443 0.649
2793 0.130
5002 0.834
6864 0.669
8233 0.174
5354 0.815
6636 0.795
3982 0.431
82 0.511
5926 0.382
726 0.371
6002 0.190
8150 0.876
1903 0.281
1663 0.138
7586 0.157
2543 0.784
3830 0.486
5641 0.407
6407 0.344
5352 0.196
8180 0.260
637 0.509
6842 0.855
871 0.535
2861 0.644
1024 0.050
7830 0.382
4827 0.755
4114 0.406
303 0.940
6503 0.073
6703 0.933
4651 0.578
7168 0.273
7934 0.456
6755 0.164
3896 0.105
6350 0.955
