100
3811 11812
9317 8034
38743 9696
41342 42287
9232 9767
23171 30450
39694 27370
30437 17780
50236 18923
32345 12221
1696 22809
40904 27038
47987 16562
40826 5802
43086 42650
18990 9394
1960 7819
23562 37799
12714 20872
6227 8807
43295 6393
47655 13046
25185 8703
15007 7382
21840 12838
18074 13799
14129 47655
9445 41426
11313 28065
25394 26391
35415 13903
44371 3515
11528 28765
16261 29384
30841 12424
42446 13815
2561 29929
2171 22221
17434 39419
33615 47265
20208 3645
46382 24321
5470 3005
21332 35642
43496 34335
7585 11947
29107 1326
41589 1956
26646 22162
15850 8208
2597 11758
15889 1700
6871 9001
10212 3988
842 5107
286 14567
11666 10939
9632 10931
25547 12478
28971 40639
49620 20088
4792 36049
18360 10795
29325 12465
18981 22173
18054 21158
4646 17867
24867 733
4309 3378
22100 18359
20886 39230
3584 50806
3009 41255
13517 7635
46234 5411
29899 5559
15171 22282
5483 13675
10738 19989
33014 34860
14761 3085
38982 5789
7949 22211
50675 15500
4909 13956
4247 14440
8063 571
5669 27508
608 30178
2827 18977
15860 41610
17353 21309
4053 12996
35575 10093
6168 1215
89 48782
45577 27832
26285 17974
18433 18064
42929 16748
