100
326 1355
4408 8867
7060 5359
7921 4133
834 55
1910 498
6624 5088
300 4882
3332 2577
8612 5514
5358 4133
5704 9044
9629 994
4259 7159
6597 6601
6646 2045
917 505
2418 3458
1740 6573
4569 6670
2212 4084
2533 3433
4200 3311
9020 3690
7115 6726
2251 956
5958 8025
5358 6574
8968 5709
5152 3557
4572 8833
7427 3361
1650 1666
1190 2416
6821 5994
4521 3050
872 5740
1703 305
655 8636
8557 5107
2005 3483
2995 2394
3732 5840
3350 403
3421 7723
40 7957
3057 479
2146 2343
5102 5347
1308 7700
3518 3449
7977 6732
1745 6131
7042 6786
7615 7906
3039 8467
4218 4376
4469 4559
6835 346
7921 5080
8406 6664
7636 5072
4524 1385
501 4393
8907 3343
6814 3503
3677 2575
9683 4508
977 2338
4558 4393
4016 4983
623 498
1343 8554
2752 656
4590 7071
4825 2333
7052 625
3989 8880
5381 1103
6814 8642
9042 3658
3407 8656
498 256
6839 7635
4279 8009
1922 34
6625 970
4114 3281
3686 6144
589 7886
4867 7169
8551 5873
6209 9652
3538 8984
4262 3919
1011 1199
846 5693
5956 8461
7228 854
1242 5086
