20
4430 2450
730 2332
2440 4218
2627 2109
2137 2125
512 1986
3223 1461
670 2670
1577 235
2608 2130
1528 1589
1332 3476
4526 2385
2609 670
1891 2001
545 4539
3504 1317
2546 2452
4167 4725
4558 4062
20
663 4221
2074 2207
1379 1493
4499 2497
531 2204
592 2635
4375 4733
2508 2671
480 1883
2246 2508
683 4281
188 1398
4117 4303
732 4246
423 373
2448 2560
2880 2892
2360 2683
2264 4485
2256 601
20
567 4373
2501 2371
4547 667
546 2639
2694 528
2076 2609
4713 609
95 292
2441 2247
3441 3561
1075 3042
686 2513
3435 1207
2690 4061
4051 749
2130 2208
4712 2268
815 607
2074 2369
2129 4291
20
2765 814
2434 4431
2620 819
791 545
2318 4550
3433 3310
1466 1195
4587 722
4546 2235
752 2643
2546 593
594 2372
4343 2733
4122 777
4050 2606
4116 4487
4564 2334
2558 703
3809 1801
2636 4749
20
4501 604
2681 4467
3177 158
4156 4297
199 3559
2633 2518
3138 45
4253 765
4652 2112
2194 2237
762 747
3747 1697
4372 842
2436 2617
2682 593
4309 2704
1324 3477
4425 2061
4060 4354
2386 4497
20
4372 2387
2378 2689
574 881
2622 597
3247 3534
2696 2670
4219 4181
841 2505
665 2559
1772 1688
253 222
2083 4564
3989 500
593 4292
4525 2389
2253 2761
2176 4034
4297 2080
4561 4312
2200 4563
20
2063 4353
2062 4353
4063 2574
4683 2196
1396 267
4747 4049
4531 2632
3106 3105
2325 2295
4369 2558
2446 2081
2517 815
1825 3752
4526 632
3723 1713
566 4372
1014 2996
2547 2564
1556 3229
2017 4005
20
2334 2333
4649 4292
3548 1453
4382 2402
881 2439
2266 4340
4245 2671
2186 2175
746 4671
849 2498
173 3424
1876 480
2627 784
2643 4360
2682 4174
822 2086
2509 655
622 2507
4408 4294
902 2823
20
4674 628
3200 105
810 2639
1059 51
1833 358
4168 756
2622 2643
3534 164
2609 4665
2703 4611
2519 2701
542 2766
4415 2295
3562 3380
4309 4185
544 567
4736 562
3808 3749
2330 2246
4401 2581
20
1587 1460
4239 4593
576 2067
4531 2575
2203 2729
2793 2805
661 2563
4738 4421
592 2379
3196 1214
284 1439
4155 2668
2431 2269
2193 2684
665 4376
4539 4239
2076 2176
544 2672
1955 3868
2609 639
