20
11552 3195
20443 8440
20353 7072
5027 3124
11887 6619
7944 17080
19468 15293
10650 9317
9354 2357
19869 12425
10640 12625
2241 2632
13402 3479
16972 4791
1382 7757
14241 20856
17579 15972
6799 4153
1402 10933
16290 491
20
20184 7115
353 25
7633 10361
6807 11915
9240 4978
17894 19571
17807 624
5845 21254
3043 19702
6716 2187
3636 137
22793 4740
21499 8783
22423 8802
17434 14542
11523 17854
8006 9170
21501 11778
5087 11952
4026 3147
20
5198 4557
13612 18450
3422 147
19891 7670
5696 21043
19467 11797
14671 18775
1596 9786
352 17564
15608 21622
12650 17128
17422 22827
6144 6335
16842 20109
978 22865
3579 18171
22443 1988
21577 1046
5200 4930
9417 4341
20
2672 22434
1999 8734
15830 1262
9502 18281
12502 20137
6721 4002
20255 17266
6283 390
16765 9425
230 10425
11949 12522
404 12912
19507 2303
10471 4459
7969 2842
971 14686
1664 4474
4117 5526
17432 4433
13095 13833
20
2614 16127
9353 21796
12852 1415
9944 8333
5914 4118
13975 13985
12320 12577
14714 12353
17389 12762
10552 581
21642 17462
2428 6232
1057 2248
5588 3762
15786 8319
10778 11118
10868 12245
46 16062
6002 22768
20575 11056
20
9310 2868
15030 2451
7050 8298
8530 15301
1595 1613
22267 15893
4389 8236
8657 6300
228 16142
5851 18790
2128 6780
13340 21594
18164 18220
10841 21738
16058 19665
3164 14056
20343 3338
18063 9741
5541 18737
13237 74
20
8989 16289
3722 6212
15653 12243
16754 13668
8840 14190
8108 11410
10800 10261
6945 4467
6972 1596
20663 6106
4348 8759
7695 4809
14261 9624
8722 1675
13800 11380
1882 5352
14866 3461
10999 11171
1993 12616
9327 7046
20
1336 5223
7146 19618
9052 9063
8779 15693
7367 12607
367 18478
22822 22198
14794 12139
18176 631
6195 3093
4972 15740
18413 22781
17790 6094
13117 3719
11541 22868
412 3747
21937 1368
11501 6319
12006 5406
12450 19507
20
4866 6282
658 11952
22710 3105
10407 1596
5454 11400
8652 21260
9414 1833
19579 9128
5935 9671
5762 5397
14672 11144
12739 4792
17036 10880
22097 17975
9595 9684
18283 2342
17086 9707
1290 21012
5220 16124
21630 21448
20
9975 8533
1869 10082
14906 20307
354 20170
12187 15337
10590 17555
3044 12838
1530 11606
12440 7373
619 13606
14457 20856
540 5618
8605 8005
11003 14623
12515 7555
20092 11585
597 5107
15282 8750
9479 386
13613 10863
