20
2244 2981
6786 6519
5871 2338
7303 1775
142 632
1400 1267
5940 7077
4943 6782
7836 6468
284 611
1587 3408
1494 4493
6709 5316
3774 3309
3019 7141
5606 8261
2550 8328
8431 163
4127 5933
3414 5577
20
2456 5685
2692 576
452 2290
1899 1333
487 3033
6843 4975
45 2196
6088 3411
2238 826
3308 2902
1285 655
5814 428
1947 4528
1645 479
1328 1949
2828 2326
4433 4956
7799 2551
1513 4617
1229 7776
20
883 4828
2945 4998
3427 6122
3954 1961
5756 4918
7040 1756
3808 3980
2984 4948
6397 8694
2804 7376
3621 176
8137 7358
5796 7735
2319 1042
223 4862
2815 2074
1060 5568
1443 2396
7606 2849
7125 2639
20
1295 5807
6730 6328
2095 318
5247 4330
8471 6699
8644 1174
8223 7249
720 2380
4405 6172
3358 6801
3251 3495
324 337
666 4992
2204 4152
7644 4934
5171 6188
4698 5245
3561 1253
6836 2109
8269 2257
20
795 8421
3185 5981
2067 7037
7000 7730
7778 1082
8379 1131
3208 6495
8509 3724
1257 7231
1749 4093
8204 7527
813 6730
7239 3355
4274 5116
5837 5545
2969 5222
3055 5719
2385 843
3236 6599
7190 348
20
6473 2079
8709 2897
8722 2490
4088 5805
3427 7788
1509 1920
7377 3876
3813 5835
8026 7070
6056 6319
5947 6515
3794 1371
2895 7954
4378 2564
1550 4666
5702 1770
4817 4772
1109 5076
2645 6942
5256 4561
20
8584 5778
771 1758
4046 6530
105 2277
5247 5416
5798 8119
3921 7993
5611 6992
1433 4177
5731 8399
7379 8486
7171 2420
6826 6663
8589 466
5367 713
4599 8260
833 2812
3869 6419
3385 7330
1288 8680
20
5834 5728
3379 1073
644 7864
155 2098
2989 1621
1017 222
8715 2405
8164 8123
8056 5040
4053 3529
4727 8307
2608 841
988 6247
5228 8277
118 7645
8390 6290
818 2213
1980 7687
3080 8604
1967 7533
20
6143 7289
3415 2796
4757 2491
5599 3913
8362 6303
2084 5193
6110 4164
5452 4939
2365 5766
5858 4179
1617 5954
5652 7871
1677 1970
229 5598
6052 6585
7302 4476
7610 1443
7944 1399
5611 7282
4148 6927
20
7978 305
3125 6901
1331 3091
3697 5487
7057 8171
2323 7429
1545 7803
5619 3340
4253 826
7771 7565
4891 6154
1723 4729
3665 4249
5962 6734
6522 7046
2106 5606
7850 2511
5663 5169
696 1334
3403 148
