20
1628 2593
2771 3181
2526 1743
2034 2913
503 1331
3431 3015
367 2545
2691 1676
2299 2958
2828 1270
1563 511
2057 221
312 203
3454 1496
3017 1475
2026 715
3475 682
3589 2164
1455 1384
709 3179
20
2485 434
2115 1874
3559 88
3015 865
1150 2518
753 1187
1193 817
112 2819
3622 3071
1602 2001
3935 607
2544 336
707 1434
898 2093
1679 1904
692 880
1764 612
762 1492
3243 2933
3469 1393
20
1362 1710
1988 452
1899 2903
2574 2494
2364 2537
3891 2563
691 1070
2497 3705
3275 459
1341 1547
3331 561
2250 211
3209 2665
1419 1849
109 3612
692 731
570 3277
517 1912
1244 3846
1007 1867
20
268 2352
2676 2304
3806 2903
288 1037
3324 3531
702 845
2761 2961
2446 2436
2230 2263
342 741
3723 3133
434 3229
499 2760
2155 398
1321 1620
925 3036
890 2273
2738 3203
2255 995
3296 2783
20
2310 2869
3086 3372
814 27
1195 934
1883 3549
3288 1098
121 988
2979 683
870 853
1775 3119
2003 1133
10 217
1694 3590
3672 2733
2583 2716
3470 2370
2367 2028
46 3764
1689 2799
2226 811
20
2402 962
2006 1323
2595 2718
1873 2148
2074 3289
820 1374
1630 2387
2549 2322
1211 3678
2382 1698
230 3294
1260 2241
2826 684
3 1804
1719 1943
131 2188
1150 92
2285 3742
418 2547
1354 2503
20
713 2910
2707 2220
2824 1208
1954 3156
1473 3447
28 1521
942 1764
3284 3492
177 3447
916 989
3009 184
3720 2726
1953 3579
1869 3224
1009 348
256 2108
361 3362
2251 797
1190 684
2239 3372
20
135 2824
3275 65
3433 975
3712 2380
566 3498
2711 1354
3688 1931
3152 1996
1462 2242
2827 83
3816 732
1366 1943
2347 2394
4000 2566
2807 4027
138 3072
670 571
2385 2183
2349 2150
1856 3331
20
560 200
2168 605
1401 3201
1925 1612
2913 1939
3794 213
1417 3070
21 34
2098 1647
2387 1704
844 2254
932 600
1506 1178
2922 1405
1528 581
477 2550
1762 1798
1493 1731
236 1962
884 2919
20
1763 2153
3322 1592
239 312
2546 4014
3921 1840
1673 2571
42 2493
321 1874
3109 1848
370 1552
2076 1250
1635 2259
1761 2450
3545 2789
640 3103
836 243
1780 1238
3437 2531
2880 1653
1503 1189
