20
397 2134
2649 2628
3167 2370
719 3305
3935 4278
2611 2811
1703 807
642 93
495 2867
3884 1568
3747 2087
140 3069
3063 704
2782 3952
1012 369
1569 66
3331 1763
3388 2031
469 1531
1913 3085
20
1088 1272
1576 305
2507 35
40 762
2837 403
3500 1110
2566 648
3245 1690
4187 641
2049 2297
2220 2055
2992 2652
4051 167
1200 577
2605 1841
72 1805
3113 2345
1744 1596
70 587
2039 2437
20
233 3699
1576 2953
2630 2949
2166 1905
3231 1921
760 1338
2411 2087
629 402
2937 2196
2159 2075
371 3933
3977 1645
1420 4078
2433 2440
1982 2810
3472 119
3428 715
1084 1492
1669 2729
3857 1647
20
1642 1379
722 1436
3916 187
4361 1638
331 3180
2426 2523
1598 468
391 104
1097 1573
4207 1587
884 952
829 2003
3666 3993
2952 1442
4101 73
1940 1269
2732 2340
1903 1354
801 905
2177 3120
20
2362 781
950 2122
1937 3135
1667 1920
744 2569
683 3605
371 1703
2393 3043
2408 321
1494 150
1541 2115
3599 3163
3101 3697
821 61
2982 3673
3099 2935
2835 1911
456 2992
1393 3276
1499 2533
20
3049 2719
2616 2103
3287 2166
1721 4096
3270 1788
3076 2890
3618 4023
3913 1970
72 740
2121 3455
705 3845
24 2492
1876 2950
1882 2165
1792 2905
2431 3308
1782 3001
2331 3310
1975 479
2003 2736
20
266 1163
2861 3884
268 3037
2581 3251
3254 988
91 2640
1108 2045
3451 1337
897 2118
1241 2625
1368 3063
1067 1431
339 173
4058 330
3741 800
2956 111
77 2635
3928 3398
2019 2241
249 104
20
552 2516
648 2931
1642 10
1156 2411
2441 1173
301 2629
1417 1763
3891 2465
1563 1077
3230 433
2711 1528
1512 2448
1840 3499
3999 3956
2924 2296
2162 3871
2039 1136
4128 2548
2209 368
2226 3629
20
40 59
1503 759
1456 2504
2456 3571
563 3683
320 613
1755 2276
39 3056
2196 1033
4164 3380
1715 1311
1162 1669
3476 2496
2408 912
1206 3699
910 4217
3432 1906
1524 1141
3897 1954
416 2479
20
1611 687
3244 772
2195 3164
2170 1094
1108 1334
531 1335
3304 2222
708 594
189 2969
1421 3913
3752 1292
2089 3077
3895 2197
1384 2477
1325 2647
863 1411
1197 4151
1379 2456
1256 828
842 3061
