20
2954 2944
1349 3105
2534 94
430 2316
1072 650
2967 2754
650 88
2799 1730
2768 1349
252 2787
1278 638
3166 2706
2998 846
2786 494
335 3
62 843
3231 2461
1414 1358
2675 2900
2366 1934
20
2988 1198
2668 2353
1115 1457
1883 2401
750 1268
530 3192
1294 2604
140 126
1465 947
1156 373
240 1610
1691 1525
2182 1626
2278 1982
3103 1982
1296 833
519 1562
1172 2572
2342 1618
2373 1348
20
1464 2483
3019 3054
1626 1304
249 2656
24 2814
1363 1755
3115 919
2847 3118
1190 754
43 1842
2923 678
70 636
2520 1002
2614 625
2795 1178
990 244
2701 278
2027 935
1469 1810
604 1651
20
1909 158
330 578
411 2719
147 1320
763 1374
2667 2063
1588 899
224 287
2125 2607
1896 2090
680 1565
3085 2910
547 301
974 3167
3063 1253
1973 2436
1079 191
310 3213
1586 2141
491 1949
20
2330 2507
1584 40
544 2655
1743 2141
2830 1911
1917 2414
3096 1267
3035 2730
2848 1800
207 2661
115 1791
2461 358
3086 2785
3044 432
2909 2530
2574 1608
650 2631
422 2731
2029 191
1706 1304
20
2379 2591
1097 277
140 1901
1770 280
2132 828
2540 1433
1921 2794
515 2346
1985 244
751 299
2474 3001
2855 2522
723 3262
981 2259
2146 178
296 2793
612 1920
1897 1373
332 1840
2135 1979
20
1318 1271
1031 2920
1307 3222
1225 1816
567 1382
3080 1535
393 446
835 2717
2942 1204
3174 2930
1159 1805
1044 2073
981 134
2 1439
2164 577
1507 1590
2671 1453
1338 302
2080 2095
1434 1401
20
2682 1213
2875 1624
1486 881
2726 341
1170 2447
878 1043
769 3129
141 2819
27 102
950 2494
3174 822
887 2188
953 2716
7 1207
616 615
2198 52
2873 1880
1370 29
2234 1903
1789 826
20
2490 192
1816 392
2670 1534
1412 1884
2026 2664
1455 262
1821 2474
1795 2263
2687 885
310 3123
270 2300
2624 938
1636 1520
493 2838
16 293
90 1631
1227 382
372 2872
3174 2082
2442 505
20
2222 2793
2247 2006
1977 1544
411 3058
727 320
2417 1174
1945 1947
411 2853
275 224
337 3129
2828 1006
1169 2369
194 2408
1203 1364
1150 2191
2232 690
1755 2092
3114 999
1401 1986
154 1456
