20
16673 11755
9901 401
5241 15221
15729 14662
5045 17410
14929 12567
12460 11318
12438 11529
9273 13337
14496 7907
1842 15730
15718 17282
7379 5609
3649 1265
4328 7205
9992 4529
7161 9204
15740 2291
10117 15138
14740 11530
20
4437 18596
7570 115
9463 15561
11036 13687
11996 9769
6169 1601
15050 10557
5461 14117
16904 13790
1742 3462
14762 9830
1077 5190
16381 11888
12751 734
2533 473
4695 13567
3241 14743
13907 18134
18512 4678
6218 1135
20
158 18701
12640 18220
13808 6232
11818 18035
3589 4274
13453 1648
5938 7437
15827 8998
6801 12953
18624 1446
14964 14622
12479 7105
10421 3972
2935 17919
8378 10295
16672 14284
11529 6179
9441 14258
7513 14342
4734 3584
20
11656 8370
16485 17375
10514 12122
665 6244
10699 13320
280 791
2053 18655
12959 6063
7994 13570
6941 7512
17724 357
15590 8151
2130 13128
5146 10560
5748 3578
5225 822
17588 12351
17846 4725
263 9183
5002 10367
20
16265 5498
16614 15373
4194 12424
9509 6101
16077 8619
6630 3405
10269 13441
16046 12502
2079 13867
1758 12467
10085 3114
7843 17736
15160 16278
16247 14715
18058 11086
5045 12023
2860 1272
17995 17247
16501 456
11564 8978
20
5862 2586
10989 9292
7094 13511
882 12354
12566 12374
12432 965
18588 2753
10450 12944
215 1600
3560 16272
1185 8170
17431 10221
2154 12517
13313 1667
12351 5557
12796 14703
14986 15270
8977 13161
16074 12500
4917 15939
20
1388 18486
7716 5953
17773 9996
3381 10123
9308 16470
318 9384
9967 11885
12263 2120
11808 4099
17986 9135
2800 15373
3117 14014
11584 14432
11135 10846
9864 9590
4839 18631
9767 14066
8931 17848
15661 15737
16967 6450
20
147 2794
669 3444
3248 11821
7009 3078
2820 17874
6335 12590
564 16782
1302 5428
15005 18415
11313 14190
12158 17639
3472 17588
12279 121
7652 5403
6775 17902
8694 11179
2328 3401
5816 15170
1141 6848
8132 17987
20
2325 14393
2530 12591
17369 16562
17350 13442
13401 17748
10811 2142
3254 3115
6927 7068
18485 7312
17661 3405
13283 8325
5577 16995
6550 6541
3937 5170
15754 14185
11992 17862
16368 17669
14167 14270
11945 14558
11361 6364
20
18099 864
606 8071
13853 2903
278 9351
4102 433
14080 514
4574 11500
16724 2070
9076 4317
12666 10359
5164 17528
18132 7698
7283 7866
15355 6950
12505 10358
15944 8856
1977 4677
17287 6251
8869 11286
14554 9217
