20
2998 29538
3662 2182
29572 31748
34278 13138
1312 27274
9261 23930
24251 4272
21285 6075
13688 11802
31932 4571
22271 1745
34830 28247
11824 34259
23110 32316
4550 30320
2914 1059
18620 8711
23167 10170
27151 33366
10285 639
20
38058 2701
839 27476
7014 26322
17708 17119
24779 5854
2398 19779
29802 31046
4826 25911
23586 1625
13186 10481
509 8109
12963 7899
31826 22068
8380 3087
14616 7989
4224 8546
6358 13456
11907 12650
18033 4444
15750 40301
20
7705 14324
7765 12338
18395 10528
12285 6115
37394 27512
23290 15762
23315 21986
24674 28261
18465 13260
19729 29794
21617 12290
40261 32332
14413 33271
5892 15292
416 23022
5479 22486
36675 33343
33500 10158
13435 27272
7247 10669
20
11273 29720
33001 10062
36589 36590
7940 22674
8895 5300
35191 29854
14030 8764
22053 2741
8926 8650
25348 10874
20347 10322
27178 38140
2812 8030
7040 22980
34263 17914
26272 2971
160 4048
25145 9678
35440 19701
10752 20995
20
10324 4958
20529 2025
35510 25027
808 30188
40133 8960
8552 13558
13492 2261
3583 33956
20426 33619
14333 26826
13198 5221
9525 28762
20200 12450
14518 19109
8323 28777
22415 39639
36479 5935
18607 21247
38154 29350
28170 7861
20
15017 34805
38720 26735
13212 21792
7999 19924
1035 24211
24545 12927
21124 36247
8385 1875
3456 17839
38277 17357
28210 32974
33624 24811
27879 13246
12705 3157
23269 32675
31809 37894
39083 16160
2854 15309
20089 26766
17944 16773
20
34778 9361
9929 20529
4650 9738
424 29158
4424 17140
2247 7129
5036 705
37101 9163
37036 20514
26671 7693
9146 735
15196 28387
1317 6122
25620 984
20611 24310
10044 2240
1982 37979
23387 4085
16062 5386
1063 16833
20
23094 14908
25993 8797
13362 13292
30894 38061
847 18293
22819 30276
11702 16137
13023 14317
37962 26686
14899 19347
4377 2503
19020 26387
38233 5697
7548 1498
15214 2029
32835 539
29462 12295
13695 4164
4564 35659
1065 21126
20
24321 8959
1057 11201
1861 10963
35759 792
600 3235
680 23868
6300 7614
1415 4057
19055 29795
15751 21833
12032 18373
9663 38096
12281 12903
14631 28657
12165 11297
20708 18673
9450 3080
1557 14641
3729 18669
18449 37238
20
12085 12794
25914 21496
11247 26192
10808 1515
33723 27969
10376 6557
5103 6081
27693 21389
16944 32264
38025 2576
26886 7280
30385 14840
24391 27177
22222 37215
27262 20113
15142 8323
1936 17459
28836 36460
1895 15786
6083 5546
