20
13519 2701
18348 17984
643 16582
2634 11278
20476 23492
14896 11654
12195 10719
12712 16285
2566 20179
24104 12266
19570 3671
6695 20892
13458 17947
14033 15162
3277 10009
17677 8724
9840 3880
10825 12214
13855 20953
11373 23395
20
17611 7134
2069 14664
23787 13321
20760 20179
5195 2199
15669 4337
8151 8975
5093 2305
10790 20696
15309 23818
3441 3952
10434 18092
20913 23144
20701 9089
12095 3817
4383 2413
16375 24095
7460 19340
4314 1929
22592 18772
20
4144 22232
3785 19494
7606 17400
15895 361
15630 9634
8390 13800
21254 10241
23025 11860
2671 2472
7170 17833
8387 12406
3021 5406
17828 16588
17243 3181
12452 20570
22950 6729
4158 10842
16173 16229
2725 7673
11281 1248
20
22941 7070
11069 6789
18214 12272
9318 16480
19509 9492
12046 23559
8875 3108
10549 5040
13610 7935
14722 20206
8156 7384
10648 2572
4061 12171
18449 13648
17665 8737
12526 16398
10360 13995
22397 532
9704 4735
11603 19108
20
2901 11444
4649 11676
21525 17432
4957 11535
22779 16962
22580 4500
4403 18717
119 15475
19698 12648
15735 6555
9237 8579
11929 7019
5310 5364
6069 16350
21794 1951
6999 14860
14049 12253
6487 1641
2515 9742
23034 921
20
10390 12449
2538 8919
13345 12802
9354 8496
6029 5298
6810 5305
17114 342
2559 23421
20593 21002
12508 16513
18789 14556
3897 138
7139 4432
9374 18095
6007 11115
14337 5523
7335 5793
2408 2481
2950 7716
4332 9119
20
3092 2684
17153 3807
12466 631
10650 19984
5535 5493
12950 1886
12131 1757
8266 141
14482 18366
12902 6957
20233 5539
8117 12987
6732 7320
4572 10458
15510 4816
9026 16109
8797 17180
3384 21229
1734 4298
13912 4282
20
12552 13743
14638 5661
19191 23324
3103 16127
20284 22731
14318 8405
10573 7061
19037 6907
7611 18626
5565 5698
7281 13180
18601 12207
24055 7931
23112 1763
21505 8926
6190 7009
15414 784
14050 6323
351 16455
18843 21499
20
13456 89
7365 7358
21929 16073
1539 15582
77 7843
450 5575
4504 15043
8999 2041
10083 23526
16048 8267
2850 8664
23138 5162
17333 14958
7485 5288
13235 303
1794 14369
12888 18615
800 8242
15680 457
9558 20400
20
2078 1091
22260 4842
1707 10029
22815 15099
19146 20503
10026 21306
16925 10952
18172 5502
12902 9288
3332 17335
8851 14986
22942 7561
5642 22637
18816 12386
2229 12764
20889 7758
5239 3234
6504 12053
13107 15591
3189 8438
