20
31943 14252
20254 48524
50171 5434
1831 7981
14959 9175
26382 3352
12523 10254
30031 27562
48880 4783
5654 17243
47141 35821
8252 16472
14 2114
13198 26574
15938 17521
5623 25533
17232 13830
28825 25364
9775 500
25778 9749
20
32150 31280
20267 23149
33732 36272
9561 27452
3210 7423
8596 12263
4425 8744
5258 16690
26520 32258
31075 31835
39640 36274
2875 26498
38819 27947
62 23961
41232 2850
10858 20536
4127 49373
28420 2006
23604 43958
9014 8107
20
26507 13923
6501 50087
25332 7178
7070 11404
13705 13934
6610 9063
1199 15949
13410 15013
2610 14965
1672 26477
29018 38803
12066 27745
8790 10820
16811 14632
35873 24292
18639 5369
50530 19633
14610 7645
16581 149
33785 4373
20
8003 3067
7868 17625
6370 32955
24687 9790
20240 12022
5812 2530
3930 12568
9681 11920
8887 13901
35883 6600
19442 2337
46817 1325
32597 1571
11064 4917
26042 10232
7564 10455
7761 40263
33587 2442
7580 5222
2086 52606
20
23418 34652
41691 37765
6796 52357
2571 13472
27863 10873
4671 17186
1024 26522
7588 32846
2516 1040
20198 7593
4081 3929
26363 8932
38142 17378
23489 13752
36010 9745
4457 26553
25127 20092
33458 3142
20165 8025
14400 4906
20
17953 38338
17968 7735
9213 1390
33365 29153
13114 44280
49485 5811
12300 18098
18441 34841
3606 32286
23273 4587
8819 4384
18961 7556
35087 35331
13799 16836
50500 27258
42610 8257
20311 13711
20364 6692
16408 5343
2503 6701
20
1228 3285
7479 24345
23149 5221
49391 27186
18646 24806
4321 2000
18945 2521
251 30062
11639 35869
13778 47113
2457 4051
18680 9647
49264 32463
5633 49418
2063 8544
11882 5694
13213 13173
5190 36199
5148 4967
7427 1467
20
36195 49542
35117 18859
17686 4143
827 25097
4755 4644
17041 33839
15383 23986
7881 19459
8035 18258
3201 13214
11579 33324
28616 29417
40830 49828
1477 30452
38819 8647
17006 14248
9769 11780
7816 35826
2389 49386
8662 12261
20
20118 19014
14183 28757
28484 14294
3000 8003
24879 5931
418 19204
7975 47835
42875 8512
17226 13489
8372 5082
1346 47098
19222 1110
7460 49427
33543 28
39016 19450
3630 36856
41232 6435
49863 2990
9655 49941
13909 7898
20
6499 5258
26219 16361
31101 5577
28345 42240
2644 18456
4491 5613
8367 32911
1592 9148
28484 29635
23148 47163
13426 5792
5678 9269
5986 7912
9107 19894
1567 4484
1159 3453
51321 48162
8342 28952
25484 2503
8642 25747
