20
3430 128
3180 134
6414 1941
264 3968
2546 1105
3518 899
4499 2640
6401 73
2821 2301
4882 6462
179 398
6914 275
254 2600
2985 6523
3340 1465
2526 5293
775 1629
5543 181
3180 5160
1973 5475
20
5220 13
6371 700
6425 336
6409 4947
130 6503
1856 4863
334 311
3080 757
6226 3164
6652 45
6622 5550
96 6824
5308 462
6084 6587
137 277
506 6453
6375 3301
5880 5099
2780 3965
2301 500
20
6016 235
3726 4755
1067 155
6403 6765
3995 3126
6069 6392
67 5723
2263 253
4300 1232
4568 290
171 5647
421 5513
5475 4897
4564 389
1475 5875
804 2018
6488 5190
4874 6436
375 6238
1696 5674
20
1388 381
1094 5753
797 644
2142 310
3752 3151
6322 225
446 6070
6348 6741
1175 1554
5407 5666
5753 2503
492 3031
2768 2408
6882 452
5561 1378
5338 395
5562 492
6255 6448
1845 1386
2331 3560
20
4672 4645
965 3080
5049 3054
6121 5708
303 144
374 3163
6693 80
431 5130
5478 235
66 366
161 1107
791 421
2195 6875
1937 42
906 6311
180 270
2600 35
214 4453
2198 5998
5304 5809
20
36 4730
373 5247
6870 6257
4884 5196
223 95
133 3254
1349 353
5166 4080
5809 1220
137 3194
286 55
492 3640
101 3313
1896 6800
134 5819
2037 360
346 2460
1696 919
5001 3999
5417 49
20
5663 395
4234 6686
1592 351
2550 6678
148 5232
4160 5455
6882 126
184 5734
346 1741
3536 490
5248 21
524 1134
2123 6185
4164 4410
431 1188
338 319
3601 209
4560 4112
434 65
5967 4322
20
36 325
1848 3076
439 6346
958 4733
176 2119
2743 5637
5099 72
5039 1596
123 4
2831 28
1232 3234
4778 5241
1380 5049
421 501
4037 505
40 4302
2913 398
6925 4848
1494 90
6764 4892
20
619 5418
6530 241
1864 110
5565 6008
6824 6339
247 5854
6488 5181
4263 2881
2741 4485
2358 1777
6467 5163
6652 5672
725 693
6455 4987
5273 77
5574 5995
352 77
1094 2838
4181 1003
4641 458
20
471 287
506 4355
4099 2108
3752 287
2795 1632
1142 619
5637 134
6919 85
1739 229
4977 1732
3184 2155
1107 2841
5130 1232
5722 1071
1997 135
191 6805
4635 6070
3615 4305
4848 102
4425 551
