20
3732 3172
225 2913
2629 544
4146 2487
4228 4521
3595 3527
1126 4241
86 5387
384 4575
4880 3588
3782 5034
3065 3951
1494 18
3823 435
4036 1463
432 2864
4537 2123
3228 1432
1126 4075
2741 4690
20
4727 817
3464 4992
341 481
4590 414
375 2654
4969 3882
407 4330
3256 4777
463 3222
4846 3531
4988 4337
4075 184
5150 343
442 4673
2629 4186
4196 3905
422 2263
5258 90
2931 306
102 3933
20
3514 4773
3590 457
1727 231
3680 2651
1475 4969
3970 5145
5145 4439
387 67
3712 2342
234 453
275 5031
4036 3161
251 2735
4055 2472
3611 2821
2247 4898
143 4792
105 3091
339 4354
3646 79
20
534 5354
3390 3912
267 2296
1050 1099
4694 938
27 5334
4221 5397
2553 2621
1284 2216
5301 243
1142 4802
375 5463
1788 2296
4440 1592
755 250
3342 3375
3602 356
4173 96
2979 291
1057 3792
20
372 169
253 1800
173 3476
1600 280
1942 248
5296 2704
47 5122
146 1592
77 2849
3534 4095
601 302
3815 425
3095 2671
131 1604
1904 147
4357 4999
1054 43
1727 5025
1697 350
4321 5137
20
1778 5416
336 4188
5346 208
1218 5147
3766 4785
383 395
25 2773
3290 3951
5127 1069
2456 5133
362 836
4988 224
248 280
1208 4878
432 5123
4909 5465
291 425
5258 4604
153 916
280 3091
20
5463 5137
1284 2072
1026 315
3501 322
48 5297
2617 5081
430 4585
67 1178
1096 49
5122 1879
4631 276
4479 406
167 3801
1511 2701
254 2901
3249 213
2553 120
2979 859
1705 2928
4766 2405
20
510 436
42 4542
4804 166
3905 5309
5147 287
4479 75
1487 436
1705 4187
2067 5122
4472 85
2742 2990
2634 1394
3951 2341
1892 4626
208 3487
325 190
1257 2850
114 5301
3172 2651
2779 3410
20
4148 234
915 1136
3363 2861
269 4136
4575 192
4173 434
5420 1584
127 194
466 1047
28 4878
2651 5
333 1432
1534 3882
118 2296
4575 3721
326 18
246 351
3884 2746
4536 3732
2918 3429
20
405 316
303 453
766 74
1330 2918
3944 4195
414 2568
339 5122
2668 5220
2215 4242
174 1418
2519 435
321 3230
535 3888
2691 185
4380 691
430 2467
2433 225
5147 4407
2979 8
3020 321
