20
2108 1829
5245 3314
2383 4392
14294 14955
20793 18241
1044 289
15943 14535
11962 12687
16476 13822
18550 18487
1574 7897
7335 8332
10521 9896
23107 22171
17025 13526
5081 4574
6042 5959
12995 16779
14495 12076
16411 14881
20
6796 1990
7412 170
9485 9906
8031 7385
6034 8439
745 576
8650 4362
13212 9453
13392 11476
17736 12147
15555 14411
3398 2807
22397 21454
12534 12242
23504 21875
5435 8247
15786 13181
21612 21328
9637 9317
4231 781
20
14914 16261
10347 10252
10806 16167
4632 1834
24938 21420
11482 12740
4452 6406
6799 668
10432 13609
1780 5862
2427 8458
9732 17269
5167 4967
17715 12796
5638 5479
16850 9630
6631 2494
7911 8588
13942 10113
11119 14846
20
13550 14489
7401 5277
6503 4411
12865 16489
15183 16250
2408 3777
17364 15370
9190 13989
5453 8667
17525 11855
4178 1658
469 1715
20039 18634
8934 16394
21973 24974
4359 8765
3010 3612
10900 17326
6085 409
4849 8235
20
943 7793
22788 23482
20086 19224
16431 12332
13764 9722
11863 16244
2739 8369
16725 13287
12305 12890
5317 3190
3446 4404
20261 19672
4027 2837
4873 432
8992 15754
17244 16889
16483 17574
7353 5271
13816 15933
16324 15172
20
14791 13686
4647 2271
9800 14037
10324 16044
3113 7940
10011 16301
4823 5311
16634 13454
9961 9241
4251 2024
6144 8396
14393 15755
10061 9388
14011 11366
3032 2056
20382 19653
24760 24583
2780 6033
16621 15327
10291 14351
20
8662 1792
398 6642
207 3061
18729 18467
8845 4608
19183 20065
11211 9492
3208 5804
197 6008
1256 3137
8061 6093
570 8075
627 3925
15127 13320
22460 24733
10013 15515
24745 21558
2683 6824
5293 62
2546 3683
20
13217 9490
16190 10560
15310 12368
14740 16847
16469 17118
10799 14121
5361 8131
14290 15056
10176 16517
10753 10038
14621 15550
16132 12640
10643 13316
806 3552
5265 2793
5527 150
2555 3374
1232 795
473 1373
14149 13093
20
18240 18092
7933 8888
21737 24593
8306 2555
5077 2838
6119 225
15145 15584
2008 798
5057 2607
22763 24430
13892 17574
12486 13083
7897 7984
599 3413
16759 9534
2587 1276
15450 13654
5605 2811
6437 3257
18578 19777
20
949 2588
1149 4069
17039 9541
4485 2891
13749 14952
6501 4459
2895 793
16278 10860
16669 16569
17146 15090
12895 10539
18567 19703
15598 10505
4019 3703
5584 1168
6403 8094
18800 18937
11517 13277
27 7884
9403 15401
