20
6248 6813
9334 6573
2790 8478
5573 251
2944 2470
4475 6987
1404 6150
10427 3503
3483 4785
9321 4776
10663 8445
10683 15
4867 7596
9205 6747
5083 7403
7705 3242
6454 10710
51 9137
9826 3564
5328 4294
20
3394 1926
1220 7164
2755 6044
3949 4225
5030 1538
6888 7292
1079 4800
3610 5812
6295 3433
6218 9502
7255 8122
5431 8288
3843 5808
983 4165
3034 1758
4169 7606
1717 6805
3126 1173
6897 7642
3901 9777
20
7005 9602
3830 8394
8833 3450
2749 7513
10245 10007
6032 7710
2359 7574
4240 6849
4953 4736
1508 4652
744 10665
7731 4542
3545 5167
6700 6764
6317 3206
7664 5689
9729 348
2875 10106
8026 9093
571 4915
20
2108 6331
6611 8122
5656 3995
3614 3060
1058 7221
6277 7207
10647 9439
4568 3142
1654 3421
1955 8248
8629 5275
6823 6280
1483 1438
6063 7608
6039 9468
3400 1701
1871 3707
8305 8678
7312 3627
3890 110
20
7062 10214
6937 2119
3094 3588
5038 6330
4566 1347
1930 8933
6867 7622
333 4310
9654 10699
3539 8415
963 3143
4420 10158
1965 6217
7467 9034
6331 4599
10718 9907
1325 9096
319 3030
4975 9000
4274 1242
20
3693 5007
5432 6043
4416 2437
8659 8869
10252 5484
6494 7396
8216 6682
9580 2442
2015 2537
3756 2435
2594 2069
7441 10213
3827 1859
1066 6243
8893 439
8870 7773
5553 3276
785 3892
457 1569
5576 6724
20
7697 2515
8525 7641
3597 1437
3884 3724
2464 3871
283 1743
273 5634
10570 2647
382 1543
8908 8169
3658 8064
10298 5114
6823 8904
8189 1566
5235 6023
9539 4865
7073 3072
3378 8836
5581 5840
5891 3031
20
6087 6504
1092 3706
10149 5662
3525 5383
6177 6496
8013 559
1445 8823
9587 7316
5321 7215
6962 7510
2726 8565
5129 3723
2878 3268
6450 1812
1696 2302
6417 1360
1849 9822
8408 9437
4055 2858
7632 195
20
9012 1651
3090 8537
2484 1103
4778 10280
9509 2645
1338 6705
1619 8206
8556 9897
508 5882
3194 4513
8041 5377
5100 10256
9112 6081
1438 3413
5955 503
583 1086
4529 1808
5710 1795
180 9385
2065 4633
20
7956 6056
7918 1297
10110 10511
485 1386
6516 2006
6549 3225
4518 10492
4031 8586
4796 8746
3973 5191
622 2355
10191 2959
2590 9148
4223 7650
9385 9654
10673 5595
1 7043
4218 7045
7096 660
1461 3600
