20
1240 25563
23687 11560
10234 8751
25428 289
7465 10885
12859 7020
8524 12559
17901 14008
11421 7294
11372 18154
22782 26349
1576 20327
16474 4926
10499 14469
72 1286
20892 22780
19438 17716
6436 10861
12135 5678
9717 16365
20
1754 4753
4724 22929
7744 17850
3708 21162
19073 2142
11649 13025
12337 1605
9910 15193
18308 21856
12553 10568
14208 514
1360 19795
5512 19089
6152 4935
4198 19991
9788 17431
6825 24165
10176 5838
12511 7532
9832 5744
20
7789 17645
16686 4385
11219 13884
5844 19542
18786 3881
21141 26179
5977 3396
22298 7193
725 9538
10868 841
19233 6060
19507 16759
3816 20294
236 4716
14844 6967
8766 8889
12495 14735
14499 19631
25088 7150
6647 25572
20
9787 21313
10200 10889
381 10123
1458 3914
9508 10605
14247 3952
18252 2755
11173 24111
15249 19684
18791 21393
24253 10943
518 13925
18798 13146
3286 24647
17092 12569
22012 9688
6866 20778
5097 10817
12987 1387
1691 9053
20
22413 9281
2895 9179
4801 9501
2294 21676
24926 16987
23890 16106
12007 19781
21951 4439
11809 7191
21911 17442
26071 8863
7382 23749
16583 6731
25129 23528
9266 9221
13437 7109
2187 25154
24522 5694
5606 4634
18643 13559
20
18170 476
10485 11827
12546 12736
23878 20769
4741 3565
1723 6359
8655 9705
8292 19348
11709 3741
852 358
21311 9042
26355 4538
1519 15466
12405 10387
22922 562
20227 21934
9381 24580
7270 21479
8538 10273
25093 7104
20
16709 13187
16470 13054
21927 7131
22415 4683
17460 955
24773 2346
24769 1959
2436 13622
19075 18244
5908 17951
20530 3155
12084 15759
13678 10559
4580 19853
23909 3852
23800 26284
1086 19206
12633 9423
9080 4151
2660 7653
20
21476 4705
6537 3640
706 16964
21163 23474
2660 14034
26325 24069
7239 9161
2122 4638
7356 17285
12396 16804
7824 21147
5402 17933
24067 1068
19611 6454
1873 16565
11441 24368
544 11837
16445 21980
22236 19089
10265 20179
20
14919 1512
17001 12045
11152 15808
25923 15095
430 22032
8345 23305
7848 7228
16526 16790
21009 19447
25995 14626
3232 22212
24178 6374
8787 20566
21000 23059
13368 1207
10928 1795
11473 5036
2355 10370
9566 2038
12132 9015
20
16291 17754
20662 4012
22839 23768
4517 23877
9127 9566
7364 14535
78 25308
2016 2941
2342 327
10793 22358
3267 8722
17210 25744
25393 10338
18396 851
10543 12811
8103 22483
21301 12068
736 11680
5701 17546
4038 3814
