20
20430 10046
19887 35988
15244 3392
12640 14150
2565 16216
4017 8644
35825 33799
2761 30349
4102 23835
28864 21266
22214 9961
31661 2491
24730 26638
31761 34699
16281 19407
35904 9499
4382 1743
17630 28172
24012 35740
8388 26203
20
9668 14586
29324 24165
21793 24448
24798 28864
27983 11931
10889 15332
955 969
3466 21966
19285 16472
22905 7081
13182 13028
6643 2062
258 10875
233 18548
19666 31990
31283 10516
17636 36005
31211 1890
22908 17357
5851 3930
20
27779 7096
9535 10334
22464 29248
23403 13133
21630 13518
30952 11515
35644 8540
22716 26558
35284 15458
5714 14961
6878 35983
14481 4793
26995 9286
16717 12182
12580 885
17039 7089
27930 1351
7979 20020
14938 15967
12469 16462
20
21890 8886
8383 31361
33281 682
31115 770
14848 6422
9082 34036
36245 5247
1016 7717
27217 6684
4931 10949
17472 4513
25308 11669
21802 4685
5916 33757
89 6070
5710 30668
21809 14108
10187 21919
13475 14231
15125 2473
20
22164 2292
7282 9878
4746 19703
29717 17536
36496 19351
804 32435
13333 6228
33529 1286
34281 16561
10294 28369
30721 34122
18893 26981
18771 29784
17798 31645
14112 1440
21415 13013
19654 1726
4686 2499
17294 3976
35758 34733
20
12427 16635
31706 22350
32179 24379
18 15020
27860 26738
11161 7893
8743 29541
20531 21554
12003 19103
116 4202
12803 12928
5862 16865
4961 23189
2286 13527
10640 34609
33799 19868
2089 31385
16253 3474
23697 3137
2268 1891
20
264 27619
3935 7382
11352 7974
29414 21052
10927 33737
31590 20904
16297 10269
15658 650
17698 15493
23670 36076
1279 487
33091 25138
11648 19544
34123 7424
30436 3931
22576 25947
7827 6460
30309 29795
9541 27057
35391 4713
20
16165 11721
10005 29632
5041 20751
3617 33805
21119 24478
1280 15815
10013 14648
23560 7049
1092 22344
18425 22941
8431 30199
22132 3274
18590 31668
3837 28617
19214 21950
16641 9657
14468 27269
26367 3052
9571 34865
28130 25746
20
35380 28306
14514 23627
1773 16439
32841 31454
14525 24868
9883 24414
17840 10951
8329 29921
29566 3251
27142 17675
33963 31940
11899 5206
6115 16550
27797 7210
35472 402
21792 28419
25839 32032
6146 15046
18953 33014
32861 17206
20
14158 12727
1534 6983
21897 5567
33824 7732
3987 2090
30433 18625
2026 7996
25861 16586
3969 11203
32664 2414
35964 26860
1065 17887
26356 12335
18219 18310
6021 30205
29083 20639
13736 21970
18933 12831
31842 7516
12594 19780
