20
18163 58313
23111 3650
21509 23374
36351 54580
22688 34318
48447 1949
3908 56629
24214 42392
538 16980
29358 8011
6418 51834
57564 49990
14247 12301
28769 296
39636 23699
25668 9719
47260 30190
59681 3275
1661 47195
47845 50378
20
48356 3981
51243 7091
30743 34321
317 53463
5446 22058
48134 52425
24899 38386
54224 15168
21136 34456
15644 28548
8239 36630
205 60207
26467 40622
51311 344
32112 58748
36936 59205
34000 32049
34191 19437
43687 59742
53280 16214
20
18033 12368
56220 2332
9686 33397
62341 11515
4787 43121
58806 49266
28572 51831
46503 40783
9821 14177
51431 18197
32737 37201
50915 24306
1173 16266
11214 37171
22947 21663
18711 8670
40453 58838
2435 25606
39533 306
52331 56331
20
4542 49065
8579 29800
18681 17625
37687 19158
29700 47358
55669 34347
47117 453
42887 9084
56022 18095
56457 61071
32599 22119
62302 4107
28126 6403
21255 9610
36743 7248
20459 55501
40347 16670
162 27434
25619 18015
10611 21434
20
23298 8566
32614 23469
32204 37090
17542 9854
48469 44379
48317 55338
24967 54128
8746 36406
373 43597
495 35365
5797 27159
39817 55764
61849 7505
22995 25882
15473 30894
52776 43280
35705 22253
42732 16865
26320 50069
38921 8918
20
54701 26336
32737 16733
52089 1120
17880 14245
28412 33513
10233 49824
4666 464
58895 12150
17937 16238
36100 30307
6053 1693
15915 7521
17753 43904
54873 43666
11643 26730
24448 26860
21567 9371
4965 55611
13289 30993
12054 8472
20
16157 9648
5699 59148
61002 43115
45039 40315
3011 36904
43504 37132
3071 10914
45710 4830
59106 48074
25422 24074
21128 45051
43505 50817
10431 25191
24677 16450
43922 41159
13929 24764
19808 24992
4989 59395
20573 8171
19948 12195
20
25331 41580
1595 35191
2617 42622
27880 31172
40197 19058
13869 1432
35038 2235
29466 29638
60131 16427
43865 5788
22924 22153
15962 7453
27581 9842
19219 58720
56152 51829
47629 17674
57659 44138
19431 8147
31767 13390
2476 51404
20
15637 30991
28623 41858
3764 50991
58391 17971
33327 21331
2088 34821
55769 27446
45226 22182
42576 17114
62492 19141
17832 16507
14103 28076
52707 57379
314 8552
19252 34551
14691 4476
41871 39927
58708 13546
33871 642
14885 24138
20
32477 18956
6900 61895
44379 25879
32922 52515
57322 30687
36489 24801
15933 59813
21806 27080
28738 56297
12770 31561
20891 44729
5507 58746
27810 45230
20992 8748
29410 1678
10704 30728
35915 36076
2283 13887
21468 30264
36119 38279
