20
19117 968
17181 12322
20478 14182
10538 13123
1950 13007
6102 17737
19556 20492
8338 1399
13427 12067
10547 13344
21446 5816
13863 5797
22645 14028
22396 16971
2010 15134
7605 4362
9095 20994
15923 8662
3204 15198
11362 8116
20
20984 7649
4929 1381
17830 18329
6610 22605
20463 10459
1101 13005
7621 12542
844 16961
2001 18542
8481 4191
16028 7208
10601 10024
12297 4600
13080 21506
14244 18346
12992 4119
12110 17978
20228 10674
189 8271
17920 5201
20
1965 9203
11919 9140
16255 4552
8918 19426
14462 25
9838 22123
19634 408
13821 7501
11826 3168
17220 4025
2224 12369
1935 10164
13732 2644
16799 3404
1824 2891
20515 15808
6354 15875
3583 10708
2174 5811
7027 97
20
12328 15977
11032 2758
18767 9422
11683 341
2867 15949
7625 20792
6952 8160
17691 14590
738 10498
6383 17168
20605 17950
9321 13690
20397 5134
4864 7170
5020 18308
3337 4043
11254 4106
9501 3035
2625 12895
19903 2598
20
763 3670
11507 9834
2636 1405
3513 12532
20974 3894
15915 6109
21348 4767
2595 14069
12729 22075
3878 1162
20540 2565
20133 1406
10521 2819
18654 3470
2587 7884
4077 14276
783 18528
8340 7174
5179 5011
427 5985
20
1166 11871
13821 2265
8504 19251
10441 19771
20080 14830
1305 23
4395 16406
6392 7117
13210 9212
2671 3564
12949 2783
14476 19019
13313 19811
4303 15719
6584 3229
4556 606
9179 11154
18093 6858
18693 8036
12527 12463
20
10938 169
1617 17170
1870 13349
15470 340
6718 4889
7162 9323
9856 13385
5661 16104
13077 18405
8466 9120
881 20197
2628 21905
10091 5542
4401 6809
11806 16825
19804 339
18751 8330
328 4272
7662 2443
21244 21121
20
5568 14664
16325 171
17615 893
12581 13013
12140 20132
5996 2086
19765 6830
3179 12245
12492 7261
9600 17353
16083 6152
20650 6445
6293 14124
17766 2540
19692 7144
8183 18921
10691 193
21612 2869
15093 10103
8028 10498
20
22520 6237
2529 5647
18585 2587
19791 3036
14920 14332
16480 5721
4676 2619
12525 10149
20635 17470
702 6873
3460 16432
14417 11265
20402 14388
12820 10062
6878 15601
8554 7939
9129 198
8481 8685
2286 13469
2967 19423
20
5109 19995
9394 20916
7404 12124
6434 457
2437 22286
17523 15354
22066 5014
1639 21085
3786 15131
21961 6734
7392 10008
16473 5380
13951 12401
12180 3261
18189 10689
19577 20052
2001 7887
4643 14799
15674 21503
16338 2746
