20
5147 3944
5596 5436
9647 6059
5880 5511
10472 9122
1657 936
2485 11682
2437 6449
759 12720
1193 949
5726 754
3936 10925
8560 13018
10695 9498
10974 9825
5223 10955
9755 260
6233 7129
5562 13053
8471 12087
20
1579 5304
7692 5304
10043 2320
5675 12322
10238 9675
8247 2962
2701 4331
6976 5495
7304 13086
7767 10718
3121 2950
8926 12914
5004 7642
10397 6750
10312 9211
11324 1879
11660 3551
4719 10104
1620 5320
9911 1655
20
12096 1853
821 11916
3282 4006
2915 10747
8120 11553
3715 11500
2495 11073
6400 8459
3918 3651
7775 3634
1914 490
5616 8300
6444 12222
941 2179
11136 9249
2709 367
208 474
3718 844
4923 1915
7163 2299
20
2188 9329
1484 4744
10318 2788
1505 4073
975 8721
2621 12354
12361 7616
35 9183
9357 2881
2453 315
2141 6637
9575 8718
12621 5833
2118 11755
5389 12475
12604 1773
4999 6856
8296 1303
6653 3270
309 8521
20
6265 5070
3956 7408
12797 5586
6969 7311
2310 8410
11837 6354
4077 3670
11183 5115
7072 735
706 6254
179 12860
6763 2319
9832 9303
9839 10715
10905 2237
5483 6120
10221 3481
2199 10445
6850 3520
6127 8983
20
577 5455
8220 582
1056 5618
9280 9673
1227 5004
4603 5738
9117 4154
10872 5727
12602 1789
4546 395
2255 1484
695 4273
3499 11977
2222 899
1802 59
2779 8256
2914 5626
601 10728
9086 6450
7152 12904
20
11742 8042
6089 35
1272 4346
5849 9547
787 10209
8537 1427
6264 12130
309 1476
481 12898
3763 9241
7867 11911
1952 7019
34 5417
3905 8219
1808 7778
2529 3701
10449 9423
336 11489
1649 359
1401 6043
20
2380 2057
12418 1263
795 982
6017 2542
4705 5052
7864 2347
1013 6014
2116 10087
9367 7143
2727 2423
2375 446
7568 2033
8780 920
12520 6066
6064 13055
3359 1314
552 8728
12170 1705
1430 12657
9258 7948
20
4554 5418
11399 6250
12240 12428
9437 2779
897 9215
8504 10153
5950 11114
12171 1899
2546 12482
9085 8751
11528 7310
496 3427
3095 1430
9775 7906
1991 5976
6512 830
12748 1947
3345 11314
8282 8683
6732 11328
20
4641 3899
12216 3936
9889 6956
1961 2202
2887 7986
184 11128
4674 2667
12679 1241
363 3110
9359 5517
11850 3671
10402 10188
4315 3912
305 11388
4583 5884
8123 1599
7719 9002
5742 11848
6363 237
9055 1067
