20
392 6943
5137 514
5346 2649
6145 2604
3325 1437
1437 3362
4377 1768
2717 555
7454 5896
9599 6207
7589 241
5939 4774
6046 3414
6053 2861
7677 4836
5201 4687
4849 9332
6626 484
5387 6371
8088 895
20
6769 5883
6391 4860
8567 8597
3936 2434
7901 3304
3712 5625
942 5361
5132 1284
794 5127
2258 1886
1842 1775
5834 4639
4450 4795
2593 5652
9980 6742
8947 6881
2875 1652
5445 2631
7435 3776
5046 4558
20
878 4266
4965 1013
4249 7695
7764 46
4901 3714
8701 10110
8021 8020
5260 6924
9473 2909
1696 2888
4600 481
3500 3673
8599 1621
2198 328
4087 7305
1390 3007
1278 7140
1638 551
527 5872
2887 3104
20
8477 7984
3805 193
507 7186
2744 3931
5213 1219
1842 4952
2874 6413
8 2761
6780 8876
3677 1886
6675 3421
2896 8446
5069 5414
7323 1297
1944 6774
687 3400
3657 6201
6463 3540
6079 344
1274 4040
20
1979 3160
7454 5092
7044 1468
5810 2402
5443 4600
3515 2821
2834 1525
4952 7339
355 558
4939 2979
1964 4946
517 1933
5367 1826
1360 3681
3423 5484
2003 1784
834 6574
8211 6657
5343 4758
3298 6545
20
5901 3250
5247 8084
5298 3435
672 1050
2797 7000
2190 6806
1496 996
7768 4207
5767 6948
832 9277
2786 4004
8959 4772
6638 4151
4552 5387
4855 3044
7090 6315
8706 3963
6019 7302
5592 4600
5164 2405
20
8034 3515
6655 741
2836 5464
4647 225
5688 3243
5818 1864
1496 7671
6793 3160
5727 7225
7711 4735
5767 9339
7514 719
4042 6038
6391 1555
5653 1548
3140 1117
7104 7675
7134 1797
2061 6122
4553 3181
20
5371 2830
6352 7079
9365 8529
780 7202
448 5038
7067 6199
8289 7145
6686 4861
2973 6794
4556 3163
3320 3879
6377 3868
6680 5530
5930 3967
7601 6710
3198 4207
7453 595
4831 3414
4886 983
5090 9269
20
6158 957
4002 1425
4505 7819
10596 10038
5268 1877
1487 6834
7488 3681
3975 5915
902 5089
282 4938
1933 1750
2385 1083
1464 4592
5604 6384
6461 7845
3788 7138
7599 3461
967 2117
5777 7826
7302 5063
20
10319 2631
537 10526
1750 2674
6693 516
1145 392
10132 900
2888 6855
5711 6880
3211 3817
5121 1675
7675 4300
7549 6807
619 7211
43 6722
5332 6836
5074 7256
8022 6895
2242 2958
10176 1408
779 3908
