20
48516 52188
11140 5463
77512 1078
39077 83244
87012 100112
96330 45693
17335 59750
72719 24778
87241 42137
78833 29361
1378 79198
74870 11074
88288 41673
46926 40075
13046 34409
11216 87389
62221 42792
99142 97586
69898 78897
34881 78668
20
102707 18509
39326 65816
44019 25344
3696 107451
57086 53127
16943 82534
54138 40732
54003 45591
42011 18730
20716 1163
34437 17863
107974 8285
59176 5317
44595 50937
97625 4925
64854 66013
79867 91472
54594 42264
39092 59018
803 8504
20
20319 25940
43327 14227
64129 25680
53085 4195
52443 104341
97669 61761
74536 49776
76493 38810
7196 33865
31642 53487
66914 47981
92465 40731
45040 72986
54752 35664
101619 16660
45300 89585
944 45374
101804 20727
39895 22440
109876 91482
20
46632 29181
66984 18402
4950 6863
30010 105025
6782 96326
78133 34279
46649 48373
58046 2178
38017 3166
62039 47691
4979 21281
62074 23331
57252 38502
58235 19016
11531 58708
56260 22988
66453 21508
52392 28649
106719 1152
3635 3235
20
329 53789
94311 36143
69328 67077
51845 37316
8781 111188
17260 7987
12529 35744
100836 42619
91154 36940
190 39135
99490 92866
56514 113579
11502 102810
47603 72961
60584 17919
55505 80895
6015 51458
38058 68254
110402 70262
19791 104594
20
24744 48090
5887 38953
19124 23215
26085 1278
113732 80555
19814 106516
39866 29101
21814 33353
43376 7381
64695 93469
17322 37804
14542 1425
3677 23618
39284 91489
16542 7453
94568 105440
56637 43705
411 42734
44688 60959
28963 29262
20
59126 98961
9467 11779
57260 49196
106482 62329
44759 49842
2490 4745
56963 73278
58219 65599
77538 62493
30946 45165
2476 33755
3807 1891
5318 66789
3169 36191
94438 53886
113715 62512
12457 8467
93864 85439
4386 114299
67502 35935
20
61539 841
40288 89896
27687 61986
50800 65729
539 57339
17491 1000
112906 9682
9126 113218
53233 9183
37355 66755
5303 15948
33937 42457
21299 6658
78816 84416
63776 84461
12539 59775
17937 4097
27995 85847
67685 11328
16828 31192
20
73138 7020
38568 28496
28147 60092
28874 39824
10927 9247
43456 71717
12597 67180
88916 42162
23328 41519
9498 74459
33212 13689
48050 21573
58744 50597
71918 78180
43276 86332
7738 45915
28745 33839
36585 30631
54000 107584
23147 20107
20
23098 83410
6239 38917
75110 60277
34428 103892
62061 17610
42488 100820
80963 73830
66294 55176
8433 54652
69975 14680
44652 92711
58245 91451
47012 28994
58689 34081
84949 13925
510 59766
20628 28328
45893 78651
20102 20837
55803 19512
