20
1589 874
2295 1831
129 1934
2326 2528
1049 1297
580 2131
630 482
872 1030
1884 2593
2022 139
1571 255
798 1192
664 2225
920 159
2480 2282
1761 1053
2190 1562
612 1797
1539 378
438 1342
20
2308 1344
1408 1197
675 121
1060 679
1974 1751
2260 2111
1314 1310
612 2330
128 479
802 492
1621 2078
423 1835
243 1609
838 1201
127 765
2544 2576
108 846
1788 614
2029 2024
53 2485
20
1246 461
2048 748
20 1382
48 120
2479 1553
90 503
1853 303
1387 1463
1995 30
1065 796
2387 604
1681 2281
2024 2471
2543 868
2219 887
1843 660
1895 2550
1941 1865
696 1302
1917 1495
20
1329 2115
284 499
1290 1357
823 1519
1694 940
1870 370
75 973
452 2293
1893 2155
2353 2041
2308 1610
1295 2591
380 2399
2324 1225
2571 2383
1680 546
2530 1950
1694 1913
797 1430
2253 879
20
1967 917
1638 1098
1893 2451
428 110
780 2413
708 94
1593 493
2073 608
1510 2479
2146 650
2199 1642
86 1376
2272 1495
1656 1156
497 1663
1917 181
496 1280
1495 635
2428 1598
2361 1772
20
1404 587
1204 2490
2005 1956
2171 589
1753 1811
1408 1443
1279 2050
1270 572
2584 83
651 895
2418 734
1604 2438
1773 1329
1168 2348
292 2196
968 2510
1116 1012
1338 2026
2463 2462
376 1535
20
1544 1851
23 1890
16 1280
1471 700
2578 235
2098 2455
2370 2341
1245 651
1110 722
1668 1544
2247 2243
736 1758
1777 1859
455 830
2175 1942
556 1800
414 1312
428 1688
1997 2340
1232 1360
20
1116 2536
1929 1515
1535 1501
2616 335
1962 656
1828 2427
2440 1992
1692 1391
2540 2562
2068 330
2281 2265
272 1572
2090 811
1220 2145
251 1225
175 1266
1583 455
659 785
899 896
1240 174
20
2084 2476
2065 1536
1143 1004
1970 1816
2619 1236
1666 2162
132 2014
877 699
1211 1161
1431 1517
1367 2373
1140 1167
854 375
1378 391
1115 1847
599 901
992 1503
2304 687
2408 1157
107 2346
20
568 235
1213 1073
397 650
168 2266
2574 1175
48 713
1252 2172
1957 770
1982 170
2155 2537
657 890
453 84
861 764
1084 2271
1816 560
500 392
769 2393
628 874
2440 363
1320 1113
