20
27284 3992
2240 11080
14079 31218
9663 23405
21600 2398
11257 20159
5780 6318
44526 8028
17629 25056
27596 7748
32249 25068
7565 9711
29384 18674
10272 542
1336 16575
43205 42924
40805 21774
22706 3570
49754 26102
38054 33337
20
19481 18420
19748 34372
835 47093
8138 22642
12584 16242
2577 32549
27245 16057
50189 158
15655 1928
34081 43739
14321 15998
45141 13718
42489 467
30699 2255
3035 34687
668 14347
11945 35634
15947 5448
4375 13961
20495 43832
20
10508 19796
11972 5711
7578 27952
48078 33569
18840 22908
44236 4185
12869 40915
45758 1257
46586 3717
32798 9323
22750 2143
45242 9092
27437 13331
47729 814
1960 9287
22802 9798
1726 18585
21496 15931
5092 4923
39155 28127
20
44701 26473
25419 45385
47112 34560
44447 7869
18607 34620
40564 8036
5702 43862
23269 49863
17936 16584
2414 33623
21537 8394
7575 48450
5977 3192
1641 7824
38238 8612
1004 16574
33572 290
26916 17720
36750 44069
1619 10913
20
152 2002
25789 19279
44932 30027
33045 21166
30236 22962
39230 7722
2030 24558
16207 13204
15919 25345
3673 813
23797 26983
4520 22867
46894 26331
1896 6537
17540 19644
15727 38444
42976 15554
8394 356
14401 25558
5731 6103
20
14217 42112
12136 29379
9800 4194
22229 14668
12494 19486
7576 22512
17101 43875
10839 28414
1704 31564
20737 16912
5680 27383
33854 44189
12492 356
48481 48505
32828 18053
37198 45468
2346 35084
3513 37791
25499 35511
10477 4042
20
20496 3566
25404 21307
9320 2150
1958 48199
16404 33323
14983 14761
11345 16788
1827 3313
4029 38012
15686 45586
11363 9795
3368 42790
19717 29799
46709 35489
9066 6897
37982 906
8873 28256
16983 41433
39194 5638
13444 38295
20
7619 5019
26319 8896
23818 193
3249 2747
22545 7958
784 28820
39629 4651
27596 39040
9105 18296
39662 33337
39662 16609
20497 2858
10511 41227
32794 37947
30475 27163
13352 41201
16361 26324
20925 1532
1664 32499
38686 4
20
1662 18529
32407 7236
49682 2012
35959 20906
1190 46587
19517 14762
2080 16576
13345 24191
28141 3863
45564 3933
26499 41707
12526 20966
2481 50799
3024 2938
37640 10775
7907 46183
946 36468
3715 35700
1472 5876
22121 39965
20
49469 33106
15595 7965
27710 23373
37640 41483
7329 32428
11399 16255
44948 26514
4857 31671
18063 23234
6509 16844
15998 7807
17713 18751
30485 4665
27135 20814
19998 2594
8902 27606
33286 15649
36271 20937
11432 20145
27638 2313
