20
17220 54641
15553 15752
51544 14000
20939 29521
35409 29830
39753 3063
5270 12867
58557 8285
4635 69777
8927 66645
6209 23943
13244 48552
50847 11371
67743 5491
40052 24323
32862 37385
29790 55616
34638 13859
7799 29150
67319 55094
20
3447 35016
31339 8412
36444 22274
56824 36004
20111 43073
19040 21422
27287 6862
4704 59840
57114 28056
23180 15789
35811 26006
18030 31086
14052 1877
10013 27676
25134 41970
61357 37686
29996 65283
25243 15321
40138 4522
25448 10502
20
10066 7444
34578 28491
66065 48084
42465 38807
52619 47751
37960 62550
21417 40751
12340 17887
40184 63838
17238 2718
18089 44329
62962 58863
14428 7777
33353 25540
63243 62254
34463 58632
20037 70538
46114 24967
40266 13909
5568 44912
20
20987 5295
5024 17847
24975 43793
3462 27534
25044 16010
452 64084
6313 34117
71630 15113
33661 2474
25829 6274
36413 35109
20057 5448
51562 3504
42616 59934
14628 8237
44710 17263
1469 49901
17007 8660
28185 7586
37533 23728
20
63469 24928
51356 24836
148 47093
38112 28721
71669 536
29324 19841
10062 62959
60693 15965
26654 18591
51655 45762
54735 19372
39371 4346
42792 15038
49636 10663
58194 16566
17438 32519
43897 27492
5446 17850
2448 49689
27972 34973
20
50190 2855
53666 12215
18775 25923
36498 62086
19847 15109
21907 7822
58039 3810
44176 17956
28143 16447
7040 41910
54820 798
6934 7634
31505 55987
5142 14754
14116 26938
44978 51156
34631 16236
42848 5377
39241 32180
35019 67319
20
45945 19613
42975 6872
8133 60461
32267 2665
4418 14586
47900 21822
16182 9829
70362 13895
48883 3664
47249 38218
65640 56148
2648 20690
43611 24649
33569 1528
19923 2004
29834 25599
16986 10336
62710 25060
58226 17604
14149 5577
20
5594 33001
38441 64843
12663 13448
34406 62916
27233 3908
19794 25698
29573 35255
9643 39603
42945 16748
31841 25540
17058 30685
30275 43183
28862 12956
23474 59090
5348 24271
32277 469
66107 29747
5673 38076
24847 22734
944 16565
20
57938 5665
68076 39590
23227 16548
17636 3277
2083 3341
11713 18793
18756 67125
28603 64467
20398 66232
24816 32521
58386 53858
11635 8755
24121 14332
69522 43160
24845 25606
44792 14834
19866 30698
56920 39095
7648 27674
30440 19782
20
67469 31952
63382 4146
36741 30119
14751 73953
1350 176
1785 24365
33627 58427
28766 35570
68117 32211
66330 34111
1929 4353
39725 41248
20279 30807
2786 32571
63249 38201
51021 21205
2811 11085
27567 32089
16424 26785
6435 58485
