20
41827 3239
5219 9779
68471 14980
29225 65194
16642 69441
27467 21065
15462 38715
5958 29096
14162 60193
39281 24157
33834 154
7098 9683
7199 21459
12385 40854
27729 35478
64120 53078
15141 37285
29975 45667
77646 44204
47656 56673
20
35733 69063
58482 72687
47644 28406
74837 24020
28159 71747
59310 31327
45303 76507
68526 5158
42293 28399
36310 8211
67865 34758
45050 31257
23345 30339
7132 67890
34760 59082
8114 34175
47099 40170
9305 78288
36447 26686
79672 113
20
55597 46238
11461 12607
53424 72615
29585 3200
45581 22565
5800 2141
24730 25736
255 307
11329 4744
67576 29175
31757 47393
19715 63965
15447 80495
52062 3533
19523 20598
67260 47832
75767 58700
4415 37558
18212 36948
20859 62843
20
69449 16668
8886 29617
31220 26451
27537 40278
76835 37371
4782 30553
42998 34161
29726 49764
16282 3823
11997 22131
59400 19262
37753 17331
23916 31790
78399 61903
14830 52419
71360 1135
52079 57668
1095 19570
31297 3999
44285 38458
20
790 18669
5284 20207
8361 18935
9798 25955
1364 20049
27085 63410
25122 70228
72054 4087
70126 56978
52549 40184
3757 17812
9580 5132
16392 36547
50937 2371
1363 55513
15078 30609
26507 8499
48205 7055
3965 69096
18060 33467
20
597 54171
6900 17888
41399 12765
20578 71510
5804 28264
71009 34015
25328 58562
7468 80463
18215 44538
71006 3907
20235 14894
38619 38800
74207 922
2630 15058
10497 54399
21571 78704
69176 5002
69944 5457
46817 77935
35924 51387
20
35932 31886
41955 2801
35214 22513
27407 77136
47540 19901
63931 26431
15852 19015
15256 52487
67824 78532
36760 28068
30452 21099
68093 49415
62998 8436
34720 11720
9095 68558
11639 44487
32852 34794
67317 970
40868 3470
39501 32228
20
71111 1287
14227 3265
2550 22068
16380 64564
26598 5617
44344 45669
35784 77890
16349 23797
28208 66455
25508 44568
55576 24569
37145 47317
46620 14909
10212 8454
17405 1335
10378 37806
17566 7682
48337 40139
657 44432
36366 28170
20
5892 19919
12216 15019
71715 34260
12931 17919
26803 62455
31181 44766
25980 67930
25833 7946
41344 49331
9646 24598
37498 80297
44653 76330
29229 74757
46314 26491
32415 57325
4268 47338
67930 4673
11327 1767
20314 17847
12368 2235
20
62515 70070
52066 66502
6247 31183
30647 32851
10764 38350
2489 16817
3381 18860
50200 9235
21496 16365
51391 76969
22797 31834
4203 56027
20723 2841
30795 5878
72930 36022
58368 38535
20942 2198
40522 31541
29331 70823
30335 46009
