20
4558 2204
301 4728
436 2281
4031 4257
834 4079
3427 2180
1737 989
2089 884
251 2439
4108 2108
1396 2968
2806 2184
3868 4031
3312 2155
2268 1408
4440 3603
4335 3188
2760 1685
4661 3644
3102 4283
20
908 1262
1415 1872
146 1934
2883 3169
4673 1428
2934 2894
2333 3468
4065 2299
139 185
3559 2490
1159 3639
176 1441
1258 73
32 1392
125 1680
3547 4586
3344 1548
4475 45
1686 4458
2486 404
20
1828 4254
936 313
1552 2968
518 2764
71 1951
3838 459
1258 821
1184 550
1443 161
1227 3973
2891 2621
2184 692
2895 61
1441 1282
4631 1741
3814 3447
3169 1301
1389 3143
1189 3347
2267 760
20
2649 3644
1804 2479
1106 311
2153 956
1037 1080
45 3767
2120 458
2333 1594
4194 590
393 2747
4518 1060
4453 1780
1512 1848
2263 4346
61 2623
2900 2688
1768 3148
3656 1623
3809 4477
461 4537
20
1871 2835
2807 692
192 3844
859 1532
3082 654
4563 2927
1622 1434
1150 842
2302 399
2996 4114
2747 2174
945 302
1934 1987
3985 2030
4311 4016
2225 4349
997 2774
2570 2743
2212 818
1063 3212
20
4310 855
4665 2681
3526 818
2958 3221
129 1098
3779 1008
4095 175
117 1086
2193 1393
1234 2609
1804 623
2948 2196
514 4586
456 52
1103 2990
1548 101
2216 835
3504 1552
2195 2999
644 1449
20
3864 137
3019 3380
4080 1778
1244 2535
3171 2149
59 1443
2953 3015
1481 3954
3400 2823
779 3069
2151 3968
3997 3568
390 1825
4737 2839
3110 1301
2515 1456
1261 598
171 79
2591 3933
4310 471
20
1209 3880
2977 3401
2360 1162
1606 3669
671 4
4505 1552
3455 178
1332 1127
953 4108
3054 2206
2594 4636
1583 4702
2415 3269
4750 1180
1708 3175
1509 1611
2040 1268
4323 4373
4733 2490
2998 139
20
1873 4512
3832 1314
4558 884
4114 3026
1991 87
2446 1804
1714 4063
1495 227
1044 99
2097 8
4426 1211
2240 1562
1182 299
3407 674
1839 3344
1857 1156
4417 2028
3762 2332
2217 2470
4595 1048
20
702 3774
788 2905
1239 2047
3490 874
3222 4381
173 2681
517 2939
2333 3808
1628 2221
2102 251
2757 2697
2191 4420
1504 1240
1230 2218
3807 3019
4764 2312
4043 4749
4015 123
3270 1800
159 1711
