20
9191 3647
1497 1921
1113 4989
4484 4429
6649 7440
2419 2527
895 336
3473 6517
6062 5853
1938 4887
1123 4045
9194 3994
1117 7739
8900 8642
5715 1325
1171 34
762 1903
329 316
2584 9220
7940 6225
20
4108 1311
3604 6231
2095 3240
6829 6832
3461 8711
2757 5911
774 6238
3617 1329
5941 4024
7171 6764
3612 4893
669 7644
1379 5486
6649 4402
5838 4097
7704 984
3033 762
677 4483
3053 5374
8984 2249
20
7079 5835
4871 1981
7338 5550
621 4016
9035 4482
6002 8427
516 1974
674 934
7664 8053
7900 1921
4590 647
4086 8837
7050 3534
4179 1905
4107 38
7081 1321
6142 5981
5956 2336
707 7530
5387 649
20
6720 7872
7071 1930
1357 6216
3325 3266
4498 4297
913 6623
6718 656
5436 552
4561 2998
4081 8438
1674 4495
4533 587
7723 2926
6030 4085
7728 1971
1220 2071
4410 7317
7056 7158
7334 1682
3820 2098
20
3833 3525
2069 5742
6829 740
6003 824
6142 1029
2970 3286
6875 6843
3299 595
1352 6674
7094 7876
5350 5087
5976 3518
7618 6589
2513 7144
4071 4083
944 7553
8642 4155
9197 5855
7479 3572
6231 8899
20
3150 1733
696 8590
887 1308
5753 7614
6851 6999
13 1568
742 9710
7730 7080
7487 7070
7933 8956
4058 601
6739 4298
1302 4253
7926 8481
2180 3599
4090 1973
3527 921
3668 7235
6802 3528
1031 8446
20
7897 6128
7458 22
4233 7905
7978 6759
3340 6726
1955 3527
5676 4502
973 9180
8267 8214
7157 6614
2756 3939
1305 3632
5944 7897
9015 4461
4407 8981
4189 8476
5386 1344
7707 3689
6134 1751
8726 5509
20
4426 6750
6153 1097
488 9001
1247 3259
5680 4005
7656 7261
7661 6795
7102 4511
2987 8011
5712 1008
3331 8571
6590 723
1729 735
7626 643
948 6026
7199 3431
1013 8407
4411 8883
3693 7608
1901 7489
20
1270 2144
435 7056
4565 7970
2971 2072
994 7679
602 6640
9192 1234
1340 9156
3811 2022
7913 6735
4187 3284
5388 7101
8647 6725
768 8546
4609 6569
653 4216
8444 8504
7555 8945
249 295
4277 1976
20
7093 6207
3801 1338
7370 2079
5494 4258
1397 846
6707 5523
7331 3591
2427 504
6625 7369
2574 7675
5521 7458
2591 4109
4594 6631
676 6797
2252 1115
2586 548
7651 6207
493 3524
1729 3437
541 6650
