20
3706 7850
7881 8455
7746 7386
10307 4530
7370 6133
8100 8102
11335 4075
11325 7849
10250 6275
554 5853
2924 1738
4358 8907
3712 5946
10246 5977
9989 10258
1447 10638
4152 5507
7752 10284
3858 8504
11337 3095
20
5330 1549
2937 6138
5879 5259
6835 4267
726 11125
4532 11135
6745 9711
4113 3098
8447 5106
4522 4930
5298 3847
10555 2930
765 6156
7524 4219
4128 1474
3335 5268
10275 6033
10239 7018
5208 10317
3244 11124
20
5298 6034
3247 6666
5635 10218
10262 10317
4520 5072
8716 3415
6916 9113
7367 1445
2687 3265
9410 10336
4779 1476
10251 9989
3888 10608
5142 10337
8491 10341
5702 10241
1608 9107
6193 5194
3169 4521
6198 7398
20
9455 9102
4307 3857
7370 6042
4670 3706
757 7138
1446 4298
3233 4317
3901 771
9119 1487
713 3095
10510 7754
3854 5933
10316 5948
3102 3237
10252 7515
4181 6742
5208 7855
5314 6138
10300 1476
2877 8520
20
10340 711
6664 4319
3892 6663
10238 5264
4524 1651
5330 7016
1472 3009
3408 2773
2211 2377
8871 6037
2937 620
765 3012
7751 9021
5558 3003
5233 9095
8711 5178
3250 9596
7518 5854
9850 10236
8452 2727
20
10472 4398
4137 4139
3816 5585
1479 5878
10287 764
7513 8708
6837 3674
2667 3177
10274 3234
6260 7420
3854 10233
7518 5264
3892 4188
7361 3855
3265 2801
11208 11245
7417 5314
4283 2674
4779 4935
5701 750
20
9015 3101
9852 10249
6826 5302
6848 8494
3013 5319
3179 8718
1477 4900
10255 11128
3264 8716
5470 3701
2846 7845
2507 2467
5512 3673
1488 7426
6764 10347
10268 10234
7393 2779
9016 10688
3022 5901
4527 3917
20
10318 10694
5080 10318
2795 1680
11250 11266
5930 3700
5321 4888
1602 7134
3862 10242
11323 5520
10063 8450
5557 8720
1612 3677
9881 8458
5819 3033
5566 2927
3909 10238
5837 5179
759 6449
3851 10248
5201 11332
20
7017 2649
3409 4932
11163 9512
9442 4743
4934 6036
5250 3006
10307 5702
3004 4315
5345 3240
8493 7884
11348 6453
5817 11127
5716 2807
2664 10303
10344 7521
10327 4853
11324 5935
2555 4559
2675 9112
9829 713
20
4286 1609
5339 9004
3166 5140
3402 1595
3705 3708
9435 5714
3782 3681
7852 5304
5246 538
3432 5259
7388 611
2925 3001
2921 6832
3908 3225
3336 5945
8913 10524
5166 5253
536 4287
1733 4518
7757 4313
