20
10582 13853
3194 4008
1651 1294
6213 5709
6602 10522
4331 6219
4521 5153
1163 2045
11420 10349
12236 12675
14729 14025
12546 13977
15446 11876
4643 4522
3648 3809
1179 1212
10312 10721
3387 1620
12900 10610
5485 5356
20
3240 1300
1703 1994
12696 13900
1144 4006
5316 5106
12225 10826
1752 3673
12292 10562
1546 3678
10932 10817
4717 5299
10818 11062
13336 10662
3961 2007
13792 10826
4330 4281
15569 12146
12147 13858
2808 1504
12491 13853
20
3490 3560
6284 4746
15282 12174
15605 10924
15393 11943
10633 10964
5469 6195
5144 5456
5138 4361
12606 12577
1234 3715
11386 10349
6459 5236
11552 12588
13396 13251
5467 5576
6608 13090
6224 5051
10379 11200
12135 12234
20
2527 2019
6608 12634
10706 10724
13390 13499
4809 5352
4749 5542
1126 3679
12949 13045
5606 4548
6228 4421
1151 1596
5083 6111
4676 5801
3382 1122
12556 13879
13182 10582
12917 13399
13484 12637
13768 12255
2840 1540
20
3181 2888
12825 10545
11550 14687
5373 5500
12415 12533
3640 1898
1092 3906
10932 12905
11071 14155
2064 1377
410 398
10513 12024
4713 5786
1582 1372
10691 12559
13500 13390
5443 4770
2950 1383
5401 4344
6290 5808
20
1409 3924
10608 13613
5106 5514
10729 14807
12343 12832
12636 12182
5222 5526
1108 3581
13890 12991
10728 10635
1248 1112
4981 6448
3716 1815
1268 1210
1265 2858
10807 11582
3602 1134
13915 13088
2883 3623
15879 13344
20
1243 3657
12407 12540
13345 10535
12781 11836
5436 4680
3784 1533
3736 3190
5105 5202
1707 3921
5134 5144
13642 13764
3995 1672
13453 12365
13188 15203
11827 10546
12185 13747
1183 1461
10599 11652
12347 13887
1203 3553
20
13825 14061
11902 10661
1198 1173
2831 2526
11655 12149
6464 5890
6078 4967
12744 13098
3878 2798
12364 12984
2758 1830
3501 2881
1097 1055
10935 11433
1421 1449
13974 12930
5329 5184
13634 12739
10926 12683
3172 3546
20
5074 5500
13232 12822
1622 1294
5579 6469
4748 5613
1703 3307
3889 1310
13118 12280
3610 3756
5719 5139
6057 5824
3227 1877
4643 5007
4969 4952
12343 13086
5256 5023
12683 10809
5857 5738
11663 13465
3817 1423
20
13054 13276
3687 1334
4400 5699
3974 1518
4874 5007
1308 1542
10545 13575
4689 5763
13880 10727
15606 12292
3405 2074
5865 6155
3189 3498
12889 13844
12463 13900
10627 12998
1429 3570
6479 5109
11631 13751
10278 10916
