20
5589 970
2608 918
6812 3190
5311 7478
7089 1885
3769 1033
6340 4344
6885 4943
4859 724
6225 7070
5140 6886
5196 962
4480 1940
5102 5475
5400 4349
2654 3535
3719 3348
8198 1159
6695 4532
967 5848
20
1533 2412
4078 3984
1505 1260
5934 5568
274 4757
6553 5351
4429 2364
1565 607
5838 120
2914 4375
6645 370
7023 2484
8033 7646
5671 2108
6767 704
869 7036
7178 6015
4448 7329
3819 5185
1292 7424
20
4750 5818
3611 5667
6914 7383
3925 6146
2811 4595
3815 7173
3615 4789
5850 2476
1100 6299
3147 1212
7861 1210
1532 6615
759 8237
5932 2108
2860 5010
5160 7381
7750 1039
4977 2804
5935 4925
2348 5162
20
3193 3055
7903 4181
4846 2038
3445 1074
3249 3031
3061 8163
8224 2343
2285 3967
5562 6442
1179 5177
2071 6377
1138 4216
7775 4398
1048 5029
1783 1421
3233 7444
4771 1803
8277 3258
56 6479
5545 6523
20
426 6780
7493 2790
6518 6148
7625 291
1644 4401
5756 3798
7752 6568
2244 4725
155 2211
6070 4430
7697 7294
467 5327
1552 5081
5919 6771
5544 2594
5455 2105
7780 3036
3821 4292
5805 1857
306 4795
20
1067 5200
3422 1595
959 7243
5231 3949
4929 3473
352 90
5471 18
1749 1830
2137 8051
3242 5011
7579 90
3417 2250
6600 3020
6218 497
7139 4717
2177 704
3114 6344
8282 1432
7662 6280
7229 8171
20
2410 950
4314 4827
949 974
7130 7279
4434 2145
6398 1266
1133 249
3786 1649
5646 4049
5739 1952
5351 5199
5295 4224
7795 2614
1318 2128
7233 7594
1794 4811
6779 1215
4359 8237
157 2802
1981 942
20
6016 5489
4042 2865
1320 5060
4078 7569
1596 3459
1525 6720
2778 893
21 5089
7623 2955
2065 7080
6599 1402
17 1781
2209 5775
7837 3454
2662 124
7520 1669
6169 2777
5327 3317
7045 1693
1908 7696
20
5316 5103
3902 4183
3321 7104
4786 815
6620 1252
3443 1757
582 4531
941 2978
7688 7357
2101 7050
6424 6417
2060 635
3176 3320
6196 1542
4129 1143
3908 581
3325 2161
5584 1342
2474 1831
2242 3604
20
1372 4536
121 7493
1684 3225
648 55
3278 5120
4788 3181
2170 2562
1134 3688
6127 6114
6714 342
3680 5993
1587 1168
3190 7087
7909 3275
7149 4602
2691 5175
7045 4533
7916 4040
2330 3911
2604 3743
