1000
2 26831
60 11634
75 2471
78 12530
79 22706
88 6050
88 30624
90 4814
97 22717
116 34618
117 22944
129 30745
157 8914
157 17637
160 3585
195 3678
224 17526
241 7567
247 24009
247 29239
253 19025
264 1979
274 24803
277 25508
285 7097
293 3446
308 23963
323 2075
331 15753
351 20976
359 403
365 24922
373 2487
375 795
380 15776
388 17742
393 4369
396 13775
401 8908
418 12477
427 5482
446 3097
457 10642
471 22352
474 3651
480 1453
499 2214
534 25802
557 14422
559 26622
576 954
578 17525
590 6101
605 3157
634 24763
642 17029
649 18930
662 7292
668 5142
689 20184
691 17124
691 20645
697 7590
701 8766
704 4205
707 7008
712 18701
739 19781
741 15773
755 1108
755 10604
756 6974
764 18196
772 10229
778 5858
781 13206
796 9464
805 2009
809 6233
843 19181
849 8534
863 11385
863 18114
883 12493
891 20191
898 2521
913 9855
933 22135
944 4514
949 24596
963 12328
965 4014
967 3094
1004 6698
1004 15739
1011 33003
1020 6343
1027 5716
1037 7080
1054 19195
1061 22661
1066 12738
1084 3727
1111 12447
1121 18647
1128 11221
1152 7118
1180 16223
1203 1831
1206 4978
1212 17935
1214 22033
1223 23744
1230 30788
1249 13295
1254 20968
1266 22449
1290 12251
1306 1960
1311 13767
1327 17235
1328 23713
1345 5653
1357 7099
1357 26815
1362 5231
1364 30778
1372 8686
1385 11952
1391 17906
1409 20248
1411 8573
1413 14554
1426 8242
1439 5403
1483 7755
1491 7129
1496 11837
1499 5073
1503 9648
1510 6265
1550 28398
1561 6889
1591 11324
1621 27087
1624 32963
1649 8530
1650 27646
1669 8188
1670 6107
1676 26907
1689 34988
1691 27388
1700 10327
1704 24462
1708 8875
1708 12623
1708 30612
1714 3016
1749 6533
1808 4187
1812 2914
1837 22403
1852 6415
1867 3581
1875 2840
1893 2161
1903 17905
1905 27108
1934 22409
1947 11390
1948 5653
1980 26981
1984 33115
1992 24575
2019 12716
2039 8388
2050 16772
2059 6227
2080 7026
2129 33968
2136 4351
2176 19008
2229 18143
2283 4911
2301 8238
2332 3482
2376 25523
2380 27959
2401 10284
2438 6938
2450 20887
2459 3165
2462 19204
2466 6970
2475 23298
2496 19469
2498 24012
2500 4705
2584 8289
2595 3761
2610 13934
2634 5187
2668 17007
2692 22186
2715 9294
2738 26680
2763 6879
2767 22217
2771 9444
2773 18203
2779 13081
2780 15232
2793 4413
2819 19449
2832 17226
2857 14993
2906 18256
2915 25125
2919 17047
2927 26982
2929 17940
2957 24476
2961 5201
2969 16798
2971 7124
3005 26321
3061 7696
3066 19490
3078 26731
3083 19024
3107 7943
3114 12036
3115 13424
3131 7637
3131 8876
3148 11092
3173 20842
3185 28016
3189 10126
3195 5658
3195 14467
3210 26942
3225 29881
3226 20639
3227 17932
3260 7551
3266 26979
3276 23336
3277 26027
3290 17513
3342 11797
3342 24157
3366 25777
3367 25310
3367 29034
3376 5047
3396 13529
3400 8285
3435 26940
3464 8492
3464 26346
3488 8184
3522 27609
3526 30569
3527 7105
3538 29806
3542 25624
3579 22534
3666 4501
3666 19173
3698 26807
3703 8147
3703 14818
3724 23574
3734 23433
3743 17613
3746 24543
3746 26277
3763 22032
3766 23349
3769 30778
3777 20660
3782 24076
3795 17549
3803 13571
3816 6917
3817 12796
3837 14469
3883 10529
3934 27968
3941 17134
3960 5646
3964 8664
3964 18265
3967 17644
3974 20635
3993 25484
3996 8650
3998 13990
4007 15982
4020 17742
4039 6253
4079 5784
4081 22537
4093 35384
4122 13243
4132 12037
4132 26208
4132 35225
4140 4762
4176 30584
4191 12079
4202 18296
4227 8774
4232 27728
4239 15702
4249 9201
4256 4746
4260 16574
4264 16738
4315 23825
4332 18486
4341 25840
4342 5343
4342 18672
4357 14854
4370 7130
4370 17210
4380 29287
4398 22402
4405 12172
4433 24838
4441 18696
4444 24787
4448 8904
4459 18546
4466 11040
4507 13084
4535 27019
4543 21706
4585 20008
4625 11397
4657 12861
4668 14116
4705 19670
4707 8078
4710 13976
4717 5639
4721 35759
4726 7841
4735 19706
4761 8696
4777 7938
4813 25589
4832 33225
4848 5072
4851 24653
4852 18210
4855 7237
4862 10692
4876 6064
4876 17826
4881 23170
4885 22016
4904 6683
4919 22393
4921 15121
4950 14875
4962 34178
4969 5012
4985 14181
5010 6052
5018 13465
5034 8402
5066 23842
5072 6627
5072 8759
5081 14978
5083 15172
5102 12442
5103 6534
5110 19888
5117 16019
5133 20231
5179 29256
5198 15727
5235 14003
5243 11393
5243 12863
5252 12069
5258 12010
5271 17346
5286 25804
5332 22052
5356 15997
5370 17149
5371 18642
5392 11132
5464 7874
5466 28645
5482 10194
5490 30219
5496 7793
5499 24481
5541 17739
5615 34493
5636 9622
5639 14432
5642 30745
5666 5790
5672 29386
5676 24634
5712 9073
5724 18726
5725 8984
5728 6191
5768 6229
5776 29017
5801 13510
5807 35209
5810 9122
5821 18261
5833 9328
5834 23541
5839 5992
5839 8862
5842 32734
5851 19486
5869 12661
5893 6792
5902 13920
5910 8880
5932 8992
5951 10918
5953 22136
5993 10430
5998 24125
6013 30497
6029 10349
6037 31401
6043 14871
6055 7172
6059 21238
6061 27479
6067 14617
6069 9073
6089 30796
6111 32845
6129 11801
6227 25518
6244 26032
6256 12132
6286 19709
6329 27758
6336 14418
6382 13621
6428 36594
6452 11952
6471 15816
6471 17167
6532 13928
6540 9033
6574 8375
6610 27743
6630 9120
6659 15826
6686 11799
6703 13824
6705 24776
6706 9357
6707 24497
6727 16331
6727 28095
6745 12754
6755 10484
6758 15632
6773 23364
6814 28820
6849 23863
6874 7881
6909 11253
6913 29455
6916 9101
6947 13786
6970 12197
6970 25306
6971 13179
6975 12152
6984 34107
6997 25310
6998 12336
7013 13294
7061 20395
7070 15647
7086 9011
7096 18813
7109 29391
7110 30232
7129 14274
7198 23478
7212 24616
7235 18729
7257 7657
7387 14214
7394 8161
7402 12842
7411 8175
7456 14259
7459 35227
7469 17208
7492 22904
7513 11075
7534 11936
7559 9851
7561 12673
7569 8340
7581 22262
7589 16733
7600 19499
7601 30579
7682 29151
7698 14833
7704 22836
7724 18670
7733 27108
7755 20130
7770 27445
7779 29103
7780 10341
7831 15959
7831 34907
7839 32989
7843 30648
7847 36687
7849 10974
7854 11780
7877 23263
7889 24319
7906 28645
7950 27817
7999 11203
8019 18749
8048 17967
8049 10903
8070 22521
8098 23712
8114 10230
8152 19088
8164 11275
8172 20671
8195 13838
8199 25522
8215 9973
8220 32731
8233 27755
8235 17758
8257 10956
8280 26353
8318 14492
8329 12543
8332 22134
8349 27974
8365 18349
8405 16258
8422 27523
8461 10242
8479 24751
8481 23535
8481 34907
8493 14539
8571 10771
8571 12114
8585 18916
8644 20970
8650 30777
8662 11271
8685 13199
8747 16815
8750 13737
8761 13431
8765 9073
8847 9269
8852 9338
8963 15201
8982 21195
9004 22884
9011 14102
9033 35751
9039 12642
9074 13479
9075 16414
9097 12630
9122 11027
9131 23285
9159 12661
9164 15493
9174 13480
9182 23183
9285 11800
9296 30830
9322 12804
9323 17417
9331 26941
9351 13104
9368 10369
9448 11619
9470 18052
9494 14285
9500 27357
9501 20026
9523 29359
9548 24352
9555 36133
9621 16663
9805 31840
9829 20522
9876 20434
9881 11093
9905 18559
9912 10692
9916 20717
9969 22543
9979 10507
9998 25767
10021 14474
10026 11357
10054 23986
10153 22237
10172 27245
10179 15197
10228 27234
10345 30636
10367 15973
10393 35214
10400 29371
10402 14269
10405 35679
10407 11787
10412 19150
10419 21427
10434 28599
10445 14575
10451 16242
10456 19590
10505 14422
10527 11640
10529 35745
10548 24096
10572 26536
10605 29374
10622 17479
10626 22157
10647 19183
10652 19709
10659 28728
10689 22313
10734 18083
10735 27557
10758 24985
10771 18055
10777 11335
10778 20637
10780 24758
10798 25994
10799 24843
10810 28132
10824 17746
10837 26512
10906 29937
10947 11627
10965 23518
11008 12302
11025 15225
11045 17529
11046 22035
11053 35996
11058 17053
11066 22252
11118 17031
11162 30648
11184 15176
11220 23037
11225 12123
11230 17810
11231 26334
11238 29028
11256 28390
11299 13998
11302 26688
11307 21452
11307 22046
11327 13199
11343 13408
11356 17212
11365 12731
11388 30611
11412 12324
11664 12978
11672 24661
11676 23759
11690 25125
11711 23751
11718 14651
11741 16478
11826 14712
11891 25489
11922 22442
11956 13620
12041 16805
12103 15100
12144 20772
12156 30503
12166 22287
12203 18077
12220 26243
12285 20712
12301 24261
12302 22487
12303 15689
12319 35013
12325 23199
12347 20254
12361 17283
12382 19531
12411 23664
12418 16778
12421 22700
12429 13625
12436 33509
12489 24592
12595 13153
12689 18342
12692 18953
12721 22149
12722 24647
12728 16457
12730 15219
12754 23603
12766 24206
12797 24543
12802 16516
12811 15342
12817 29522
12910 14952
13023 28520
13026 13243
13103 26976
13105 22051
13112 17669
13124 23409
13138 27255
13144 14073
13154 26066
13156 17248
13218 29818
13264 19565
13268 16780
13285 22515
13404 18214
13464 14929
13487 20308
13525 20613
13563 18162
13606 26981
13614 14040
13614 27231
13659 34450
13667 26900
13821 22023
13899 16468
13923 23596
13939 17116
13984 18107
14027 16488
14129 18372
14131 19493
14167 27243
14172 19328
14259 21432
14304 30499
14310 27985
14339 23275
14370 16619
14397 36215
14470 29067
14477 29793
14505 26025
14519 20929
14553 19740
14574 23861
14633 26474
14828 21762
14868 16277
14872 24779
14879 15055
14979 16124
15065 18901
15070 18181
15102 16260
15113 25073
15197 21460
15292 24847
15301 22827
15321 23083
15328 15397
15355 15680
15367 18724
15382 30199
15526 22107
15556 15946
15582 17111
15597 23803
15612 18436
15702 19715
15725 23273
15801 26711
15814 16846
15819 29385
15966 27344
15987 29038
15989 18643
15999 22647
16005 25992
16058 16094
16075 23679
16114 22111
16154 23799
16163 24073
16182 34624
16184 27346
16219 35743
16238 16861
16238 32849
16258 30183
16275 20910
16358 24093
16451 27606
16454 21106
16465 26824
16491 22608
16507 22052
16527 23430
16529 23424
16566 25212
16641 17578
16644 23295
16658 19836
16664 25840
16668 17751
16709 17935
16722 25620
16729 17749
16747 25875
16804 19485
16827 18434
16898 28510
16930 22669
17041 17820
17110 25606
17134 17957
17165 26728
17175 27994
17344 20353
17517 30527
17604 22671
17613 22605
17679 28509
17727 19251
17737 21351
17935 19922
17966 22377
18007 23027
18022 22417
18109 22434
18119 28916
18151 21804
18156 28027
18177 27817
18189 24419
18236 22087
18275 23228
18328 19747
18340 26880
18342 26091
18352 19139
18384 33969
18429 20854
18462 27789
18532 22892
18542 25866
18581 25902
18600 25522
18649 24781
18672 23369
18702 27284
18734 24489
18748 24874
18835 27562
18857 19983
18970 23195
18992 21451
19007 27245
19211 21265
19235 19865
19242 23732
19324 19687
19424 23002
19437 28091
19557 21398
19581 22314
19825 20044
19836 25793
19996 27207
20026 24214
20110 21736
20181 30925
20231 22441
20248 20994
20377 26708
20626 29038
20755 20821
20806 24832
20821 29114
20854 30745
20876 23710
20885 24501
20898 27635
20900 30445
20936 34890
20944 26591
20971 27817
21003 27440
21186 25242
21343 28035
21403 28795
21478 23333
21702 27108
21706 22567
21971 22537
22059 33147
22086 23597
22148 30463
22369 24783
22404 23518
22409 28802
22464 34509
22484 23045
22663 27553
22754 26364
22797 26016
22858 27632
22901 34497
23018 24125
23095 23926
23141 26652
23174 29284
23286 27280
23362 24366
23414 29024
23605 26424
23742 26346
23860 28659
23863 34625
23963 35885
24177 26923
24212 28091
24232 26715
24288 35701
24310 33225
24380 31561
24583 30552
24609 25147
24634 26589
24698 30636
24698 30686
24789 35544
24916 30463
24993 29474
25473 27065
25595 33781
25874 34820
26221 27640
26249 33199
26492 30354
26520 26823
26678 35741
26713 30473
26728 27430
27021 35262
27090 27759
27165 30917
27207 36601
27243 31600
27390 35533
28520 29148
28601 34896
30219 35759
30335 35804
30659 33806
