1000
31 2037
37 4223
42 7033
75 4552
79 8647
96 1078
120 2507
159 8517
160 970
160 5960
183 1017
188 3126
189 3544
193 363
199 8267
217 2077
230 3766
237 1313
245 6399
248 8204
270 1635
274 1951
278 8017
285 3479
302 8779
324 3464
333 7002
347 5291
349 7740
358 913
361 6913
376 1687
379 3351
392 7761
407 7804
414 6160
436 4977
441 2256
447 8473
449 7035
453 7642
457 4429
468 6974
469 7771
474 7708
475 718
482 3256
496 5429
512 964
515 1791
529 5815
531 638
532 6025
532 6400
549 6640
554 8387
572 952
572 3339
575 2469
587 1228
587 2598
601 2988
608 5044
610 5244
624 3512
653 2156
665 3371
695 4007
708 3752
711 5123
715 2769
715 8870
732 6903
753 3485
757 7067
767 2590
774 4552
780 8137
786 6509
788 798
807 3173
814 5557
841 6348
854 8333
856 2171
875 2951
878 6180
882 1007
882 4226
886 2686
893 3781
896 2276
934 1251
946 3699
951 8722
981 2920
985 7146
1000 1019
1012 6356
1033 6506
1039 5618
1053 7228
1062 1955
1077 3270
1091 4698
1097 2430
1135 4274
1143 3784
1163 2810
1186 6295
1186 7053
1195 8784
1202 1236
1227 4481
1235 5202
1240 2712
1242 7574
1253 6356
1259 3563
1261 7741
1272 4620
1288 7324
1301 2378
1395 1642
1420 4391
1435 6303
1437 5822
1441 5686
1464 2139
1467 8735
1472 8264
1503 3366
1507 1784
1516 5518
1532 8076
1535 3030
1560 6865
1582 8538
1587 2493
1604 4666
1607 3609
1616 2036
1620 2969
1620 3290
1622 8668
1637 4243
1657 4347
1661 4528
1667 6685
1672 7794
1680 6057
1695 2299
1696 4397
1702 2324
1703 3413
1725 8279
1764 2610
1764 7621
1774 4078
1780 5862
1788 5670
1789 4901
1803 5259
1803 6627
1822 7570
1842 2021
1856 4520
1863 8397
1864 7235
1875 6616
1882 7302
1904 2360
1920 4932
1946 3337
1946 5869
1959 2223
1976 3752
1991 3744
1998 5343
1999 4436
2002 3445
2021 6310
2023 2077
2033 8061
2045 3785
2051 6052
2053 2132
2059 3828
2102 7450
2113 2414
2119 8870
2130 3478
2144 5264
2175 7283
2180 4182
2214 4899
2253 8278
2283 3086
2301 8577
2315 3887
2320 5662
2320 7048
2334 3340
2340 5675
2379 4536
2391 7788
2395 5345
2402 2773
2409 7910
2420 4145
2459 7994
2521 3523
2527 6806
2533 7995
2539 3331
2544 6234
2553 5657
2556 7285
2573 7235
2593 3430
2610 3087
2610 7927
2624 2864
2648 8547
2652 3860
2662 4221
2667 5992
2668 2790
2691 4966
2707 8513
2715 3710
2778 4992
2784 4988
2796 8532
2802 3333
2814 5810
2815 3005
2866 7236
2939 8159
2940 8303
2951 7833
2953 7093
2958 4205
2962 7292
2962 8867
2965 6757
3002 6113
3081 4216
3084 4229
3095 7952
3106 8830
3124 5583
3140 7027
3169 4986
3189 6779
3210 4592
3217 5433
3219 6420
3221 4447
3222 7051
3237 6251
3240 5854
3241 6633
3272 3868
3309 7580
3337 6237
3338 7234
3351 6052
3361 8247
3372 3784
3383 7454
3404 8643
3419 7119
3443 4167
3476 8087
3483 6675
3498 4836
3502 6715
3530 7596
3543 6312
3545 8058
3548 5428
3570 8880
3579 4455
3592 6885
3610 8466
3613 4485
3619 7239
3632 8800
3635 6526
3642 6751
3664 5288
3695 7079
3702 5049
3737 7658
3769 6779
3807 4967
3808 7046
3864 6470
3870 6210
3874 5393
3888 6938
3931 6825
3950 4704
3950 6212
3956 7695
3969 6869
4021 4674
4022 6227
4028 7192
4029 4833
4062 8121
4079 7947
4140 4705
4143 4961
4144 7808
4180 6199
4191 8575
4198 5530
4239 7599
4244 6296
4253 7219
4264 5033
4274 4497
4303 6215
4317 5798
4359 5964
4403 8559
4405 7388
4412 6099
4416 5196
4440 5055
4448 6254
4449 6229
4454 5575
4461 6106
4490 6472
4495 5194
4503 8623
4534 5830
4539 6669
4640 7606
4651 6774
4698 6575
4699 6967
4715 5519
4735 7634
4771 6492
4790 8262
4804 5446
4832 8076
4890 7144
4893 5029
4897 5212
4921 6943
4926 5139
4974 7272
4976 8823
5030 7916
5082 7602
5120 8663
5123 7629
5150 5164
5167 5209
5177 8700
5211 7574
5245 7607
5330 7073
5414 6126
5435 6010
5443 6411
5454 7394
5462 8004
5494 6286
5509 6702
5531 8075
5538 6624
5543 6535
5596 8874
5597 6400
5606 6732
5644 7589
5678 6014
5678 8320
5716 6182
5719 5869
5723 7158
5776 8162
5792 8224
5812 8408
5822 6376
5830 6926
5847 7990
5900 7915
5905 6709
5934 7431
5949 7541
5988 8367
5997 7587
6018 7116
6033 7466
6075 6138
6075 6643
6087 6497
6087 8430
6090 8798
6099 6292
6100 7426
6101 8725
6117 6616
6191 6996
6224 7973
6269 6985
6305 7989
6324 7469
6351 6816
6391 8190
6410 6485
6437 8161
6451 8591
6480 7645
6543 7129
6546 8213
6551 8208
6631 7824
6651 7095
6684 8609
6693 8824
6715 7797
6780 7962
6798 6916
6806 8077
6827 7791
7072 8261
7074 8660
7084 7587
7284 7986
7420 7651
7726 8658
7752 8600
7893 8559
7965 8456
8094 8866
8281 8827
8324 8440
8344 8541
8913 15517
8922 10743
8925 9981
8931 10608
8935 14382
8949 13268
8957 13117
8967 14793
8977 15544
8988 16239
8995 16323
9018 16024
9021 17665
9037 12950
9043 12471
9056 12954
9080 12741
9082 12282
9084 14371
9091 14198
9110 15831
9120 17574
9126 13886
9163 9837
9163 10556
9177 13630
9191 14828
9216 10039
9224 15426
9283 14371
9295 13632
9312 14932
9318 9733
9326 10142
9342 14858
9360 14026
9374 11462
9390 14298
9399 17191
9407 16731
9408 15975
9416 15975
9427 12426
9441 14280
9449 14839
9468 14731
9472 17405
9487 15892
9499 9807
9499 10653
9527 14075
9532 11966
9539 12121
9547 11794
9555 13176
9557 13179
9616 17158
9632 10401
9652 12680
9658 16049
9660 12354
9679 15104
9705 16205
9719 10418
9746 17373
9764 17030
9804 12804
9812 12168
9819 15402
9835 10553
9852 10144
9855 11155
9861 12195
9867 17265
9874 10065
9886 16135
9915 12627
9918 14784
9938 13827
9954 16020
9957 11461
9968 12840
9988 10440
9989 13174
9996 17384
10034 14969
10037 11163
10049 16154
10058 16658
10060 13366
10096 16354
10118 14723
10140 17398
10147 12239
10153 13753
10160 13951
10165 16330
10175 14790
10176 10339
10197 10900
10210 17728
10217 13331
10287 16500
10332 11837
10346 17172
10355 12299
10369 16131
10378 14669
10380 12117
10381 13129
10394 17252
10407 11588
10421 14807
10433 11787
10435 15841
10474 13330
10509 12463
10543 14659
10558 16010
10584 16304
10586 14592
10587 14822
10594 16702
10632 17127
10633 12511
10638 13430
10642 13503
10646 17006
10662 15529
10664 11727
10680 14239
10684 15491
10701 14573
10714 15956
10723 15318
10735 15833
10741 13543
10742 11749
10746 13729
10759 13030
10764 14001
10768 11818
10818 13651
10819 16467
10824 11997
10830 14561
10839 16713
10848 11538
10850 14533
10904 17731
10923 14459
10925 14029
10931 11730
10932 16253
10936 13968
10949 11492
10954 11685
10956 16104
10965 16958
10970 16956
11002 15346
11018 11533
11035 14245
11040 11603
11040 13991
11041 13887
11053 12700
11060 16958
11071 12985
11087 12010
11106 14210
11114 14666
11127 11849
11130 16580
11132 15609
11158 17107
11168 11909
11175 13410
11176 15560
11178 11370
11181 14044
11187 14390
11216 14233
11222 15594
11227 17613
11250 16780
11252 16382
11261 15386
11265 11774
11338 15703
11350 16444
11377 11839
11395 17331
11403 15595
11418 13917
11432 14820
11438 16559
11452 13836
11454 14512
11454 16983
11455 12603
11461 12780
11468 17693
11484 14605
11495 13684
11519 17283
11523 17585
11546 14755
11548 12018
11558 16516
11570 14926
11577 11710
11586 17475
11586 17667
11594 12331
11598 15134
11607 17309
11607 17758
11615 12159
11629 15775
11630 17299
11633 13097
11643 14823
11646 13548
11698 12299
11699 15746
11703 11972
11732 13958
11747 15653
11748 12343
11765 17171
11767 13186
11773 16027
11818 17051
11850 14948
11854 17411
11901 15409
11911 17714
11932 12056
11936 12941
11962 15729
11998 14006
12007 14167
12015 13632
12027 15144
12027 15468
12033 17651
12083 12294
12084 13466
12120 15611
12133 13640
12139 14807
12173 14628
12202 14149
12247 14160
12261 15497
12268 14300
12268 15796
12285 13163
12346 16725
12366 16461
12388 15324
12407 17466
12438 12530
12452 17635
12455 14467
12462 12993
12478 14826
12478 16754
12493 15846
12498 14477
12501 13752
12502 14323
12511 14310
12518 16528
12519 14491
12522 17436
12544 14483
12547 16691
12550 13915
12557 14726
12563 16115
12569 14840
12600 13757
12625 17596
12629 16985
12631 13554
12631 16352
12635 16427
12636 15672
12664 16126
12682 14594
12692 16143
12693 14592
12709 16194
12712 13724
12716 16758
12801 14117
12802 17349
12808 13979
12818 14968
12822 14476
12845 14145
12853 17611
12935 13411
12935 14174
12935 17395
12963 14873
12970 14006
12972 15059
12980 15353
13001 16531
13027 14311
13032 16090
13048 14120
13059 16209
13070 13684
13098 15089
13102 16371
13121 15040
13140 13353
13153 16113
13185 16354
13227 15722
13249 14447
13272 16537
13275 16783
13284 17364
13316 14379
13377 13546
13390 15512
13408 17451
13411 14077
13426 16780
13474 16394
13520 13624
13539 13778
13551 13661
13556 15813
13564 15148
13586 15709
13599 14763
13601 17523
13612 15757
13631 15267
13670 13886
13680 17754
13682 17290
13683 17691
13716 17726
13734 16457
13788 15809
13862 13908
13909 15453
13934 17208
13937 15893
13943 17458
13945 16036
13975 15786
14009 17023
14012 16351
14049 14170
14057 16085
14092 15004
14101 15876
14124 17685
14149 15653
14176 17381
14188 17319
14190 17636
14230 15366
14240 14421
14277 17255
14284 15391
14296 14679
14296 16995
14303 16435
14305 16181
14309 17133
14332 15990
14344 17080
14352 16666
14375 16313
14403 15582
14441 17620
14447 14733
14472 17071
14491 15248
14549 17616
14561 17368
14637 14677
14637 17715
14642 17010
14646 17587
14692 15679
14708 16579
14834 15740
14842 15735
14883 16044
14940 15139
14940 17349
15020 16749
15030 16235
15052 17240
15073 16088
15073 16813
15084 16762
15116 15219
15129 15196
15135 16163
15135 17499
15157 15183
15166 15646
15169 17363
15174 17051
15214 17460
15308 17635
15315 16486
15337 17624
15434 17533
15450 17725
15454 16652
15486 15831
15534 16526
15623 17089
15641 17686
15648 17579
15685 16702
15835 16920
15927 16641
15986 16038
15994 16449
15997 17025
16143 16305
16232 17436
16285 16832
16398 17664
16404 17194
16410 17662
16462 17620
16469 17114
16478 16944
16480 17266
16724 17485
16742 17220
16933 17032
17220 17749
17466 17637
17834 20512
17847 19514
17879 19625
17886 19558
17886 20747
17979 18919
17984 18250
18036 20571
18118 19720
18210 20046
18226 18739
18244 19465
18280 19813
18300 20547
18342 20248
18374 19285
18420 20755
18443 19543
18561 18898
18579 19109
18604 20234
18625 19685
18672 18682
18681 19311
18686 20095
18740 19367
18755 20080
18822 19158
18883 20153
18939 20595
18940 20379
18989 19040
19053 20467
19065 20773
19295 19444
19309 20103
19343 19851
19419 19558
19428 19703
19461 20522
19526 20683
19569 19711
19622 20456
19677 20437
19899 20272
19925 20484
19940 20115
20035 20527
20236 20360
20808 22490
20892 23346
20903 21582
20914 23397
20930 20952
21085 22272
21132 24217
21184 21489
21203 23082
21275 22829
21301 24645
21321 23423
21339 22738
21349 25003
21404 21545
21446 24954
21469 23061
21489 22289
21501 24659
21528 23412
21564 21589
21604 23902
21666 21795
21697 22004
21702 24943
21742 23000
21784 22020
21878 23321
21977 23447
22015 25002
22030 24112
22057 23086
22088 23961
22092 24282
22155 22639
22236 24792
22273 22858
22277 24154
22290 22541
22298 24320
22327 23628
22546 22965
22655 22956
22670 24587
22673 22959
22769 23543
22837 23280
23099 24787
23225 24408
23260 24818
23303 24404
23348 23376
23470 24238
23506 24836
23564 24935
23671 24527
23811 23860
