1000
11 13192
23 24263
42 9713
54 16206
68 10020
76 4676
95 1564
128 3605
132 24707
148 22452
156 2395
157 681
201 23530
217 7174
218 25064
221 16999
221 25687
234 10260
256 5453
259 9890
263 7574
270 12528
278 18068
297 23881
305 1838
311 19799
319 23618
351 3019
351 6223
390 11235
391 11590
398 18425
415 24355
442 4999
453 5479
462 19933
477 6844
493 12051
494 22970
514 6340
542 7324
554 3602
564 24370
565 11672
573 5924
577 6701
588 3207
588 19210
597 24698
610 15907
624 14440
655 5806
685 13942
692 3245
705 11384
717 20882
734 4251
767 9015
776 14334
777 22064
816 15746
819 24411
820 23973
821 22614
826 23050
832 11940
837 4703
853 2610
853 5686
871 6788
871 8404
881 11636
881 22414
895 9699
896 4182
904 3949
933 22580
962 15705
979 23930
983 14641
989 7706
1001 9778
1005 12422
1006 20295
1011 12777
1020 3847
1026 16092
1033 23685
1043 22546
1073 5390
1076 11600
1085 19872
1150 8736
1151 13690
1170 23740
1173 6801
1185 17526
1220 8185
1223 15918
1230 25151
1243 9221
1248 9765
1253 9431
1253 9832
1258 5440
1275 22601
1283 15203
1313 23415
1321 18272
1327 8541
1328 15147
1339 21000
1344 8185
1380 15098
1385 11337
1388 19230
1395 9699
1427 3186
1430 2641
1462 21408
1488 21531
1500 7467
1528 2917
1533 20587
1546 14380
1592 9455
1594 23716
1612 5611
1617 7843
1621 9333
1638 11234
1644 5670
1664 23800
1669 15125
1675 10888
1679 2155
1725 16986
1739 15035
1785 19301
1795 11950
1798 25005
1800 21699
1804 5940
1806 11863
1813 14186
1814 6151
1829 20602
1833 11587
1836 8548
1836 25965
1840 12546
1843 3573
1850 2445
1857 8061
1860 18024
1864 13315
1865 22417
1867 21771
1881 23894
1885 5956
1892 15449
1942 22507
1942 26343
1966 16882
1979 6142
2014 6809
2021 10469
2054 3209
2059 6096
2089 3417
2091 12498
2104 23678
2114 5282
2187 15418
2192 8625
2195 24663
2196 7664
2204 11443
2206 10162
2217 26345
2221 22018
2228 13757
2231 19924
2243 16772
2324 13496
2346 18130
2353 7429
2380 8392
2437 19623
2486 4121
2493 19742
2500 25760
2508 18918
2510 4209
2536 7747
2547 3640
2547 6467
2561 19811
2582 3059
2582 13568
2596 13480
2602 11610
2628 4422
2636 18738
2653 16157
2679 6373
2690 18904
2690 19210
2691 3867
2694 14413
2694 18890
2701 17078
2702 13749
2704 11427
2715 23882
2716 26382
2728 16948
2731 19077
2733 3703
2786 13047
2802 19090
2828 26156
2851 20023
2878 13392
2880 3342
2882 3882
2882 11655
2882 18274
2903 20394
2913 11959
2917 17363
2940 17573
2947 18312
2947 20669
2948 5038
2961 19585
2961 24578
2985 7804
2994 15084
3014 25458
3043 11819
3048 11239
3051 4391
3056 3744
3080 7925
3089 15070
3094 3942
3144 12669
3150 10731
3150 26051
3203 18397
3211 19145
3215 10142
3241 18312
3255 12533
3267 25172
3286 3761
3294 17442
3297 15091
3311 13647
3321 4568
3323 24037
3327 12504
3347 18147
3348 17070
3363 17910
3379 12767
3380 7264
3394 26071
3398 3893
3409 22668
3412 22231
3415 13529
3453 11183
3470 22749
3473 12956
3477 22544
3486 26439
3496 3903
3536 22482
3539 7892
3544 8323
3548 11032
3553 23590
3567 24277
3582 26216
3584 4597
3591 7471
3599 22027
3606 8275
3613 20782
3614 4008
3640 5877
3642 19691
3643 18741
3650 12270
3678 7431
3707 14271
3731 14108
3733 9768
3743 21851
3751 26419
3761 18207
3763 8078
3766 13705
3776 7943
3778 22338
3778 25291
3792 10787
3811 7558
3817 24183
3821 6643
3847 9983
3868 5600
3878 4095
3898 15759
3931 8977
3937 22129
3950 23415
3951 24279
3961 12569
3964 13280
3968 8131
3980 5680
3987 16038
4007 9496
4032 26033
4046 19794
4064 7196
4080 14127
4113 16477
4116 16721
4160 18827
4172 16342
4186 5546
4191 17942
4200 4654
4214 19907
4229 18878
4253 13889
4254 21880
4272 10079
4272 25880
4284 14138
4284 16789
4309 25881
4312 10974
4330 22281
4333 26095
4350 10157
4373 11927
4376 17787
4409 21891
4433 6296
4439 15724
4441 6585
4448 5960
4461 10873
4461 26126
4462 18164
4482 14732
4483 8725
4495 25132
4511 10614
4519 9827
4547 7910
4552 12865
4559 23031
4592 15463
4596 10258
4599 23624
4634 23724
4638 13747
4656 24970
4658 17539
4683 15315
4692 22790
4766 7890
4768 22483
4775 25981
4777 7155
4786 20776
4788 5842
4830 23991
4857 12902
4874 19450
4896 11803
4902 15926
4904 7402
4937 7793
4956 15193
4956 18838
4978 13235
4988 21353
4990 12044
4993 14767
4999 20397
5004 19041
5021 11678
5047 21288
5087 9344
5109 19469
5151 25382
5153 10469
5156 23201
5171 21080
5194 16740
5219 8239
5220 14435
5221 10298
5225 14642
5250 21157
5256 16000
5272 5417
5274 24898
5287 26059
5328 7586
5328 11677
5333 14235
5336 16712
5469 7252
5470 20228
5473 18445
5476 13105
5499 7567
5525 5599
5560 20707
5575 15927
5626 20492
5632 18296
5666 15820
5717 24133
5755 6541
5837 10852
5839 7185
5848 18159
5857 12690
5861 11902
5868 13385
5905 16037
5910 20374
5915 14235
5923 8467
5963 5977
5969 23702
5982 9550
5997 15696
6000 8630
6011 10240
6016 14511
6018 8092
6056 20381
6059 13370
6064 23322
6074 6285
6137 14130
6144 13647
6175 25091
6192 16447
6197 17220
6197 20888
6214 20417
6224 22714
6237 14901
6246 11982
6247 19554
6257 10577
6271 21126
6298 24858
6318 8961
6336 12896
6354 23862
6427 17167
6444 10305
6462 20413
6475 23805
6495 7370
6502 14848
6579 13215
6585 23494
6597 11868
6604 17021
6648 11424
6650 19373
6651 8384
6653 8497
6712 18103
6714 8597
6714 21801
6722 23788
6743 13754
6765 25115
6800 14210
6801 8086
6804 8936
6831 8828
6845 13035
6858 23786
6878 17222
6896 7036
6915 8115
6937 9497
6952 17693
6959 11148
6962 10883
6963 21700
6981 10487
7001 19317
7005 15116
7017 17248
7041 17416
7042 10642
7042 10990
7043 17393
7076 7231
7100 26106
7125 10814
7127 7777
7127 14938
7147 25923
7155 9975
7163 12736
7185 25405
7199 22287
7210 21893
7218 14036
7252 8034
7274 18157
7284 10581
7289 23430
7324 24690
7367 16127
7367 20935
7386 23676
7393 15431
7465 7746
7494 10748
7494 24875
7521 8991
7521 22033
7551 14655
7570 14105
7602 11419
7604 23296
7630 24906
7637 7932
7659 23970
7686 8268
7687 13037
7720 18726
7725 19114
7727 15654
7735 12688
7753 16891
7764 18349
7777 17375
7777 23217
7804 8384
7813 16341
7819 23731
7824 11249
7834 11281
7839 18721
7867 26438
7874 19149
7882 9552
7892 9416
7893 15907
7899 16368
7945 22158
7965 19682
7975 16495
7982 15707
7992 19350
8030 23077
8049 19669
8123 20874
8148 16451
8151 12624
8155 11088
8187 13742
8250 11421
8272 16142
8326 25493
8328 19929
8361 20753
8369 16386
8382 12467
8393 21433
8418 14434
8426 16637
8435 14508
8440 9490
8449 26272
8470 15224
8492 20745
8507 24962
8532 11993
8538 16753
8569 16156
8569 20471
8570 10873
8620 20449
8636 25614
8665 21152
8714 13389
8734 12778
8734 25291
8764 17846
8774 9529
8780 11286
8808 15339
8858 10881
8861 24610
8881 17684
8934 19543
8935 24048
8936 24090
8951 10544
8957 26054
8976 9668
9004 10487
9014 20708
9030 20836
9067 17824
9084 12987
9097 9364
9126 12000
9126 24172
9164 14999
9179 19192
9205 25965
9279 18776
9314 14241
9331 18388
9343 10872
9362 22163
9388 13600
9388 14536
9402 15070
9418 16926
9433 22428
9444 18220
9453 12553
9531 18278
9584 10798
9591 18128
9629 17582
9676 18410
9714 10607
9717 17281
9725 18100
9726 18836
9730 24262
9732 19747
9765 18510
9771 25458
9777 12188
9791 13648
9841 16055
9844 11675
9881 25634
9894 21640
9898 11156
9931 11376
9943 21596
9946 12209
9990 13215
9992 21236
10004 12870
10012 17749
10032 15770
10053 12134
10081 11798
10094 14202
10120 17977
10147 13552
10181 15280
10182 13776
10189 25641
10209 11438
10226 15470
10292 19021
10302 21516
10308 13425
10399 11455
10411 16396
10438 16772
10449 15524
10474 26376
10492 16773
10563 17661
10599 20855
10599 21800
10625 18310
10697 24996
10705 19013
10806 13900
10807 12480
10860 13043
10866 22910
10880 11748
10881 12220
10881 25596
10885 19504
10889 17621
10896 11925
10911 18126
10934 15183
10952 20629
10966 11372
10981 16145
11011 18139
11018 17528
11021 26378
11060 15717
11060 23442
11081 12033
11090 12535
11094 15272
11106 23622
11116 12900
11124 26131
11128 26237
11156 17393
11157 14667
11172 23134
11176 25003
11177 20611
11181 23534
11200 24257
11234 14663
11273 14534
11329 22347
11383 23450
11401 24094
11420 19180
11462 13925
11471 16866
11495 20345
11512 18314
11525 13070
11616 12718
11620 21236
11750 22086
11803 18318
11830 24321
11832 22673
11837 20898
11869 24229
11871 21554
11895 23389
11898 12485
11900 22233
12047 14108
12179 24710
12205 18826
12231 19749
12270 14627
12271 21553
12297 12736
12299 19459
12303 19741
12305 16113
12315 19356
12347 24956
12366 19824
12402 17826
12425 15934
12445 24375
12478 26035
12498 16522
12498 20975
12507 18706
12527 13392
12527 16112
12541 24164
12547 19912
12586 19046
12627 23814
12693 25509
12737 16509
12756 23329
12810 15871
12843 15965
12921 21276
12990 16693
13002 17079
13008 14756
13017 21268
13027 25605
13032 18214
13060 14265
13164 15247
13175 25216
13184 23044
13212 19885
13260 21302
13281 17645
13309 16498
13377 13526
13389 24162
13552 21749
13578 17695
13650 24547
13695 24853
13723 25785
13730 15213
13743 24654
13762 25695
13822 15023
13837 15140
13871 21094
13881 15994
13909 25411
13925 15595
13926 20155
13974 14148
13998 15056
14021 22517
14052 20745
14106 16572
14147 23241
14168 16552
14183 16704
14188 14732
14189 19855
14284 16864
14296 22095
14309 21815
14321 20088
14371 21538
14407 22571
14441 14959
14503 15654
14509 15600
14511 21401
14530 22993
14568 18779
14586 16023
14591 18517
14648 15908
14710 26218
14775 18787
14776 15777
14823 23768
14842 16876
14855 26016
14898 19033
14955 19395
14956 22456
15009 15433
15015 15098
15022 15174
15028 20660
15058 18693
15110 21902
15116 17060
15130 26045
15144 15805
15210 21760
15212 15847
15247 24483
15269 21394
15272 17019
15315 24874
15357 16439
15373 18955
15473 21375
15495 26014
15529 20547
15542 17999
15548 21131
15552 26208
15625 24586
15660 23202
15663 24987
15693 16878
15694 22830
15702 25216
15704 20747
15713 21949
15826 21209
15924 18815
15950 21503
15967 21209
16021 18847
16030 23476
16033 19288
16046 16344
16090 24104
16107 22893
16113 20049
16163 20261
16190 25240
16253 24592
16258 26030
16271 17797
16285 20070
16292 17213
16351 19365
16438 18639
16491 19949
16524 18454
16534 22127
16564 21350
16582 19741
16622 21433
16639 21745
16646 21905
16691 25440
16744 23625
16760 19449
16788 23427
16793 20603
16902 21545
17056 25211
17063 23925
17180 21410
17203 17726
17210 26439
17300 23775
17333 17884
17344 20718
17422 23327
17479 18044
17479 23451
17490 20457
17518 22496
17526 20004
17661 20391
17680 19069
17732 23446
17747 23786
17762 25736
17784 21207
17857 22937
17863 23139
17919 23347
17930 23772
18004 18154
18232 23541
18474 24369
18491 22146
18578 20702
18750 23722
18849 20411
19038 24722
19046 25160
19097 21109
19112 25584
19145 19961
19370 25881
19566 21917
19587 21625
19610 20530
19785 21917
19885 23722
19925 24613
19970 22480
20033 24344
20134 22436
20155 23785
20160 23427
20216 23413
20240 20640
20242 26114
20256 25097
20293 20885
20530 23319
20536 22221
20536 24781
20546 25389
20587 25955
20860 21886
20933 21629
21081 21578
21180 25516
21186 21381
21222 22571
21311 25883
21404 26419
21465 22875
21704 26181
21813 24216
21976 26126
21995 24097
22111 23834
22180 25744
22243 25695
22299 26515
22534 24676
22549 23058
23026 26029
23050 23967
23240 26075
23257 24742
23797 25891
25034 25213
25428 25887
