1000
9 9405
15 15192
33 20116
44 281
61 15049
69 4887
82 1279
82 11483
86 4027
99 12083
114 2114
120 10752
139 8494
139 20296
150 14109
152 15912
170 14884
192 17828
201 8598
206 19322
216 12697
221 15077
223 13389
224 10116
224 17794
233 6694
237 18637
266 13288
270 7195
276 15839
283 13626
297 19348
316 6238
326 13693
327 11147
334 3302
340 3163
371 12279
382 3870
382 20997
384 2560
387 4467
392 7982
439 13085
441 17389
448 16854
466 19565
490 1627
490 1821
495 6135
511 970
523 19334
562 11144
577 10616
580 3057
599 5247
602 9812
605 11514
618 20737
640 6694
653 10724
655 2363
669 720
669 13788
677 12382
679 21636
694 807
694 16465
706 8014
730 19401
731 20789
746 13977
751 21785
758 1009
781 1419
783 2099
807 17719
813 22328
819 872
829 22404
840 13916
853 7734
874 11400
891 6470
912 14659
926 15549
929 11481
931 1626
970 11402
973 5664
974 8918
976 11506
980 2636
985 3846
989 10929
994 18554
1004 15874
1004 19724
1024 20758
1025 1356
1036 17523
1037 6212
1051 7489
1053 5427
1063 3355
1090 8328
1103 5869
1118 17853
1136 2059
1160 21042
1166 6473
1177 1984
1197 7892
1198 1447
1202 1703
1203 12111
1205 12962
1212 2199
1220 12548
1228 17891
1242 5823
1242 19383
1277 4289
1285 21091
1288 6186
1292 17861
1295 1679
1299 20609
1369 20282
1371 7892
1395 8806
1399 4696
1402 21085
1408 19599
1415 8605
1440 20030
1457 9794
1465 8486
1472 15305
1483 4298
1483 11073
1485 19996
1488 6380
1488 6745
1495 17642
1512 16088
1537 9958
1554 13719
1558 2733
1568 21054
1598 21879
1609 19935
1615 5241
1617 15572
1633 15046
1651 2345
1651 15947
1661 4435
1687 2258
1687 12165
1696 16541
1699 11208
1702 13939
1736 3471
1737 6500
1766 18870
1794 8929
1807 14629
1840 15316
1848 4718
1853 15181
1864 10200
1931 6686
1936 7662
1952 4305
1956 2255
1964 4247
1968 17668
1995 19138
2005 8743
2007 12498
2009 10149
2036 2269
2042 6067
2048 17929
2052 16275
2072 18846
2101 11597
2112 2437
2137 4027
2165 14505
2174 7906
2179 11604
2181 17110
2184 9627
2188 4419
2201 14623
2203 10263
2221 9149
2224 12856
2226 17950
2227 13859
2233 18483
2238 21489
2248 15801
2257 6660
2261 8690
2266 21193
2269 12939
2270 16538
2301 3786
2306 2852
2314 8513
2327 19141
2339 7943
2345 14233
2378 7000
2378 9941
2403 16278
2417 14127
2471 6527
2477 11060
2481 5165
2516 14655
2523 19141
2568 5343
2573 4014
2592 20390
2601 11307
2645 4409
2679 17143
2690 11481
2694 19942
2696 7714
2705 22066
2708 8728
2712 3162
2727 10691
2729 14001
2730 20217
2741 13581
2742 10810
2745 12316
2765 21397
2837 19336
2845 11093
2845 13022
2852 13440
2855 9837
2871 9910
2885 4578
2891 10341
2917 10143
2917 19210
2988 8441
3038 11453
3055 7030
3065 21274
3066 12342
3073 4869
3078 15732
3080 9203
3117 13471
3129 5076
3129 8071
3135 15826
3145 22536
3160 8982
3160 20936
3177 10222
3185 10701
3195 4122
3213 21926
3214 8396
3222 21940
3229 20449
3252 13422
3278 4560
3282 18272
3285 5471
3287 19431
3301 14427
3301 14709
3302 3827
3307 8681
3307 12789
3318 9533
3322 10685
3323 12645
3339 21734
3342 8446
3352 7977
3353 20838
3360 16465
3364 9283
3379 17098
3417 13317
3454 9104
3470 6053
3477 7357
3480 5617
3482 20007
3494 20515
3497 6534
3534 12527
3537 10334
3541 20144
3547 9660
3547 16045
3578 4841
3592 4577
3598 4362
3637 8617
3647 8304
3647 10301
3647 17696
3665 20986
3666 6460
3697 5283
3709 6348
3739 8403
3777 17860
3779 10313
3786 8925
3790 14610
3797 17663
3809 11671
3827 5150
3844 11409
3853 12917
3902 13910
3908 11297
3911 7220
3992 18941
4008 14207
4012 19167
4019 13728
4034 9857
4045 16554
4058 14925
4067 17014
4102 13273
4109 9974
4118 5153
4122 16051
4122 20723
4140 5771
4152 13628
4159 6045
4161 16629
4162 8715
4175 15402
4187 13983
4188 17653
4201 18569
4216 18293
4218 16885
4224 11501
4228 8011
4229 13239
4243 19230
4249 14239
4252 15314
4257 7575
4293 14321
4309 8139
4311 8261
4315 12768
4330 12028
4341 12964
4346 18031
4358 5305
4400 4578
4401 16962
4409 13250
4418 16743
4426 11187
4453 10769
4456 4811
4456 12489
4473 21421
4475 9150
4475 17564
4482 12992
4493 14766
4503 15953
4513 20903
4514 8047
4515 11595
4520 7163
4549 13870
4552 14828
4553 18738
4562 12080
4564 9538
4599 13316
4610 18166
4644 12398
4667 15391
4672 20750
4690 7382
4698 16705
4704 6410
4704 18209
4706 11165
4716 20722
4722 8721
4722 11072
4737 14023
4757 19322
4765 14210
4773 11222
4812 7675
4837 8293
4843 8045
4857 15204
4912 19506
4925 8619
4940 12930
4947 18505
4959 10946
4960 16440
4961 15693
4982 13339
4990 21884
5001 18301
5030 15986
5035 8580
5037 7062
5052 8970
5084 11625
5109 12646
5128 8782
5134 6426
5149 17920
5154 15388
5178 6263
5200 5788
5215 15496
5219 5251
5231 8283
5231 9073
5244 15536
5247 21302
5259 9502
5259 19353
5278 17285
5296 16917
5305 20182
5307 6668
5336 6035
5366 6566
5367 18670
5394 12901
5395 10825
5408 8009
5408 10351
5456 20433
5459 21475
5490 18589
5498 14655
5500 7701
5529 6675
5556 7577
5564 20391
5569 7365
5613 7734
5636 6532
5644 7807
5646 8086
5651 5814
5671 19070
5675 16522
5679 14493
5704 9389
5705 8256
5713 11868
5732 7351
5741 22277
5745 10199
5756 11110
5774 10047
5797 14578
5804 7229
5810 20272
5822 20749
5845 9512
5848 14094
5849 22111
5855 9236
5858 7668
5866 6680
5900 10973
5907 20288
5917 14403
5945 8643
5948 11940
5982 21593
5992 9069
6006 7690
6039 21373
6047 7609
6048 13718
6098 9017
6102 17288
6105 14125
6105 18134
6108 6544
6111 12110
6124 7293
6125 18103
6131 11143
6135 20210
6150 15192
6153 8724
6180 7815
6213 13888
6237 17549
6248 17981
6252 18785
6264 17943
6268 16303
6271 17717
6289 19765
6319 19026
6344 15562
6349 8693
6349 12033
6382 9971
6390 14260
6396 11350
6397 16492
6398 12815
6402 10090
6419 9671
6428 13228
6444 21880
6471 9384
6483 18722
6527 21541
6534 22562
6572 11001
6611 11356
6616 17480
6623 16910
6625 13275
6628 20842
6648 19029
6674 15990
6674 21648
6686 12851
6699 8636
6701 20591
6704 21799
6712 15734
6735 11385
6744 13475
6757 9608
6780 21104
6787 20049
6808 16952
6877 9727
6877 14016
6885 7589
6889 20665
6896 13291
6942 15112
6972 7752
7052 16432
7055 20091
7057 8641
7060 14025
7073 9469
7087 13163
7121 16291
7166 19634
7181 17411
7264 16932
7269 10932
7307 8809
7310 7674
7310 18633
7341 8136
7371 16888
7395 9515
7452 14921
7509 10638
7513 11546
7542 17132
7572 20733
7578 12819
7590 19117
7605 17783
7608 13425
7616 8310
7647 21714
7658 9664
7662 17592
7669 11487
7676 13123
7740 21692
7743 12957
7748 8560
7749 13073
7755 22328
7756 19725
7768 15213
7785 14255
7790 9623
7820 18606
7837 8218
7837 21611
7861 12277
7905 13888
7909 9976
7918 13206
7935 12663
8004 11545
8019 11105
8060 8227
8078 9245
8092 18534
8093 8122
8114 8445
8127 8342
8145 13631
8146 15831
8161 11014
8163 10137
8183 16393
8221 17596
8260 21557
8261 11569
8281 19415
8306 11868
8307 20353
8323 12999
8330 14457
8427 15341
8454 22079
8495 9743
8512 10775
8531 12003
8548 14195
8552 14893
8665 14276
8666 9096
8676 9499
8698 16941
8710 11381
8730 11578
8731 13206
8780 9973
8788 20026
8792 20554
8797 14999
8806 13720
8816 18936
8889 18290
8890 14487
8892 14356
8899 21368
8918 18534
8925 14590
8933 12459
8955 18134
9012 21506
9013 20875
9019 13370
9049 16292
9066 12194
9079 10195
9084 17899
9096 12314
9102 19603
9109 10648
9147 11577
9151 19402
9164 15815
9192 12536
9213 10643
9216 12112
9239 9567
9249 20784
9255 12856
9258 16642
9287 21546
9323 16796
9328 20240
9335 14898
9340 21330
9357 20272
9363 15192
9398 12453
9403 11739
9403 12122
9405 12083
9474 16054
9509 20240
9542 17054
9554 13583
9554 21599
9590 17983
9600 15148
9610 11870
9635 17329
9641 9722
9660 21584
9672 14797
9689 13824
9759 15453
9805 15890
9809 14809
9813 15297
9853 20396
9856 20372
9938 20886
9940 12988
9962 17887
9976 13813
9994 14331
10073 11625
10100 17499
10152 11509
10153 13079
10187 17571
10189 18657
10199 17994
10243 11741
10277 19568
10283 17553
10322 10838
10326 11794
10379 20263
10389 12800
10423 15409
10464 13644
10467 13798
10524 12449
10531 21502
10538 12523
10538 12844
10552 14974
10553 22225
10573 17795
10588 18074
10609 22615
10616 16637
10634 12155
10634 17481
10681 17932
10698 15952
10708 10903
10714 14046
10725 13514
10745 13697
10792 21981
10794 11868
10795 20617
10798 19547
10807 21153
10826 11581
10828 13698
10837 18681
10875 18129
10891 13517
10892 14178
10921 14267
10933 17884
10946 20003
10973 13107
10982 13041
11006 15499
11040 19592
11052 16091
11092 16654
11158 12637
11208 13901
11217 18276
11246 12325
11251 11616
11254 22041
11260 15982
11326 16045
11328 17326
11398 21799
11413 18027
11446 22642
11494 17307
11531 12820
11534 22578
11556 17416
11594 20939
11603 20844
11637 14517
11659 12909
11659 21344
11718 17976
11733 14476
11747 21599
11750 20136
11750 20396
11772 20544
11809 15003
11827 20381
11858 15499
11858 18730
11876 18986
11933 14750
11944 15147
12009 20336
12012 14174
12012 22667
12125 22350
12137 21767
12159 15518
12193 13761
12204 17692
12211 17828
12232 17719
12258 21788
12292 21361
12324 14752
12325 16798
12376 12921
12405 13472
12418 16248
12476 18530
12582 18432
12589 18396
12635 17720
12652 21272
12732 19679
12761 13293
12764 15673
12767 19910
12768 14042
12805 21645
12818 20540
12850 19156
12905 18690
12930 15891
12959 22106
12987 16138
13051 19364
13077 20406
13097 15703
13133 14940
13137 17732
13173 17370
13209 19338
13240 22184
13257 21713
13269 19430
13288 21600
13309 16266
13361 14317
13440 22253
13512 21748
13535 21459
13551 21715
13576 18823
13644 16298
13682 21801
13683 13965
13700 21033
13724 21732
13732 20920
13778 16190
13803 20255
13821 14249
13836 19607
13901 14048
13990 17834
14068 17121
14079 17839
14126 15515
14146 19627
14224 17247
14236 21681
14321 17304
14331 19111
14365 17364
14368 18939
14377 19038
14390 15803
14409 16610
14476 19980
14493 16339
14499 22515
14546 22342
14672 21059
14678 18996
14764 21680
14802 15267
14808 16634
14882 18361
14900 20952
14913 15247
14923 18211
15002 22265
15012 19344
15027 18644
15062 16052
15063 18398
15099 22508
15151 17436
15192 15223
15230 17170
15251 20492
15264 19866
15317 15607
15326 20838
15373 16342
15484 16054
15497 17201
15512 19569
15561 22194
15606 22120
15715 21074
15735 21923
15808 16209
15808 17192
15845 17886
15869 22383
15871 17613
15890 16400
16049 19679
16078 19517
16078 22066
16156 22508
16190 19430
16239 18372
16301 19841
16301 20451
16483 21494
16558 17582
16558 18423
16562 19201
16662 19228
16665 17153
16706 16795
16772 18336
16825 17117
16885 18049
16919 22479
17118 17589
17273 19423
17279 18710
17499 19245
17511 19284
17536 19703
17593 18514
17596 20951
17601 20401
17612 18043
17628 21980
17650 20571
17700 20431
17761 21225
17795 20873
17810 21112
17835 20482
17891 22452
17962 19979
18056 21573
18081 21800
18093 21218
18171 19483
18226 22271
18231 22161
18284 21265
18348 22662
18369 22333
18444 18480
18482 22003
18508 22636
18535 22282
18683 22471
18688 20689
18739 19856
18763 20935
18791 19633
18797 20834
18826 19402
18926 21524
19128 22445
19388 20834
19692 22041
19804 21524
19826 22591
19944 22157
20272 20903
20308 22021
20482 21341
20751 21256
21113 22207
21199 21818
21344 22514
21450 22405
