1000
30 14937
38 15827
54 5448
64 34851
133 22789
162 27979
176 27712
177 11700
177 19329
208 14515
223 10334
233 2026
258 20483
270 4414
302 966
350 20705
396 10923
416 25022
461 25401
487 16905
510 32613
511 11138
518 15656
522 1001
529 7254
529 24089
535 32820
544 1975
578 1280
621 15725
636 2922
711 13135
717 31093
743 13237
756 29784
765 3966
772 18238
776 31119
797 1565
819 22798
834 15023
840 7336
869 21566
874 35253
877 8586
880 25052
885 30956
893 29764
899 29631
1039 4096
1047 4003
1057 22354
1061 22586
1061 23092
1086 9726
1116 2013
1121 13292
1128 3923
1142 33743
1169 25046
1171 4392
1174 27726
1212 35785
1235 26067
1249 15593
1283 25975
1338 35988
1340 31366
1354 2196
1360 4614
1381 11348
1406 2695
1413 31483
1481 6428
1487 22826
1491 9043
1492 22214
1501 20241
1505 3559
1517 21428
1522 1638
1522 17161
1525 4424
1537 19948
1540 4671
1542 33250
1543 33019
1563 29792
1566 9823
1572 18152
1626 6534
1677 10802
1744 32520
1747 24023
1805 11340
1807 35619
1817 32263
1847 12268
1916 30641
1934 24979
1937 11314
2004 21379
2045 23495
2060 31864
2078 5966
2094 31360
2106 21961
2106 35844
2116 35991
2142 6364
2165 6707
2197 5840
2197 6096
2205 31195
2209 17747
2211 6848
2221 11994
2222 5469
2241 13894
2243 21782
2244 20285
2273 32731
2301 2415
2325 13028
2342 19992
2349 22959
2352 35841
2376 34662
2377 8070
2392 30878
2395 2527
2413 3707
2420 12089
2460 19550
2471 32530
2495 7439
2499 10776
2501 4282
2525 27101
2531 2997
2580 9590
2592 10834
2612 11617
2620 20313
2627 9546
2660 17234
2662 19728
2678 9052
2681 10210
2683 4465
2699 13156
2705 5294
2714 13500
2714 31657
2725 25998
2726 17071
2746 28164
2781 31291
2784 3263
2799 18610
2811 34026
2844 15798
2846 20618
2867 30597
2879 17165
2893 15544
2900 34880
2911 27603
2932 30920
2938 22505
2962 13201
2990 16149
3007 33187
3012 8784
3026 16788
3028 13652
3028 26356
3038 14587
3065 26175
3068 13883
3069 33690
3112 33481
3159 18028
3170 7870
3181 8101
3181 31982
3198 18788
3205 33381
3227 16828
3255 6611
3268 17010
3308 4701
3350 25318
3361 26039
3432 19464
3448 22396
3450 6180
3453 12827
3501 11698
3520 16989
3522 25920
3555 28774
3569 12832
3579 10475
3591 13189
3601 25032
3602 9094
3626 6478
3631 33026
3669 12370
3702 34694
3732 23941
3753 34465
3756 7039
3771 5586
3784 28392
3835 8239
3848 23703
3850 19766
3895 23072
3918 15548
3943 6350
3959 21186
3959 25056
3991 10256
3997 11246
4056 6104
4071 34762
4106 14512
4115 7765
4128 30373
4147 5422
4148 17943
4151 13614
4177 11684
4198 24402
4232 16897
4232 21558
4236 14889
4240 28675
4313 4771
4314 7658
4315 32962
4329 28655
4375 22192
4422 17788
4445 16967
4554 12768
4573 13813
4574 23097
4580 14082
4595 15458
4599 30135
4606 27138
4640 28710
4645 23572
4662 21055
4669 5125
4669 17520
4688 16088
4693 7883
4698 29928
4761 8364
4798 35268
4822 13614
4830 23616
4837 5985
4860 9896
4876 17075
4884 28265
4903 6153
4965 30906
4975 27440
4993 31305
5018 35141
5081 24635
5092 28411
5097 10585
5123 5934
5126 19683
5158 20075
5160 20014
5204 27215
5205 9882
5237 28096
5248 21178
5260 12373
5276 18120
5282 19640
5287 16308
5300 14782
5311 34428
5317 15552
5349 32704
5349 33245
5350 28228
5406 17954
5420 31620
5424 13385
5447 21390
5483 13033
5537 13799
5544 23566
5564 14026
5613 19548
5624 10874
5630 14923
5696 16837
5728 15716
5755 32383
5758 20749
5808 27689
5824 16439
5826 13088
5826 28345
5832 16931
5840 5971
5846 24094
5856 16251
5871 29181
5888 27761
5928 26817
5932 21988
5974 27741
5984 18381
5996 8528
6002 9711
6026 34133
6043 7230
6097 21278
6098 24094
6101 6695
6117 10731
6138 10546
6146 24129
6179 16888
6180 18162
6208 32425
6215 30033
6240 7081
6243 9853
6250 14227
6251 14985
6275 13002
6299 24044
6304 29600
6324 23751
6324 28206
6325 7286
6354 22559
6403 19174
6441 24255
6463 8990
6496 6719
6507 32977
6543 26240
6545 7384
6554 19592
6586 15197
6632 8850
6638 29181
6644 16039
6652 15198
6670 8923
6676 25347
6756 22960
6804 9848
6816 16835
6831 29936
6846 20877
6851 18200
6862 14027
6906 22657
6922 35110
6925 34711
6954 22354
6976 24655
7016 13264
7021 10467
7021 21965
7039 22198
7040 30238
7047 26643
7071 21147
7084 12467
7096 34342
7116 26441
7125 11082
7147 28814
7153 32647
7165 7716
7177 12481
7221 7519
7237 10316
7246 10524
7281 25861
7312 29933
7363 16096
7401 14544
7417 34885
7552 32324
7557 35008
7659 11231
7681 12679
7681 28222
7715 26600
7722 14834
7736 17083
7750 8383
7753 35530
7781 29490
7784 31829
7791 11940
7814 27431
7818 29020
7820 33499
7845 27813
7849 15790
7860 8065
7868 32181
7883 24714
7938 23263
7968 10788
7976 17841
7990 10503
8014 26329
8033 12425
8174 36656
8214 25680
8217 24360
8238 9187
8240 22354
8361 21728
8367 16614
8380 32079
8391 34072
8407 23673
8409 16866
8412 30268
8423 19895
8433 27826
8453 22468
8462 33121
8491 9577
8500 11700
8503 12436
8512 34434
8542 12968
8630 14896
8639 30503
8666 21578
8684 11190
8749 32544
8755 30167
8766 36078
8780 33497
8823 31463
8843 10849
8878 15638
8914 9937
9018 10054
9027 29554
9081 28205
9102 14066
9140 25031
9154 31717
9171 19890
9176 23395
9177 13585
9201 22357
9248 20604
9283 11826
9287 13890
9291 10984
9330 13385
9342 25472
9362 14883
9374 25334
9401 17826
9403 27821
9429 14805
9459 14430
9476 11101
9500 28636
9501 10860
9535 9658
9570 10779
9570 23972
9588 16513
9617 16783
9630 12596
9653 32491
9665 35105
9673 23242
9674 24796
9687 10657
9704 31321
9713 29479
9753 34299
9758 32815
9766 26724
9805 10855
9817 26644
9820 22522
9832 16779
9832 33606
9836 14301
9946 33994
9947 33568
9968 25069
9973 35570
9975 28946
10029 23629
10030 18256
10034 15490
10036 25065
10113 19790
10120 28001
10126 26838
10138 30708
10143 28422
10154 10657
10162 36349
10167 20540
10181 32677
10196 19339
10199 20565
10210 24370
10303 33775
10307 34499
10407 34809
10454 17764
10467 19350
10503 15409
10508 19620
10523 14060
10527 27272
10555 12008
10577 26724
10658 32052
10721 23717
10745 16980
10812 31059
10870 21001
10873 16007
10928 35935
10963 13364
10964 32718
11053 20472
11060 29164
11083 14457
11104 21369
11105 13961
11129 12685
11170 11702
11179 14753
11229 22615
11241 12425
11264 12933
11281 24134
11317 23048
11352 22625
11364 23923
11390 21101
11403 13639
11416 26781
11658 30031
11682 13610
11746 25308
11773 25202
11786 18151
11836 23406
11868 29356
11939 13963
11948 25809
11996 23306
11999 24625
12015 16502
12020 22427
12069 31891
12079 26777
12105 32340
12111 16838
12140 20725
12148 29710
12178 13036
12178 21502
12199 30399
12217 12727
12225 33350
12251 13894
12289 34394
12291 31783
12308 13890
12331 27387
12352 30528
12400 16985
12413 15357
12421 16736
12423 29189
12438 25144
12575 33700
12585 24732
12593 23744
12627 16928
12647 24894
12700 31021
12720 14441
12722 14548
12766 26376
12770 27543
12804 28948
12886 29102
12906 29644
12945 23636
13002 29522
13065 16074
13073 18598
13159 33489
13165 34190
13181 21749
13184 22472
13235 18327
13236 13746
13248 29357
13251 27107
13284 28658
13323 15533
13340 17151
13522 23459
13533 23401
13557 18825
13576 19908
13621 14452
13650 17804
13659 19536
13676 14088
13679 30737
13708 23986
13711 24672
13734 29634
13796 24911
13796 29936
13816 25432
13834 15280
13862 31266
13871 32645
13929 22647
13934 31968
13975 26518
13979 34553
14036 29606
14054 25143
14094 33490
14139 36181
14161 34513
14173 16039
14185 16033
14198 36615
14226 27599
14238 29314
14291 34915
14293 28260
14356 19411
14375 17922
14456 19639
14460 30492
14537 17241
14545 18075
14547 15757
14548 31372
14572 17826
14595 25346
14597 28292
14609 17235
14612 32427
14779 19641
14786 22510
14809 34885
14853 30091
14946 31002
14983 17316
15027 23874
15064 27350
15069 30086
15071 36334
15091 20856
15184 25742
15212 25371
15326 34779
15338 16479
15359 27094
15393 15626
15450 26945
15458 33338
15475 17519
15495 24044
15512 17905
15518 30657
15539 25022
15589 22394
15603 16259
15662 35379
15707 31290
15744 31883
15791 25977
15799 30826
15811 26396
15811 30066
15814 19858
15843 34964
15848 26280
15897 25861
15908 27623
15912 34968
15917 16152
15932 17050
16121 34683
16136 34786
16145 18741
16149 19285
16195 32292
16198 36117
16276 22670
16295 29783
16324 29723
16346 28158
16353 18511
16353 18952
16366 31678
16375 19633
16524 28049
16570 24326
16616 30868
16617 33597
16626 17187
16661 19183
16671 35634
16678 22073
16694 19660
16828 29707
16862 31548
16962 33741
16964 26321
17046 32967
17058 23876
17063 25276
17097 17282
17124 33935
17226 22160
17262 26328
17271 18289
17280 22236
17298 22165
17332 31501
17392 25015
17427 31677
17433 23124
17459 34142
17486 26646
17489 18160
17496 30058
17561 18473
17609 27501
17648 29188
17655 35905
17678 33149
17734 31845
17734 34123
17739 20159
17742 19685
17804 32512
17806 18171
17812 35502
17817 32195
17875 36330
17881 26199
17902 33973
17915 23803
17944 30827
17968 32916
17979 27062
18040 26663
18086 35070
18130 20172
18142 36427
18166 21181
18240 34581
18253 29829
18269 22818
18355 35250
18359 36195
18403 35371
18486 30854
18616 20901
18623 28330
18623 32051
18699 19676
18727 31457
18748 32289
18749 33496
18926 28482
19037 26976
19099 32029
19122 32820
19123 28682
19196 21393
19269 19446
19346 28773
19356 21593
19362 35361
19412 32627
19444 33030
19473 19674
19496 26715
19511 31086
19520 31278
19530 21252
19544 21344
19638 27381
19665 26268
19670 27034
19695 22323
19696 29647
19714 21509
19727 34553
19741 20278
19846 35641
19862 28168
19896 21431
19927 32275
20099 22339
20214 31853
20240 21378
20321 30546
20348 33765
20355 23820
20405 31289
20420 32803
20427 33605
20469 21646
20487 26229
20494 21867
20494 28359
20597 32403
20613 28129
20640 36448
20664 26615
20664 33388
20740 34886
20761 33326
20781 34483
20915 25050
20919 29046
20926 29416
20929 21371
21006 29168
21043 23317
21101 23435
21106 33187
21148 28957
21154 32901
21181 27402
21235 22647
21349 27200
21613 31528
21632 28693
21635 30677
21646 24123
21661 35290
21671 21844
21672 25109
21737 27810
21828 25054
21892 22659
21992 24013
21992 30168
21996 25210
22132 34469
22375 34027
22388 22826
22397 26379
22783 35409
22858 35185
22914 30253
22985 27951
23028 31100
23076 30940
23089 28142
23280 28091
23312 32850
23324 30770
23506 25981
23659 25117
23784 34558
23858 26392
23899 32929
23922 32119
23982 26004
23992 32531
24006 30196
24247 34931
24326 32306
24424 26589
24452 29225
24459 24730
24633 34250
24705 33364
24750 27806
24816 29086
24817 33101
24939 26823
24940 34350
25008 30991
25065 33004
25094 27999
25122 26261
25267 35042
25324 35248
25363 27089
25425 28539
25442 27907
25443 32753
25503 33343
25577 31209
25591 32033
25599 30045
25673 27813
25797 33238
25871 36368
25882 35101
25989 26391
26075 32159
26083 26412
26174 27436
26216 30595
26241 30043
26443 33340
26568 36461
26851 30291
26965 28436
27163 31125
27356 32206
27376 35902
27445 29376
27454 31287
27580 29995
27598 35540
27602 31034
27625 28084
27641 30694
27821 29421
27970 35843
28129 33415
28172 30516
28274 34982
28306 32916
28342 35564
28347 36268
28536 29548
28579 32563
28857 34762
28867 30106
28923 31412
29133 35148
29382 31329
29473 35199
29681 30270
30062 32731
30199 30926
30290 32053
30301 33855
30590 32719
30601 32169
30790 35841
30825 35985
30997 32350
31199 33572
31460 34538
31602 32437
31796 32563
31811 36497
31817 33391
31887 33315
31946 36195
31974 35692
32101 34819
32440 34498
32819 35960
33052 34516
33054 35061
33388 36048
33441 33645
33553 35673
34306 34310
34337 34606
34651 36376
34819 35952
34964 35240
35530 35967
