1000
2 1471
8 5973
10 2396
10 8085
20 3677
23 7191
23 8961
24 3664
25 4672
31 273
31 4975
31 7685
45 6942
78 4181
89 6016
93 6781
98 7798
105 7379
118 1178
118 3110
121 4095
151 9473
164 4397
165 6458
179 3371
179 8410
180 6411
192 8308
199 3908
217 5225
221 1306
225 6866
226 1113
226 6444
241 4036
255 6700
264 6000
267 9183
275 7711
282 5063
282 6762
282 8224
283 8586
290 5110
314 6818
319 7961
321 6578
327 811
328 3629
347 2745
348 5224
350 744
355 1460
355 6672
357 2081
357 6521
363 7064
365 3213
366 6692
370 5014
371 8149
374 567
375 8398
377 6810
380 4937
381 948
381 7051
383 4886
385 4623
387 6875
388 1982
391 5883
399 2542
415 3966
415 5336
420 2099
437 2258
437 5901
437 7845
439 7420
442 6083
447 3513
454 2747
468 6083
476 8005
478 6713
480 4506
484 704
487 3874
498 1661
503 5607
506 7718
513 6070
513 6721
537 7308
547 6786
547 7973
550 5871
551 2496
576 6038
582 3993
582 6172
587 1776
590 5224
590 5390
595 3641
596 5748
598 7713
598 8951
618 2604
618 7256
621 4572
628 2529
628 7714
631 3785
632 6625
632 8429
634 4094
635 785
639 6327
672 3624
673 8200
684 7420
687 4907
690 3093
690 3575
691 7375
694 6456
704 5489
704 5722
716 8771
719 2838
728 1662
735 9451
737 6382
737 8873
741 6743
742 8088
746 1084
746 3566
750 4386
759 827
767 7613
771 8211
773 4329
773 5178
773 8146
778 3983
779 907
781 3336
791 8005
793 8042
794 6068
795 7239
802 3283
802 8098
810 4488
813 5730
825 1713
828 2987
830 1770
832 2863
839 4151
846 7182
851 2194
851 6527
862 895
871 1446
889 934
900 2690
906 3520
907 6437
909 4474
912 1876
912 2649
914 6717
919 6625
919 6805
919 8810
924 1081
924 1322
933 6305
933 7004
933 8348
934 1176
937 8263
942 4094
942 5328
955 968
955 1007
955 1279
960 6866
961 5003
965 8872
966 4000
970 3182
970 6559
970 8042
979 2643
982 3923
993 6140
994 1639
994 5560
996 1071
996 2177
1007 3387
1009 7767
1013 8408
1016 1713
1016 3286
1026 3053
1034 2171
1037 8085
1041 6314
1050 4456
1053 4415
1055 3238
1058 2062
1058 5500
1072 3733
1084 5159
1086 2453
1086 5884
1088 5110
1096 2749
1099 8064
1099 9378
1104 3877
1113 8243
1116 1481
1123 1694
1139 5971
1139 8045
1145 4539
1158 4188
1164 4538
1171 6040
1176 7453
1178 6412
1180 6335
1198 7996
1200 5031
1204 3411
1210 4732
1218 8102
1223 5011
1223 7580
1236 3613
1256 4132
1256 6829
1262 5773
1281 4527
1282 9062
1288 7113
1298 6750
1298 7115
1303 4611
1313 1570
1319 4335
1328 3164
1331 3739
1336 3813
1338 6715
1338 6883
1342 7728
1347 4094
1347 4467
1350 3149
1359 1631
1359 3743
1379 5481
1382 9940
1386 3997
1395 1609
1395 6966
1407 9060
1408 2996
1419 2993
1419 7068
1422 7208
1436 5341
1438 3255
1440 5990
1443 3995
1446 1586
1446 3035
1449 5594
1450 2693
1450 3529
1453 2357
1462 7092
1462 7260
1495 7144
1500 3279
1500 5509
1501 7761
1503 3182
1513 4745
1514 5791
1516 5545
1519 3881
1519 5185
1522 6511
1526 6525
1527 10319
1530 4041
1530 5921
1534 7846
1543 1974
1544 2550
1545 1924
1545 3830
1546 3881
1556 4588
1561 3461
1562 2663
1562 5211
1573 4994
1583 4733
1583 7229
1589 5481
1594 3658
1596 2550
1607 5371
1613 1676
1615 9489
1621 6053
1621 7602
1629 5074
1629 6258
1631 8410
1634 7087
1639 6843
1640 2680
1640 7781
1661 2803
1664 10007
1665 7012
1668 5382
1676 8072
1682 7059
1690 1735
1693 6089
1697 3657
1707 7748
1713 4363
1736 5579
1746 6189
1762 7612
1768 2673
1776 7530
1791 7097
1794 2052
1805 6163
1811 7180
1816 8136
1825 4454
1825 5352
1835 3032
1841 7355
1865 4735
1867 9049
1868 2054
1874 4529
1876 4788
1876 5403
1894 9179
1947 3068
1947 3340
1948 3069
1954 3175
1956 8372
1964 7221
1972 3199
1972 8452
1975 6967
1979 7233
1983 6610
2018 3520
2027 6592
2041 7621
2061 2532
2062 8378
2065 8200
2102 4698
2116 6558
2125 6503
2126 5881
2130 7751
2137 5341
2157 6827
2165 4504
2165 6984
2170 4225
2171 3815
2171 5850
2171 8034
2172 5757
2172 8427
2204 5737
2206 9476
2213 4632
2221 7353
2242 7743
2271 2875
2281 5129
2290 4572
2302 3455
2310 2812
2321 10596
2350 3389
2351 2802
2351 3175
2355 4831
2355 7851
2362 8426
2371 7804
2396 5196
2403 5088
2405 6765
2410 7453
2414 3655
2435 4083
2437 2980
2457 8567
2459 7189
2462 4622
2474 8997
2491 3311
2513 5342
2513 5984
2513 6833
2531 2737
2559 7780
2587 6896
2594 6564
2594 9055
2604 8701
2611 3757
2613 7069
2632 4123
2632 8432
2654 7093
2663 6744
2678 2690
2678 5499
2689 7179
2689 9090
2691 4077
2693 6232
2696 5445
2709 4753
2719 8000
2732 6246
2745 9704
2749 3939
2761 5709
2785 8529
2787 4778
2795 7556
2803 6732
2809 6018
2825 7696
2833 4292
2838 7127
2840 7312
2842 4780
2846 8086
2848 7648
2849 5704
2851 6109
2857 3575
2857 7473
2866 3168
2874 3933
2876 4996
2881 7314
2896 4263
2898 9805
2908 7420
2914 4087
2937 7942
2938 8394
2938 9557
2944 5172
2950 7461
2960 3141
2967 6873
2973 9537
2978 9060
2988 4145
2988 6974
2990 3971
2993 6724
3003 5724
3006 7278
3006 10610
3025 6576
3029 5572
3032 8040
3039 4196
3039 7238
3039 8996
3043 6424
3044 7093
3066 5472
3068 5605
3069 4118
3076 3084
3076 5547
3079 6855
3080 5664
3080 7868
3082 7924
3093 5502
3098 4139
3109 6201
3110 9574
3112 5736
3123 8568
3128 6681
3135 9756
3140 5113
3140 9162
3142 9635
3149 7734
3158 7337
3164 8327
3170 9230
3174 6527
3176 6943
3181 5024
3181 8947
3182 6556
3190 4744
3190 10526
3199 4397
3200 4081
3211 7151
3216 5633
3225 6887
3228 5142
3236 6881
3236 7252
3245 9574
3250 6983
3254 7776
3260 3321
3260 8264
3260 8822
3266 3496
3270 3362
3282 3324
3284 7310
3294 5830
3294 8241
3298 4170
3314 7140
3322 7181
3322 8221
3323 3489
3324 9230
3330 5125
3334 4146
3339 8326
3340 7753
3348 6934
3348 10112
3367 7221
3375 4901
3375 9932
3382 6824
3391 5754
3411 6689
3421 7845
3435 3648
3438 8083
3442 3500
3443 3744
3455 6992
3457 7129
3461 4225
3483 8527
3496 5548
3496 5560
3496 7624
3499 4285
3499 5513
3530 6950
3534 4942
3537 6205
3540 4093
3547 5345
3547 6605
3558 3939
3558 7310
3562 6770
3562 7353
3568 10082
3576 5985
3576 10194
3604 3772
3607 9238
3621 4588
3624 3626
3630 3918
3654 9728
3656 6382
3657 4591
3657 6952
3659 7052
3659 8177
3663 7133
3673 8427
3712 4866
3719 7942
3727 7217
3738 3809
3738 4096
3741 5059
3750 5823
3759 8086
3771 6345
3772 5132
3783 4296
3793 6836
3796 8052
3809 3857
3812 8595
3813 7286
3817 5834
3826 6000
3831 10395
3832 5612
3832 6080
3834 6093
3838 5054
3856 6314
3856 6578
3860 4538
3861 6885
3863 8276
3865 4054
3865 4547
3870 7015
3876 7492
3885 7354
3898 5957
3899 8565
3909 7274
3912 7488
3918 7013
3923 8354
3933 9331
3942 4862
3946 4790
3966 7711
3970 6487
3981 4512
3981 7733
3993 4002
3995 7315
3999 5242
3999 5619
4003 6305
4004 4473
4004 4941
4012 5871
4015 4251
4021 6181
4036 4684
4042 4374
4042 4698
4050 6605
4066 6618
4077 5353
4077 7264
4087 5851
4094 5142
4096 4700
4098 6355
4099 7226
4099 9940
4101 6786
4116 5449
4118 5158
4118 7578
4138 5669
4139 7299
4151 8597
4175 7181
4179 5264
4181 5888
4199 5533
4209 4698
4215 5873
4233 5544
4263 4529
4284 10434
4290 8079
4292 9284
4296 6891
4300 7117
4329 4744
4337 5908
4344 6797
4351 6680
4371 6345
4383 7038
4383 8236
4397 5558
4403 4732
4405 5268
4409 7256
4425 6138
4425 8429
4432 7273
4437 6567
4438 5089
4440 6826
4440 7315
4472 6589
4473 5242
4474 4801
4484 6343
4504 7154
4504 8327
4507 7866
4552 6449
4552 7654
4557 4582
4559 7973
4567 7099
4570 8432
4570 8646
4588 5032
4588 7272
4596 9575
4596 9940
4618 6675
4641 5232
4641 9109
4643 5445
4657 5805
4663 5387
4683 6885
4703 4866
4724 6332
4744 6243
4758 7299
4797 4965
4797 8199
4798 5828
4809 5131
4822 5164
4829 5861
4837 6808
4838 5610
4838 6910
4855 5026
4861 6540
4886 5897
4886 7068
4921 6426
4937 5564
4937 8289
4938 6373
4945 6440
4950 6830
4954 8257
4956 5977
4958 8277
4965 5818
4965 8073
4967 7144
4970 5728
4974 5665
4974 8064
4993 6899
4998 6213
5011 8076
5018 8098
5040 5518
5040 9185
5042 7169
5069 9969
5076 8493
5085 8477
5088 7920
5088 9050
5100 6395
5100 9812
5115 6806
5116 6785
5121 9835
5127 7801
5132 5136
5132 8104
5134 6804
5139 7212
5147 5257
5151 8276
5161 5819
5165 7223
5172 5270
5179 8106
5183 7731
5192 6672
5192 7103
5203 7221
5213 5743
5215 7880
5219 7846
5225 6638
5229 6943
5259 7857
5259 10082
5285 6228
5288 9665
5291 7850
5294 7641
5311 5761
5311 6613
5325 7310
5354 8599
5357 7239
5372 6511
5382 7084
5382 8087
5390 5977
5424 6160
5424 10176
5428 9230
5448 7414
5472 5861
5478 7641
5493 7127
5502 7748
5503 7134
5508 7728
5520 7612
5530 8468
5544 6079
5554 5708
5564 7033
5582 7599
5585 8253
5591 7866
5599 6812
5601 6349
5604 5943
5611 6623
5619 6734
5624 5813
5650 6265
5688 7850
5692 6025
5692 6187
5704 8045
5714 7154
5758 5977
5776 8454
5805 7524
5813 6624
5816 8708
5821 6497
5821 9729
5848 7054
5851 8118
5854 6452
5861 7598
5863 6634
5879 6079
5879 7963
5880 6814
5885 6181
5888 6254
5890 6755
5891 7653
5894 7113
5894 7124
5894 8408
5908 7339
5914 9179
5918 6795
5939 9163
5942 7586
5949 6218
5956 7882
5963 6539
5977 6296
6018 7461
6060 6293
6079 6761
6096 6339
6099 7490
6132 8345
6138 6743
6140 7798
6161 9050
6173 8569
6175 8635
6187 8072
6194 7631
6195 9599
6207 7037
6245 6855
6274 6341
6275 6712
6308 8549
6324 7524
6324 9694
6336 6636
6338 7756
6340 6437
6345 6440
6352 7260
6377 6516
6386 7235
6412 7728
6427 7621
6438 6617
6440 8359
6458 9185
6468 6791
6503 7085
6521 6562
6523 8372
6541 6672
6568 8447
6574 8040
6605 6819
6607 8844
6613 8105
6630 7851
6668 7372
6682 8232
6684 7179
6693 7863
6706 8996
6721 7744
6738 7272
6744 9485
6750 7068
6761 8923
6764 8234
6770 7726
6784 9789
6786 8184
6795 7053
6795 7204
6804 8276
6807 7826
6829 7218
6845 7134
6869 8597
6889 7112
6916 9471
6984 6997
6989 10319
7000 7581
7007 7977
7050 7472
7058 8236
7075 7694
7104 8064
7106 7705
7113 8234
7115 10194
7134 9049
7144 8191
7173 7826
7208 7756
7211 8957
7219 8088
7256 8428
7260 7339
7297 8411
7316 10082
7327 8136
7362 8748
7472 7675
7528 8046
7567 8444
7605 9671
7610 8430
7664 7693
7785 8622
7798 10329
7804 8136
7845 8505
8000 10221
8045 8410
8064 10076
8199 9665
8241 8546
8567 9237
8711 8748
8872 9049
9003 9055
