1000
6 20242
29 15719
32 26227
39 2481
47 13894
54 42312
82 31323
122 4620
126 4070
132 37759
136 8524
147 23227
149 416
186 18171
196 11874
199 25127
203 18472
251 43348
252 44791
258 44820
262 30049
263 719
279 16377
286 21559
294 4205
315 17643
321 24318
352 39842
405 48992
410 34673
412 3689
418 14196
436 46424
437 22254
460 44884
471 33678
477 2852
489 9421
494 27404
507 2656
508 3180
511 13400
529 3338
537 17455
551 13619
569 13108
589 19143
637 47396
646 4049
649 5876
676 27949
682 7907
698 35396
708 13458
732 23023
736 30799
738 3776
776 16688
778 8630
789 33053
801 29529
809 14582
819 15850
851 9399
858 15544
866 36031
867 37620
948 16353
950 29246
1033 10488
1036 34346
1058 9198
1059 2663
1084 40216
1090 43413
1160 11419
1172 27441
1175 3045
1181 16747
1188 34500
1192 17071
1212 11965
1214 4789
1217 4784
1273 36955
1276 33896
1289 43723
1294 6545
1330 34282
1359 30015
1373 34799
1426 1752
1452 30138
1461 32819
1464 8848
1474 18110
1488 4648
1494 13863
1512 42304
1523 14755
1525 19423
1525 38774
1564 4827
1565 49850
1591 7075
1602 15366
1604 48030
1615 4133
1641 10592
1692 38557
1700 12899
1700 39900
1706 17650
1718 42236
1720 23373
1750 11616
1754 47265
1827 19328
1845 8127
1877 16726
1879 17012
1887 9973
1892 29900
1896 25619
1897 40426
1938 14388
1953 44094
1970 31615
1971 46866
1994 3548
2033 8927
2054 18049
2063 33032
2072 45441
2124 36002
2150 30306
2184 49452
2186 11659
2199 20995
2221 40890
2224 4157
2246 4893
2264 40165
2269 30073
2277 23413
2353 26347
2391 36684
2409 3572
2435 38691
2466 6863
2473 32313
2477 11918
2496 4706
2500 33731
2512 40892
2536 13960
2542 7928
2593 24745
2615 38216
2638 9346
2700 11575
2759 9764
2772 21255
2805 33798
2810 27508
2827 40173
2845 45576
2869 19920
2894 22706
2901 42473
2920 47792
2928 16463
2939 7716
2944 16908
2958 10450
2959 40758
2960 9423
2961 38398
2970 3251
2972 48493
2985 39759
2987 43281
2992 14016
2995 31244
2997 27263
3016 30450
3025 33370
3056 16572
3063 18057
3064 12970
3071 19790
3118 7132
3194 45548
3195 32903
3203 14321
3229 20001
3253 24554
3276 4746
3315 25803
3345 3532
3346 6765
3367 7379
3379 16248
3403 42966
3414 19413
3444 12723
3459 44348
3460 43031
3464 7744
3466 21209
3483 43137
3511 16612
3512 24062
3523 14959
3558 37357
3563 31324
3572 20323
3595 14936
3598 47113
3609 11874
3652 10101
3653 45004
3664 19961
3670 23059
3680 8548
3691 46320
3696 19657
3776 42973
3796 34378
3822 17362
3875 20183
3885 43955
3909 9053
3964 20000
4000 33665
4050 23454
4051 45576
4066 46982
4068 48686
4080 19311
4147 20782
4151 12136
4185 38903
4214 6845
4231 15653
4244 6498
4255 16854
4279 22899
4283 44997
4288 49849
4310 41597
4333 14466
4335 7657
4346 37992
4352 10199
4365 22876
4389 30200
4417 19643
4433 15144
4451 44449
4453 6794
4475 41637
4507 41269
4524 41255
4528 22837
4569 34295
4598 39124
4614 22054
4686 6852
4686 49298
4693 17551
4709 40643
4717 22989
4752 38771
4766 13983
4849 31240
4892 26616
4907 34552
4917 50199
4919 40764
4955 13152
4958 31717
4992 40417
5054 38167
5077 15508
5088 28698
5098 42567
5112 12758
5119 20145
5159 23096
5164 46166
5178 19971
5188 43802
5198 6006
5227 41997
5238 8025
5249 20753
5266 49682
5318 5997
5325 47806
5347 43082
5351 5414
5406 39483
5418 10742
5460 10395
5462 21931
5471 24698
5490 6566
5505 19614
5532 38301
5555 12233
5557 37308
5573 43869
5633 7619
5645 29599
5691 25869
5714 36947
5714 44632
5721 18256
5789 44702
5801 33789
5813 25572
5845 12309
5872 27209
5894 32499
5925 24718
5928 21304
6082 35617
6088 28073
6102 35652
6129 10742
6182 10923
6236 49238
6237 23371
6249 25795
6255 44569
6308 42572
6313 21293
6330 36478
6339 24419
6353 8918
6356 30698
6386 31427
6394 10328
6432 16163
6455 9665
6479 40706
6491 7039
6501 9105
6537 23271
6556 22610
6562 17951
6570 10849
6585 18612
6586 39466
6587 38811
6598 11589
6622 18421
6624 14554
6644 11525
6655 26328
6662 28049
6682 21801
6703 48817
6739 21624
6794 49303
6817 11769
6842 7209
6861 50814
6892 22363
7035 9093
7065 29648
7108 47492
7126 14167
7171 43958
7201 38443
7211 11351
7247 44084
7248 12769
7285 7379
7364 41008
7382 16711
7414 35390
7422 24720
7446 30024
7454 26359
7454 36474
7514 28529
7527 20423
7536 12394
7540 13983
7595 15797
7642 22232
7649 28261
7658 30304
7711 23470
7747 10592
7755 38846
7781 34817
7828 44225
7837 20668
7842 24660
7869 24496
7899 13623
7905 17377
7913 26046
7922 47933
7928 10892
7966 36748
8005 46166
8036 17462
8038 37490
8078 29677
8081 9219
8087 38759
8128 29784
8177 25830
8293 21725
8305 15453
8327 9859
8342 32428
8348 11060
8350 11697
8364 41416
8372 21378
8375 13178
8412 17245
8418 17264
8479 42932
8506 35010
8627 41809
8662 16987
8676 13357
8690 45961
8710 31366
8735 13641
8790 26600
8864 30288
8865 40544
8882 48572
8895 10272
8935 9994
8937 13580
8956 19034
8965 39120
8987 50053
8992 12942
8995 32814
9003 23088
9008 43376
9027 16987
9053 35934
9092 39564
9107 19457
9117 29149
9134 47430
9168 10171
9216 44692
9328 13837
9329 47930
9334 18121
9342 10872
9367 12329
9416 26832
9419 45264
9423 41014
9428 9840
9480 44037
9529 10199
9596 17938
9628 48528
9632 23292
9636 29967
9646 13850
9650 30945
9685 39791
9697 19819
9745 41229
9748 29383
9845 16592
9902 50400
9904 18177
9920 10918
9927 41477
9998 19686
10036 45050
10057 45338
10110 35522
10297 20664
10387 41184
10393 43576
10399 13488
10410 29247
10438 11016
10472 45561
10530 17935
10595 28623
10606 44404
10635 26499
10658 19111
10701 35036
10736 19860
10744 31269
10877 49702
10885 19391
10892 28589
10931 12688
10950 38810
11025 22719
11069 18071
11088 46883
11094 18757
11095 30960
11179 23638
11187 26656
11224 36084
11243 19136
11243 34459
11350 31629
11372 43884
11401 32310
11423 37300
11436 45339
11437 43695
11484 22938
11536 12678
11565 48281
11573 33191
11576 43802
11616 19854
11709 45270
11736 34785
11751 35506
11752 41963
11782 31811
11783 31887
11844 27415
11845 43802
11852 14786
11874 21881
11900 27736
11902 29667
11926 19823
11936 30624
11938 26924
11955 39423
11957 25445
11964 43015
12039 30950
12105 25541
12136 12944
12138 20254
12139 22232
12148 27951
12150 20703
12180 34324
12182 31423
12213 49544
12224 18955
12252 37169
12424 22454
12445 14983
12456 42450
12464 14249
12479 46744
12491 18867
12514 49073
12541 17434
12546 26706
12565 38984
12581 20546
12713 14976
12747 34278
12758 20527
12759 36921
12826 27942
12893 44071
12897 15470
12900 38215
12961 37252
12987 18403
12990 16912
13010 34102
13060 15438
13060 40198
13117 13358
13166 42474
13253 13820
13343 38084
13366 41497
13375 32013
13393 32966
13456 39318
13487 46485
13555 31704
13595 29975
13635 14721
13807 34173
13819 34738
13938 43883
13954 35492
13963 42732
13994 17986
14010 38135
14011 43467
14033 26913
14053 41365
14118 50536
14125 31535
14227 45301
14261 35522
14292 32429
14321 19499
14353 18837
14369 27582
14417 23061
14457 19263
14547 29749
14560 18239
14663 48249
14735 47803
14744 15180
14762 17414
14764 15982
14840 26266
14954 32762
14969 20813
14993 39053
15092 22830
15198 25109
15219 41636
15336 16814
15380 16722
15470 39964
15490 19943
15560 26579
15595 24787
15618 35602
15629 29370
15674 18608
15676 29188
15702 19069
15741 39373
15779 23541
15834 19356
15838 38059
15855 49997
15864 33336
15960 50052
15975 20638
16013 17371
16026 45128
16071 16665
16081 32237
16151 26869
16243 29825
16256 23072
16266 17426
16312 18236
16436 16929
16563 20617
16564 36197
16567 26439
16583 18502
16588 36384
16627 19127
16650 25268
16714 27977
16747 23999
16751 31243
16841 33263
16889 45708
17035 22494
17041 37773
17047 23152
17078 44367
17264 29973
17288 32781
17324 21720
17383 39482
17431 19007
17439 39020
17443 36859
17450 24740
17483 25169
17577 44701
17586 19482
17651 50393
17675 22858
17731 22961
17742 42198
17751 34257
17776 40893
17906 44460
17911 45059
17934 45707
17935 28196
17960 28436
17988 23827
18053 46866
18057 26995
18063 41591
18081 35028
18122 32891
18135 35743
18185 25378
18193 34034
18251 38782
18262 47579
18316 33639
18317 19173
18340 37864
18340 46906
18358 25819
18372 45817
18387 27005
18387 30011
18431 45455
18449 33600
18513 40766
18517 30292
18528 28458
18590 50894
18859 28156
18922 20983
18943 21013
18995 26781
19111 29225
19213 34340
19215 40890
19260 50109
19291 27187
19337 45038
19467 48389
19472 24793
19473 29705
19475 29510
19478 28360
19504 28073
19527 27459
19528 36195
19539 38493
19778 31297
19833 39275
19833 48556
19861 29381
20001 40622
20084 39629
20109 30292
20151 29168
20437 38515
20450 39830
20462 46729
20558 25226
20689 31875
20716 42771
20754 41371
20860 22162
20888 28019
20895 37635
20952 37682
20952 50677
20998 25491
21100 31576
21120 46870
21239 35939
21242 45708
21292 42853
21340 29203
21440 32786
21454 38997
21478 44690
21481 35999
21537 34404
21632 41037
21685 23635
21725 28357
21755 32847
21896 36054
21993 30325
22007 37996
22013 30641
22015 41022
22101 38683
22113 34266
22122 40481
22130 31143
22247 31719
22271 42220
22300 24985
22353 38878
22367 33919
22393 31856
22399 25160
22399 25809
22421 28631
22453 31848
22592 36132
22694 43623
22837 27027
22888 25140
22889 33459
22978 50809
23004 32266
23016 34877
23030 37236
23040 50180
23190 28370
23246 28995
23459 36069
23465 29874
23638 42915
23657 41424
23726 32748
24074 35926
24087 31516
24094 37496
24196 44888
24215 32641
24219 38800
24392 28742
24452 30366
24467 28389
24472 29673
24512 42109
24542 25352
24543 46718
24549 35080
24553 30751
24655 42891
24722 30245
24774 45841
24780 40578
24890 25819
24942 32012
24946 28323
24947 32418
25046 45390
25053 26404
25068 30783
25187 50020
25238 34491
25244 41652
25259 37216
25287 38398
25320 33875
25334 45773
25365 43562
25502 26665
25574 35008
25658 45029
25670 34335
25742 35469
25750 36328
25839 47926
25888 41704
25922 42986
25951 37250
26125 49873
26220 32567
26355 45453
26537 34499
26566 46978
26569 29377
26611 34795
26696 28356
26833 47655
27178 35942
27315 41189
27427 41371
27561 39183
27584 31728
27585 31187
27627 41962
27746 50574
27798 32659
27943 44043
27952 39044
28122 44043
28138 47989
28155 35314
28179 31994
28381 45952
28444 30709
28508 50305
28556 32200
28564 47353
28590 35214
28599 32361
28617 46187
28652 35939
28860 45582
28877 47059
28938 33791
28957 38542
29045 38215
29053 35532
29102 35021
29131 34050
29149 32747
29355 49734
29402 44084
29467 46130
29523 32098
29981 39900
30136 37576
30144 45657
30174 37385
30464 31585
30470 48458
30608 34737
30633 44692
30644 46143
30697 49089
30725 39171
30733 32252
30733 43588
30945 31692
30977 35441
31053 48820
31115 31715
31351 34423
31385 31997
31436 43243
31632 32649
31662 40855
31663 33658
31840 37843
31931 38012
32038 38676
32074 36555
32198 36210
32279 39483
32332 33980
32649 44881
32926 47365
33266 33565
33290 33859
33320 38280
33325 48000
33342 39996
33377 35864
33400 35315
33402 49450
33592 34084
33860 50667
33968 34045
33980 46785
34224 38238
34224 49443
34249 48848
34521 48623
34764 48321
35182 44195
35205 48040
35251 45514
35690 42926
35707 39758
36002 45571
36210 43713
36461 43802
36686 44550
36911 50306
37109 46720
37248 45000
37275 44162
37508 38413
37787 46240
37878 50433
37940 47165
38747 42931
39144 45743
39952 48624
40112 42698
40184 46030
40483 45988
40573 42114
40880 47698
41568 50048
41762 41867
41769 41804
42256 47178
42415 43631
42421 47381
43076 44216
43287 45892
43347 50034
43535 47766
43775 48957
43792 49014
44475 45355
44510 48243
45001 46594
45108 48281
45205 49187
45269 48243
45453 47722
47126 47861
48624 49450
49872 50654
