1000
4 5910
7 7984
8 1260
8 6006
9 8843
11 4618
16 2958
20 9010
22 506
25 3570
26 1179
26 2427
26 3433
28 8727
30 1206
32 940
36 3743
37 963
41 7860
44 734
46 924
48 6696
48 7884
49 1104
53 1886
53 7914
251 8878
253 743
253 7650
254 3997
256 3267
257 3004
258 7754
260 4521
271 1970
272 3726
284 5964
284 6562
293 9017
294 1497
294 8977
297 9022
300 924
305 1185
305 4492
306 1564
307 4564
321 769
329 3260
331 5762
338 5083
338 5784
340 6701
342 4029
343 1181
343 4308
347 1329
373 8017
374 385
376 3647
380 6742
385 410
402 5496
402 6629
408 5867
415 648
415 5966
416 4272
419 5079
421 7261
424 5836
428 1125
430 5723
430 6799
431 658
431 1980
434 3662
434 4110
435 8867
436 1478
436 8035
443 6604
444 2525
446 3648
446 4036
447 1329
447 2997
448 1328
449 2156
452 4146
452 5496
472 1569
479 1266
480 2007
482 6718
483 8701
485 4604
485 6217
487 4176
487 4280
487 8564
490 3016
495 8435
496 576
497 5979
502 4411
506 1681
507 4091
510 8564
514 575
515 1978
519 7627
520 876
520 4257
522 3305
522 8436
523 8738
524 7125
525 9150
547 9166
549 2283
551 934
571 4568
585 3292
588 2284
589 1973
597 1699
598 7623
605 8609
611 1102
611 3763
611 8472
612 2483
616 4130
618 4491
620 5958
620 7932
621 654
625 7121
628 906
638 3052
638 3787
644 8500
646 4550
647 3410
647 4163
649 3819
652 9194
672 2013
676 2214
692 5788
692 9166
693 3691
705 2022
707 2028
709 6772
711 5082
711 8480
713 9047
716 3694
719 8524
720 4862
722 2131
723 2765
725 9019
727 5957
734 3525
737 6619
740 6621
741 2013
746 6616
752 1719
752 4467
760 8391
766 4186
766 8801
769 7629
772 3702
774 9183
802 3350
804 8863
806 6658
826 5083
827 6648
829 3496
847 5021
853 4479
855 1384
855 7646
857 8878
866 8554
868 6189
871 4139
875 5070
878 8033
882 1276
885 1233
888 9192
894 6028
896 5842
898 1385
905 5164
907 4894
908 7680
908 8539
910 3034
912 1689
912 3559
923 3337
923 3545
924 1181
925 4026
925 8889
944 3706
944 8864
946 4410
947 2967
949 2954
951 8405
952 2454
952 4260
953 8656
959 5978
960 7639
961 4018
964 8595
967 2765
969 2041
974 3052
974 4110
976 8604
982 5815
986 6626
987 3341
992 4137
994 7706
994 8721
1001 4504
1003 3483
1004 4519
1011 8055
1012 6034
1013 3022
1017 4454
1017 5621
1020 3049
1021 3544
1022 2005
1022 2516
1023 7366
1029 8825
1030 3062
1031 8591
1031 9160
1037 1265
1095 4079
1096 8895
1114 9712
1116 8734
1118 6716
1123 5533
1123 5877
1126 2948
1128 5715
1128 6768
1131 4175
1133 2268
1168 8577
1172 1209
1173 2078
1175 7677
1181 4212
1181 7929
1185 3754
1187 4068
1187 9683
1190 4133
1190 8409
1192 4005
1192 6648
1201 8522
1204 5999
1206 6710
1208 1833
1209 1539
1209 3975
1214 2522
1214 4014
1215 8456
1225 8412
1226 4426
1229 1721
1241 4405
1241 6569
1245 3441
1249 5963
1253 2261
1255 1752
1260 3058
1268 4488
1269 3469
1281 3527
1281 8633
1298 5556
1303 5181
1303 8442
1304 8958
1306 1773
1308 3694
1309 2378
1311 3139
1314 4217
1315 1384
1321 6812
1329 3315
1334 4019
1337 4126
1340 6042
1343 7907
1347 2268
1350 2164
1351 7066
1352 3427
1362 6689
1362 7631
1363 6608
1367 3537
1367 3582
1374 1684
1381 2365
1386 5213
1392 4850
1396 7520
1399 3049
1399 6839
1473 2150
1478 3662
1478 7555
1515 4614
1522 7689
1522 8516
1541 7351
1554 4293
1559 8534
1669 3973
1677 7161
1682 5842
1684 4003
1684 6013
1685 6790
1686 6659
1687 5988
1688 6638
1695 6713
1698 9008
1700 4009
1701 4269
1710 6631
1714 2024
1714 4487
1717 5909
1723 3042
1734 3443
1739 3485
1745 3657
1749 4481
1751 4194
1752 6691
1752 6804
1755 7715
1771 2951
1772 6746
1832 4095
1832 8557
1843 7874
1865 1870
1881 4097
1885 3544
1886 8822
1909 2482
1911 8612
1913 8777
1922 2970
1927 7608
1933 2412
1933 5386
1938 6563
1939 7327
1941 5554
1955 4281
1957 8853
1959 5119
1971 5164
1974 6218
1976 3667
1979 7099
1981 9013
1997 4097
1997 6042
1998 5831
1998 5945
2002 7640
2005 3028
2007 2928
2007 8881
2012 8030
2013 9031
2013 9214
2014 4020
2014 5201
2018 8483
2026 3410
2027 4278
2030 8825
2041 6091
2056 6051
2065 8950
2067 7246
2068 4374
2069 7501
2078 8020
2084 2181
2086 8010
2100 4496
2143 7848
2150 4038
2151 2958
2156 3318
2158 7082
2160 7630
2170 5690
2170 5738
2172 7036
2173 3560
2185 8477
2187 3814
2252 7711
2261 7150
2263 3547
2265 9201
2266 8008
2267 7469
2269 7078
2272 2336
2276 5712
2277 6609
2281 6581
2282 7433
2288 3432
2288 8452
2301 4092
2301 8552
2314 3532
2335 3036
2335 7629
2337 8735
2356 6030
2379 4161
2379 8017
2391 8402
2394 3003
2401 4423
2411 6012
2418 4889
2418 5103
2427 4023
2429 8498
2430 3085
2436 2525
2451 7711
2454 4044
2482 8618
2489 6153
2515 6825
2523 4556
2527 5706
2527 7071
2532 6685
2533 4028
2534 7330
2540 4564
2544 6624
2549 6784
2549 8016
2551 6051
2575 7629
2579 3412
2586 7931
2587 2971
2592 7161
2732 2740
2754 7086
2759 8512
2761 4593
2766 5836
2770 9029
2771 4057
2920 8520
2928 6819
2932 7659
2934 4454
2935 7541
2936 7316
2940 7968
2942 3924
2943 7460
2945 7957
2949 7129
2950 7082
2951 8036
2954 4394
2963 3547
2967 3731
2970 3459
2970 3969
2977 6208
2979 4250
2982 4182
2986 4306
2988 8936
2991 6599
2992 8654
3000 7969
3002 8401
3011 3692
3012 4260
3016 7515
3017 7258
3022 8512
3025 6756
3027 7129
3039 8451
3040 7711
3044 6628
3048 8519
3050 5513
3052 7626
3053 8714
3054 6564
3055 4007
3229 3232
3239 3565
3240 5484
3256 7160
3259 3675
3261 4412
3264 3749
3268 8895
3280 7977
3281 4283
3287 4994
3288 4129
3288 7113
3293 5535
3294 8565
3299 6773
3304 5812
3305 3443
3318 8940
3319 8951
3323 4879
3328 6808
3340 8577
3343 8654
3344 9209
3345 5530
3347 6068
3363 8611
3383 3385
3405 6786
3410 7877
3423 3600
3438 4148
3439 6728
3442 3734
3452 3482
3453 7345
3455 4545
3459 4535
3459 8460
3464 4466
3464 8740
3470 9190
3471 5156
3473 5739
3473 7640
3478 4043
3484 5950
3485 5540
3488 3756
3490 8612
3502 8471
3503 5753
3504 9185
3505 6684
3520 3611
3521 5547
3521 5677
3521 7525
3521 8983
3532 6829
3537 8482
3545 9006
3548 7427
3549 7107
3550 6711
3550 6779
3552 4279
3553 6075
3558 3601
3562 6665
3563 7112
3564 9216
3568 4276
3569 8538
3570 7427
3570 7469
3575 5820
3576 4613
3579 7490
3587 7503
3590 8893
3594 5758
3598 8395
3599 4224
3609 4114
3610 5357
3619 4227
3629 6573
3633 4262
3640 5579
3647 7961
3665 8835
3682 6710
3692 5376
3694 7618
3696 5813
3700 8030
3721 5635
3723 7957
3732 6841
3733 5729
3734 7651
3737 8030
3745 6655
3757 5387
3760 4878
3794 7710
3795 4851
3804 4296
3807 7521
3811 5522
3814 7720
3815 3997
3815 6613
3831 5843
3834 6714
3845 7626
3851 8952
3856 5503
3902 6009
3909 4182
3916 5500
3924 4201
3936 7890
3938 7686
3939 5162
3947 4405
3961 6522
3965 7116
3969 5910
3974 6604
3975 8756
3989 7959
4000 6718
4012 5170
4018 5348
4020 4180
4025 9151
4027 8564
4030 5872
4032 8536
4033 8638
4036 9202
4043 7360
4046 7513
4051 6153
4053 8461
4057 4530
4058 4061
4059 8023
4062 4404
4065 9649
4068 8420
4082 4854
4089 7076
4090 8888
4092 8948
4095 7667
4097 7329
4097 8844
4100 4415
4106 8436
4107 9667
4108 6062
4108 8959
4109 4160
4113 5374
4129 9024
4135 8601
4141 5955
4145 8035
4148 8493
4164 7902
4166 7890
4168 5021
4193 7079
4195 9025
4200 5820
4220 8510
4222 6013
4230 8419
4231 5396
4237 7114
4237 7908
4255 5499
4255 6749
4255 8725
4256 5017
4262 4550
4264 8963
4281 5531
4283 4464
4316 7863
4378 7481
4378 8007
4379 5552
4379 6730
4399 4613
4404 6800
4410 6199
4411 7637
4412 5709
4414 6030
4414 8882
4422 5915
4423 5366
4430 9019
4454 6725
4454 8730
4454 9165
4457 8498
4463 8610
4471 9218
4473 5876
4479 5144
4480 7152
4503 7984
4506 7915
4510 7437
4512 5982
4530 6587
4532 6237
4533 9044
4534 5077
4541 5822
4546 7354
4555 9209
4564 7697
4573 6601
4574 8565
4591 7691
4594 7741
4604 5853
4604 7879
4606 7086
4607 7981
4610 6752
4616 7553
4622 6026
4623 6191
4639 7336
4823 5545
4863 8535
4864 6757
4865 5497
4872 8466
4877 5635
4878 6830
4878 7065
4878 7362
4881 8033
4882 5820
4882 6131
4885 7919
4972 7147
4994 8435
5001 8574
5017 7459
5082 8512
5083 7096
5111 5947
5111 9181
5120 7041
5156 6817
5161 7640
5199 7328
5199 8410
5346 7937
5348 8432
5357 7929
5357 9166
5364 6719
5371 5978
5483 7461
5484 7878
5499 8483
5501 7145
5501 8638
5506 7104
5512 5806
5550 6744
5579 7144
5635 6585
5672 8889
5676 8006
5712 7074
5716 8518
5723 8574
5741 8739
5747 6589
5760 6193
5761 8562
5784 8436
5822 7448
5832 6698
5832 8952
5832 9147
5844 7129
5852 8422
5853 8858
5867 8542
5872 6584
5873 6149
5909 7433
5911 7647
5913 7228
5919 8743
5921 8639
5949 7901
5955 6664
5955 7985
5955 8640
5956 6644
5958 7866
5959 5966
5970 8946
5976 9167
5978 7325
5978 8900
5984 9770
6000 7902
6010 6797
6030 9188
6045 9676
6073 7245
6074 7962
6078 7853
6080 8421
6083 8612
6119 8024
6128 8549
6130 8564
6134 7108
6145 7925
6152 8405
6153 7556
6185 7051
6185 9216
6189 7077
6195 8495
6204 9159
6208 8816
6521 6805
6559 7757
6561 7170
6563 8496
6564 7366
6567 8702
6573 8472
6576 8534
6580 9681
6587 8434
6592 7077
6593 6683
6597 8756
6597 9160
6602 6632
6604 7243
6614 8841
6617 7669
6618 7143
6619 8997
6620 7228
6622 7084
6623 8720
6633 8835
6649 7753
6653 7147
6653 7450
6668 9152
6688 7848
6696 6833
6702 7496
6703 8585
6706 7162
6706 8453
6710 9013
6716 9887
6726 9197
6734 6809
6746 7880
6758 7954
6767 7199
6770 7471
6777 7316
6807 8936
6835 8418
6893 6998
7041 7700
7066 7968
7071 8507
7086 8425
7101 8727
7140 7949
7150 9026
7158 7639
7164 7939
7228 9025
7242 7985
7244 7866
7258 7375
7261 8550
7340 8981
7340 9188
7348 8413
7355 8945
7364 7756
7365 8592
7369 9043
7370 9220
7453 7481
7465 7883
7466 7658
7487 7528
7497 8056
7511 7935
7528 8949
7608 8458
7654 7718
7654 8410
7655 7671
7661 7676
7661 8545
7662 8503
7664 8422
7665 7668
7676 8564
7693 7945
7705 8543
7736 8401
7753 7946
7754 8858
7899 8487
7915 8414
7922 8054
7922 8982
7932 8644
7945 8477
7962 8418
7978 8501
8007 8540
8064 8378
8079 8326
8110 8136
8211 8390
8247 8273
8419 8701
8459 9043
8465 8860
8468 9167
8512 8645
8635 8886
8704 8880
8725 8825
8737 8946
8777 9047
9020 9031
9208 9682
9740 9760
