1000
124 7309
638 10061
1033 1822
1033 3837
1034 1602
1034 2018
1034 3235
1035 1344
1037 2020
1038 1564
1039 3493
1043 3891
1044 1940
1052 4006
1053 1233
1054 2838
1054 3665
1055 2061
1061 4009
1062 2207
1064 3942
1067 1393
1073 3878
1075 2764
1081 1194
1082 2058
1082 3666
1085 3897
1092 1138
1095 3743
1096 1118
1098 1361
1099 1360
1107 1193
1109 3778
1110 1644
1114 3355
1115 1235
1116 1506
1116 3557
1125 3795
1128 1664
1130 2826
1131 2833
1133 2065
1147 2767
1147 3768
1148 1185
1151 2846
1153 1347
1163 1649
1163 1741
1163 1961
1166 1602
1168 3841
1176 1312
1178 1196
1178 3537
1179 4014
1180 3665
1181 1300
1188 1610
1188 1910
1191 1438
1193 1732
1193 2807
1198 1540
1206 3822
1211 2841
1213 1491
1213 1944
1214 1602
1216 3790
1224 3545
1225 2829
1230 2020
1233 1658
1237 3495
1238 1774
1241 1338
1242 1910
1249 1316
1255 1540
1258 1387
1259 1423
1260 1556
1263 3734
1265 3828
1266 1899
1267 3516
1275 1590
1277 3858
1280 3330
1281 3567
1282 3204
1282 3517
1288 2817
1288 3631
1304 3763
1313 1455
1313 3831
1314 3480
1316 3569
1317 1477
1319 3635
1319 3894
1320 2876
1332 3712
1338 3960
1340 3977
1349 3771
1353 3809
1356 1654
1356 3698
1359 3657
1363 2050
1365 3710
1366 3710
1367 1549
1368 2886
1368 3755
1377 1447
1385 3881
1386 3235
1386 3399
1390 3449
1397 1479
1398 1402
1404 3695
1413 1445
1418 3963
1422 1964
1428 1729
1430 2036
1436 2858
1441 1718
1442 2835
1442 3571
1443 3909
1447 3499
1451 1569
1451 3743
1454 4016
1458 1606
1468 1831
1468 3775
1478 1497
1486 2823
1491 2067
1491 3240
1499 3379
1504 3718
1509 3185
1512 3658
1514 1994
1518 3637
1521 3717
1523 3609
1525 1583
1526 1579
1527 3396
1529 2846
1531 3194
1531 3566
1533 3613
1533 3913
1536 3863
1538 1900
1538 2040
1541 1933
1546 1599
1553 1811
1556 1832
1560 3523
1561 3704
1564 3319
1565 3627
1567 1724
1567 3296
1568 3416
1582 2077
1587 2858
1589 2056
1589 4018
1590 3653
1592 3987
1595 1620
1597 2014
1597 3132
1609 3566
1617 1631
1623 2882
1639 3424
1639 3602
1646 3667
1652 2005
1652 3241
1655 2788
1662 1675
1693 1975
1697 3945
1700 3986
1701 2054
1711 2774
1714 3251
1715 3241
1732 3486
1735 2893
1736 1999
1736 3669
1736 3934
1737 1805
1747 3514
1752 4006
1759 3527
1781 3705
1792 3768
1800 3811
1805 3528
1805 3708
1807 2076
1810 3311
1825 3599
1826 3823
1829 3599
1829 3636
1831 3839
1844 2008
1897 3724
1902 2841
1906 1911
1918 3714
1919 2944
1924 1965
1932 3900
1936 3323
1936 3424
1942 3640
1943 3663
1945 3721
1955 2066
1955 3943
1956 3753
1962 3607
1963 3567
1965 1971
1967 3383
1968 2269
1994 3651
1999 3547
2013 3711
2017 2888
2018 3722
2023 2034
2023 3460
2023 3607
2048 3623
2048 3655
2054 3587
2054 4012
2063 2070
2065 3627
2084 3789
2089 2842
2257 3657
2527 3281
2763 3654
2764 3684
2774 3388
2774 3489
2783 3190
2784 3789
2794 3737
2795 3172
2798 2812
2802 3725
2818 3721
2834 3809
2851 2883
2857 3357
2873 3851
2874 3525
2875 3581
2876 3783
2877 3855
2886 3900
2892 3810
2895 3880
2943 3839
2944 3981
3185 3920
3227 3308
3311 3987
3333 4016
3355 3644
3377 3996
3380 3630
3380 3849
3382 3429
3394 3959
3405 3859
3429 3759
3441 3541
3458 3704
3470 3480
3480 3725
3487 3914
3499 3817
3502 3640
3503 3945
3527 3999
3541 3619
3548 3996
3554 3823
3568 4004
3573 3623
3576 3756
3614 3963
3630 3644
3633 3963
3657 11353
3659 3887
3675 3873
3687 3711
3708 3841
3730 3920
3760 3915
3764 3968
3779 3960
3790 3978
3891 3919
3914 4017
4324 5115
4329 4547
4331 4858
4332 4874
4332 5483
4336 5393
4336 6272
4340 4595
4342 4643
4358 5518
4358 5593
4361 6114
4361 6460
4362 6483
4366 4839
4397 4996
4407 5061
4408 4977
4409 5051
4438 4594
4439 5511
4444 5000
4444 5438
4454 5235
4467 5081
4476 5740
4478 5306
4480 5017
4480 5389
4480 6089
4484 6490
4485 5439
4485 6147
4495 5507
4497 4590
4509 6276
4519 5412
4522 5280
4531 6051
4539 5871
4540 5154
4548 5280
4551 5513
4557 6155
4558 5431
4581 6177
4584 4809
4584 6088
4595 4622
4596 5025
4597 6266
4612 4844
4612 5234
4612 6204
4615 5580
4622 4855
4622 5518
4622 6478
4623 6175
4630 5257
4633 4962
4634 5576
4634 6288
4644 5355
4645 5168
4653 5053
4656 6261
4681 5364
4683 5319
4688 4732
4693 6253
4695 5332
4696 4888
4711 5270
4713 6187
4713 6206
4730 5904
4731 4865
4735 5458
4737 5968
4746 4751
4746 5317
4747 4779
4752 5102
4753 6216
4759 4958
4765 4833
4766 4929
4771 6148
4774 4920
4774 5057
4779 4818
4787 5170
4789 6474
4790 4960
4792 5087
4794 5377
4801 6085
4812 6195
4815 5373
4821 5043
4821 5273
4825 5557
4843 4988
4844 5057
4846 5274
4847 5342
4852 4880
4859 5646
4861 5467
4878 5161
4883 6450
4894 6157
4895 4911
4903 6466
4911 5019
4913 5450
4916 5342
4918 5411
4924 5190
4926 6471
4953 6185
4954 5430
4954 5498
4958 4960
4967 5743
4976 5192
4977 5635
4980 6053
4987 5369
4989 5081
4992 5863
5003 5168
5004 6260
5022 6108
5041 5154
5056 5610
5057 5098
5057 5766
5074 6084
5098 5868
5098 6473
5102 5299
5105 5851
5105 6069
5108 5278
5117 5566
5119 5753
5129 5190
5132 5701
5134 5356
5145 5611
5165 5206
5169 6289
5172 5238
5183 6123
5191 6150
5195 5646
5196 5640
5201 5305
5209 6266
5225 5716
5235 5262
5243 6240
5256 5890
5257 5284
5266 5376
5276 5408
5277 6127
5291 5753
5292 6147
5303 5601
5305 6181
5305 6255
5306 5425
5312 5362
5314 6463
5318 5359
5322 5440
5322 5740
5322 5764
5326 5528
5327 6289
5328 5792
5333 5714
5335 5441
5337 5548
5337 6480
5358 5405
5364 5780
5364 6152
5370 6472
5382 5526
5383 6202
5386 5592
5402 6489
5408 6165
5416 6069
5429 5860
5435 6452
5445 5705
5452 5553
5454 6403
5458 6202
5459 6473
5460 5859
5492 6041
5506 6210
5534 5848
5580 5597
5580 6213
5590 6238
5613 6214
5697 6114
5708 6136
5754 6248
5806 6221
5835 6260
5849 6157
5853 6268
5887 6242
5892 6069
5893 6194
6139 6264
6139 6474
6184 6233
6191 6487
6204 6216
6545 12007
6545 13379
6546 14570
6548 10846
6548 12619
6550 13358
6552 11215
6552 12711
6552 13909
6578 12459
6582 11661
6582 13495
7906 13461
8113 8888
8191 8291
9543 9772
10082 10147
10278 13996
10310 12594
10310 12608
10311 12314
10318 12941
10319 14000
10331 11692
10347 12064
10351 12966
10352 12163
10383 11679
10383 12241
10384 10715
10384 13741
10395 13724
10450 14011
10451 13226
10452 13739
10485 12634
10488 13789
10495 13369
10500 10727
10514 13476
10524 13211
10535 11417
10543 11428
10544 12029
10545 12166
10546 11570
10559 11957
10559 12988
10559 14791
10573 12702
10573 13769
10578 12682
10582 12025
10582 13550
10583 10846
10583 12859
10585 13261
10586 13886
10591 10705
10595 12912
10595 12940
10597 13517
10599 11834
10600 12857
10606 14792
10610 10846
10614 11637
10620 13230
10624 13856
10624 15429
10626 12903
10627 11381
10633 10919
10635 10642
10653 12583
10657 13823
10659 12973
10660 13882
10662 13360
10667 13499
10690 13592
10694 11643
10697 13223
10698 14247
10700 12067
10701 11435
10705 13449
10706 12738
10707 12642
10711 12173
10711 13517
10718 12862
10729 13985
10731 11215
10734 13115
10782 12702
10782 13089
10786 11551
10788 12840
10792 13493
10792 13869
10802 11637
10802 12788
10802 13045
10809 12348
10818 13380
10819 10921
10819 13734
10843 12304
10844 13224
10870 12720
10870 12963
10910 13389
10912 15349
10914 14025
10915 14504
10916 13587
10917 12206
10918 12124
10920 12213
10923 11582
10923 13293
10924 13502
10925 12009
10926 13573
10926 13864
10927 12164
10929 13863
10937 12810
10937 13883
10943 13747
10964 12918
11030 12141
11031 13771
11057 12688
11060 13789
11070 12269
11101 12274
11108 12724
11155 12889
11155 13228
11156 13433
11156 13458
11165 14757
11166 12600
11181 13097
11181 13383
11186 13280
11192 13092
11202 11571
11243 12382
11256 11996
11393 12647
11401 13371
11404 13277
11408 12011
11408 12548
11419 12666
11433 13830
11434 14005
11436 13021
11452 11453
11487 12672
11493 11494
11506 13563
11572 12039
11572 15947
11581 13068
11592 11732
11615 13571
11616 13968
11637 12736
11654 13255
11659 12641
11661 13291
11662 12739
11664 12166
11664 13533
11664 13741
11677 13380
11679 13517
11680 13544
11715 11990
11717 13740
11720 12113
11722 12715
11750 12153
11760 13714
11772 13285
11801 12367
11819 13903
11822 11997
11827 12527
11834 11997
11839 12195
11839 12927
11864 13379
11871 13118
11871 13232
11876 12897
11877 14237
11885 12234
11903 13058
11938 14012
11943 13641
11944 13017
11944 13748
11948 13662
11971 12539
11971 13421
11971 13642
11992 13264
11997 12509
12007 13434
12009 13563
12015 13091
12027 12624
12034 14238
12039 13290
12041 13638
12042 13439
12043 12550
12046 12440
12049 12607
12050 12314
12052 12583
12053 12691
12055 12323
12063 12470
12064 12124
12069 13422
12070 12996
12070 13514
12078 12328
12087 13792
12095 12150
12096 13761
12100 13542
12110 13122
12112 12940
12130 13827
12130 14236
12135 13618
12138 12560
12138 15551
12154 13392
12171 12917
12175 12881
12181 13212
12183 12608
12183 12943
12190 15174
12192 12727
12196 13276
12200 14001
12205 13859
12231 12925
12247 13089
12255 12831
12272 13887
12274 13795
12275 13458
12275 13955
12289 12865
12291 13472
12311 13215
12313 12519
12325 13423
12331 12521
12337 12854
12337 13104
12355 12407
12358 13729
12373 13900
12375 12944
12387 12389
12391 13711
12404 12701
12406 13790
12407 13105
12416 13570
12428 12822
12431 12782
12432 12838
12433 13866
12435 13351
12440 13846
12441 13292
12442 13971
12450 12914
12454 12857
12455 13020
12467 12786
12468 12553
12468 15524
12470 13556
12474 13864
12519 12971
12520 13375
12533 15850
12534 13275
12538 12930
12544 13786
12548 12776
12553 13539
12557 13872
12561 13532
12563 13275
12564 14758
12566 13747
12572 12588
12572 13465
12573 13559
12583 13304
12584 12585
12595 13633
12607 13995
12614 15500
12619 13650
12628 14375
12632 15369
12635 12897
12668 13280
12679 13102
12695 13304
12695 13478
12701 12967
12701 13638
12703 13955
12718 12864
12723 13542
12729 13326
12737 13281
12770 12937
12770 13540
12800 12885
12831 13047
12833 13205
12836 15558
12837 13888
12843 13719
12852 13664
12857 12888
12866 13331
12866 13890
12873 12913
12890 13201
12894 13961
12902 13533
12906 13953
12911 13261
12912 12996
12935 13278
12941 13777
12946 13264
12947 13243
12947 13831
12958 13517
12958 13982
12961 13827
12961 13865
12970 13716
12972 13376
12982 14005
12983 13412
12984 13553
12992 13596
12995 15380
13011 13538
13050 15942
13059 13834
13068 13823
13098 13336
13098 13653
13102 14082
13103 13824
13105 13197
13106 13350
13110 13420
13119 14768
13120 13465
13156 13887
13159 15972
13180 13371
13186 13379
13186 13548
13189 13485
13197 14005
13198 13827
13203 13228
13207 13380
13209 13610
13217 13556
13227 13443
13230 14457
13268 13269
13285 13463
13289 13475
13289 15393
13299 13871
13309 14570
13318 14769
13343 13474
13347 15768
13357 14237
13386 13490
13397 15387
13420 14082
13431 13762
13436 13919
13436 13999
13445 13497
13454 13831
13457 13952
13465 15558
13479 15902
13480 13518
13490 14005
13515 15369
13544 13955
13551 13891
13560 14685
13594 14082
13613 13887
13616 13910
13635 13967
13760 13857
13779 15229
13813 13827
13831 15458
13844 13871
13855 14766
13869 15605
13915 14011
13921 13932
13953 13961
13995 15215
14012 15880
14025 15901
15500 15942
