1000
88 1328
129 135
134 143
165 1750
348 1188
403 487
515 4497
537 9095
537 11137
539 5756
540 3407
540 11315
541 668
541 10345
542 9410
542 10581
543 5676
544 2870
545 3163
545 6675
546 3916
547 9829
548 1550
548 5303
548 10418
552 4901
553 7423
553 9105
554 1485
554 5318
554 6193
607 666
607 6137
607 7021
611 11345
612 3438
614 5335
615 1736
615 5209
615 8909
615 11353
618 4314
620 674
620 9099
660 1946
664 3021
664 3405
664 5725
664 9711
666 5324
668 1488
668 5516
673 9015
674 3438
696 5082
696 5316
696 10255
705 6962
706 3254
709 5707
710 5504
711 10607
712 5730
712 5941
712 7875
712 10561
713 3245
713 4283
716 5190
718 4772
718 5711
725 5131
727 2726
727 4115
728 3364
729 5507
747 7854
747 8504
747 10326
749 9035
750 4786
750 7426
751 1547
751 3434
752 2879
753 3916
753 7521
753 9979
755 3861
755 6045
757 5251
757 5329
757 5704
758 10280
759 7018
763 5749
764 5178
768 1809
768 2693
768 9013
771 6838
777 10219
778 3415
782 5565
1164 3234
1164 5342
1444 1485
1444 9881
1445 4536
1445 5948
1446 8714
1447 1507
1447 4282
1447 5520
1472 10232
1474 4188
1476 4355
1477 4121
1477 5879
1484 3678
1487 2055
1492 10311
1494 3916
1507 3380
1507 7029
1511 3894
1514 1598
1514 10268
1541 3371
1541 10311
1547 5707
1547 10284
1548 4690
1548 10229
1549 8474
1549 11334
1550 10605
1551 4190
1573 3685
1573 9881
1574 3237
1574 7134
1575 4527
1575 5710
1576 10261
1577 9604
1578 5569
1581 3163
1581 9442
1581 9986
1582 4524
1582 5563
1582 11320
1583 2777
1583 2877
1590 7138
1594 9103
1595 10588
1596 5074
1598 4317
1598 4911
1599 1613
1601 4219
1601 4897
1601 5954
1602 2795
1604 4280
1605 6821
1608 7841
1610 10199
1611 5345
1611 8713
1612 3017
1612 5074
1613 2661
1613 2793
1613 4513
1613 5756
1614 4511
1614 10227
1615 10697
1616 2692
1616 5344
1616 5954
1616 11333
1618 3371
1618 5073
1624 10901
1636 10911
1651 8874
1651 8875
1651 10606
1655 5234
1656 8907
1676 3815
1676 5276
1677 4359
1678 3226
1679 11125
1680 9948
1680 11351
1681 4320
1685 5260
1685 11126
1690 4152
1690 5637
1695 7018
1695 10218
1709 6103
1750 7749
1751 5081
1751 6798
1751 9822
1753 5201
1753 7524
1757 1837
1838 1864
1878 1943
1927 5244
1927 7876
1927 10063
1957 11137
1978 11319
1985 3370
2027 2779
2027 5166
2049 6034
2050 9852
2053 3407
2054 3176
2054 3265
2054 5080
2054 11189
2089 11235
2094 10229
2097 10554
2098 2779
2098 10210
2128 9461
2154 9034
2155 3333
2155 7748
2155 10228
2156 3404
2156 4194
2158 2724
2168 2412
2196 2379
2226 2265
2257 2270
2301 2324
2320 2321
2525 4542
2603 11328
2649 5574
2651 6193
2652 2800
2653 5704
2654 8709
2655 4780
2656 10330
2664 6835
2666 5852
2668 3251
2668 4151
2669 5554
2669 7758
2669 10607
2671 5464
2673 5227
2676 5118
2676 5730
2676 10209
2687 3167
2687 10696
2691 9606
2693 7359
2727 5210
2727 10268
2774 11334
2775 7019
2775 10242
2775 10299
2776 10214
2777 10314
2778 4312
2779 4058
2793 10266
2793 10547
2794 10694
2796 11349
2799 3175
2803 4525
2803 5883
2805 3018
2807 5250
2807 10640
2853 5277
2853 9033
2854 4115
2855 3414
2856 5468
2857 3262
2858 5211
2858 5855
2858 7414
2872 11327
2873 5878
2876 4533
2877 2928
2877 5070
2877 9828
2879 7029
2881 9976
2891 2894
2921 5935
2921 10233
2923 5321
2923 5850
2924 3709
2924 5178
2924 7848
2925 9910
2926 3006
2926 3013
2926 5078
2926 5243
2927 7423
2928 5946
2929 4074
2932 3006
2932 3176
2932 7412
2934 5316
2934 10333
2935 7936
2935 9944
2938 5320
2939 9033
2942 2949
2953 2955
3001 4521
3002 5711
3005 10247
3005 10697
3006 5738
3007 7365
3007 11351
3008 6674
3010 5711
3013 3372
3013 4820
3013 6880
3013 10554
3015 6837
3016 5195
3017 4315
3019 4312
3019 7375
3020 5300
3023 4515
3024 3336
3024 3367
3027 3705
3027 10331
3028 7747
3029 3261
3029 7411
3033 4900
3094 3700
3094 10282
3094 10286
3095 10333
3095 10603
3097 10335
3098 3167
3101 6664
3103 4152
3104 3375
3105 6745
3106 4512
3162 5319
3162 10275
3171 7360
3172 10230
3173 5519
3174 5233
3175 6764
3175 7416
3176 4120
3176 4283
3177 9412
3178 4781
3178 9642
3179 10237
3179 11354
3224 3245
3226 5235
3227 5201
3227 8695
3232 3437
3234 5555
3237 5507
3237 10588
3238 4497
3240 4359
3240 5633
3241 10253
3241 10307
3242 7023
3242 7846
3243 3377
3244 5706
3246 6038
3247 4113
3247 9097
3248 5076
3248 11303
3249 7877
3249 11127
3250 11303
3251 6825
3252 3711
3254 8910
3259 10326
3260 8492
3261 4074
3264 6181
3266 5878
3266 6829
3266 9111
3267 7753
3267 11134
3294 3307
3332 4932
3332 10324
3332 10521
3335 4259
3335 5276
3337 9038
3344 5076
3360 4307
3362 4196
3362 5515
3363 4112
3364 7395
3365 5562
3366 6446
3369 9912
3371 11338
3373 7370
3374 5200
3377 4123
3377 6835
3377 11129
3379 5261
3380 3709
3382 3387
3402 6826
3404 6848
3404 7026
3405 7757
3407 7848
3407 8519
3408 5133
3408 9853
3411 8909
3412 10217
3414 3869
3414 10560
3417 4311
3418 5515
3419 7758
3432 3685
3433 10581
3436 6682
3437 4110
3437 4303
3437 4357
3437 4768
3438 7376
3494 3497
3510 3515
3531 6165
3583 10556
3621 7370
3673 4115
3675 5071
3675 8718
3676 10290
3677 3908
3678 10287
3679 5978
3683 10525
3685 5340
3685 8493
3696 8721
3698 9883
3699 5074
3700 5464
3700 7412
3700 10606
3705 4783
3707 5836
3709 3816
3709 9100
3710 5322
3711 5702
3786 3787
3815 5836
3848 4498
3848 11126
3849 6745
3849 11304
3851 3902
3857 4768
3860 4320
3860 5945
3860 8443
3865 8712
3865 9606
3867 9409
3867 10247
3869 4283
3888 11348
3889 5302
3889 10524
3892 7390
3892 10978
3895 4525
3896 4187
3896 5070
3898 7841
3899 4526
3899 10245
3899 10554
3901 6292
3904 4788
3905 6041
3905 8453
3907 5513
3911 7412
3912 6672
3915 6825
3916 6827
3983 3988
4107 4896
4107 10606
4107 11115
4111 4932
4111 9408
4113 5515
4115 11346
4116 6135
4117 4497
4126 4311
4126 10228
4126 10244
4151 10272
4152 6199
4152 9412
4182 6834
4183 4930
4183 5245
4184 7026
4187 4737
4187 5295
4187 5756
4188 8506
4189 6677
4190 10239
4191 4285
4193 6824
4243 4247
4253 10322
4267 10550
4279 5340
4280 9036
4280 11336
4281 6138
4282 7391
4282 8712
4286 5118
4286 9826
4287 8438
4288 4774
4289 5874
4290 7369
4296 5207
4296 9111
4298 8714
4299 9594
4300 11349
4301 4729
4301 9902
4306 4522
4306 5193
4310 9451
4311 5574
4314 7415
4314 10218
4315 10548
4319 9994
4322 9945
4346 4347
4357 5066
4358 7524
4359 5573
4359 9096
4360 5317
4396 8713
4511 5332
4511 6133
4513 10234
4514 9908
4517 4764
4519 10547
4520 8456
4521 10068
4523 5939
4523 9594
4525 5283
4526 5883
4527 5322
4528 5253
4535 6914
4537 9119
4537 11318
4556 4578
4654 7523
4654 10207
4670 7877
4671 5120
4671 10316
4698 11128
4698 11333
4698 11355
4741 5318
4764 8456
4767 6447
4768 6786
4768 10640
4774 5209
4774 11136
4781 8719
4789 5517
4789 8721
4813 10336
4853 7425
4853 10574
4879 10581
4897 5518
4898 5233
4898 5311
4930 6824
4933 9435
4934 5936
4970 5979
5065 11305
5066 6199
5066 7022
5070 10324
5071 10244
5071 10602
5072 8709
5074 9910
5075 5249
5078 6294
5078 7521
5080 10213
5106 6291
5106 7020
5119 9798
5135 5259
5135 5470
5135 10553
5140 10318
5167 9054
5178 5326
5190 10603
5192 5734
5192 9878
5193 9099
5194 10581
5196 11329
5197 5327
5197 7745
5199 9412
5199 10289
5201 7369
5201 10340
5201 10693
5208 5322
5209 8718
5211 8438
5230 10316
5234 7746
5242 5298
5242 9949
5245 9949
5247 6291
5247 6810
5248 10557
5249 6826
5249 10522
5260 7394
5265 10281
5268 5335
5273 5291
5273 6675
5276 5569
5277 5946
5277 8528
5285 10264
5286 5756
5289 10257
5291 5904
5291 7520
5294 6132
5295 7417
5296 5712
5297 8448
5301 11351
5311 5738
5311 10345
5317 5849
5318 9412
5322 9436
5324 5464
5326 7881
5329 8447
5329 8493
5329 10694
5331 7372
5331 10546
5331 11135
5332 10208
5332 10330
5334 8451
5335 9036
5337 9011
5342 10599
5343 11132
5344 9093
5352 10340
5464 10248
5499 9036
5502 6675
5502 7421
5502 7747
5502 9605
5502 10345
5503 9883
5504 7379
5508 11137
5512 10688
5513 9450
5515 8456
5520 5874
5555 5712
5555 5714
5557 10252
5558 6849
5561 8714
5562 5924
5563 11338
5564 10294
5569 11133
5573 6885
5573 10546
5574 10232
5574 10275
5574 10314
5577 5905
5585 6886
5622 5752
5637 7844
5637 10303
5677 5739
5694 8458
5702 9102
5703 6036
5705 11132
5706 5878
5710 7427
5715 6291
5725 6197
5730 10610
5735 10527
5739 7360
5816 10278
5818 6809
5818 9434
5833 10687
5837 7411
5837 9980
5844 7759
5845 8525
5847 10316
5850 6137
5850 9411
5878 6913
5879 5900
5879 7526
5902 10637
5906 9451
5906 10574
5924 5954
5924 10213
5924 10555
5925 8715
5930 9902
5932 7390
5932 7429
5932 10604
5933 6449
5937 7411
5940 7514
5941 9451
5945 9017
5946 10318
5955 7394
5956 10310
5974 10276
5976 11350
5978 7022
5978 10512
5979 6675
5983 10324
6027 7842
6034 9596
6037 8440
6068 10223
6133 11312
6135 8705
6136 10307
6137 7020
6181 6674
6198 9908
6199 10517
6275 6827
6290 9849
6292 10555
6294 10688
6447 10233
6447 10638
6449 11348
6455 11351
6620 7429
6664 10547
6675 7880
6678 10280
6681 7418
6743 7390
6763 9411
6786 7015
6787 8526
6798 7026
6825 10063
6831 7880
6833 9822
6836 8875
6836 9040
6851 7373
6882 8456
6886 7750
6890 7367
6913 10246
6963 10548
6968 10316
6976 7852
6976 11325
7015 11337
7015 11351
7023 10294
7134 9606
7134 10418
7138 10676
7266 7271
7370 8721
7373 8438
7374 10259
7374 11347
7376 9828
7378 10214
7388 11131
7388 11353
7390 10206
7391 10070
7394 8471
7397 9881
7397 10279
7410 10047
7414 10336
7415 10327
7416 10200
7420 11008
7428 10001
7429 10610
7513 8458
7515 11351
7516 11321
7518 9944
7520 7753
7521 10311
7526 8717
7526 10326
7598 7602
7746 11346
7846 11354
7848 9912
7850 10063
7851 10242
7855 10301
7874 9442
7874 9606
7875 9825
7876 9102
7879 9057
8001 8092
8005 8272
8075 8225
8085 8132
8124 8576
8437 10297
8438 10346
8447 10689
8450 11133
8452 10277
8452 11349
8455 10318
8456 11351
8458 10068
8488 10259
8493 11136
8495 10303
8517 9112
8520 8714
8522 9019
8524 9450
8524 10258
8527 8911
8633 8785
8703 11336
8703 11339
8705 11327
8711 11349
8713 10236
8714 9606
8761 8784
8871 10313
8909 10307
9004 11328
9035 10218
9056 10251
9345 9346
9407 10068
9435 10346
9458 9503
9540 11155
9541 11153
9711 10521
9822 10228
9827 10279
9828 10264
9829 10286
9853 10612
9880 11333
9944 10558
9971 10517
9989 10324
10068 10605
10200 10293
10205 10308
10206 10253
10206 10326
10214 10248
10221 11346
10226 10248
10238 10329
10255 11136
10259 10510
10259 10556
10262 11332
10270 10548
10280 10318
10298 10418
10302 10691
10312 10344
10321 11331
10324 11315
10328 10521
10355 10378
10373 10407
10452 10637
10599 11319
10689 11339
10745 10777
10792 10800
11192 11248
