1000
7 8094
8 1829
9 5048
12 1761
14 7117
17 895
21 4212
25 6723
29 2106
37 1471
39 268
39 3123
42 3788
42 6452
42 6967
43 2672
45 4983
46 1569
46 3000
51 276
54 2352
60 6006
64 4297
65 1402
67 1406
71 5713
72 7020
74 5401
76 2206
78 1026
87 2503
89 1518
90 2076
91 5207
99 2969
100 4252
105 2609
108 651
115 1548
121 5757
124 455
127 2096
130 636
134 1669
138 1619
139 4924
140 949
144 3631
145 3821
151 6686
152 6747
153 6681
158 5705
162 1355
166 4190
167 6571
169 2840
169 5760
178 3731
179 844
179 3745
181 1200
181 4915
182 7564
185 3259
191 2197
192 8289
197 6628
199 2120
209 1418
211 4584
214 1504
215 5694
221 8275
223 5039
224 3678
226 7839
227 1299
230 2928
238 7565
242 5500
245 3921
249 5691
249 6443
252 3450
256 4136
258 1487
261 750
265 2531
270 432
270 3752
273 1074
284 861
284 7153
290 391
290 4662
292 1022
306 1521
307 1758
307 5417
320 3323
321 5098
326 1282
326 3854
326 6441
327 2589
331 3661
336 5816
339 771
343 7747
344 2171
346 1059
346 2097
348 6447
349 7945
351 7090
356 3262
365 6608
367 4333
368 3197
368 3246
370 7254
381 5792
390 4587
392 1311
398 7343
400 3290
403 1082
404 4829
414 791
415 708
419 2044
421 6954
421 7390
423 5787
425 8169
427 4837
430 1593
431 3767
432 5154
440 902
444 4689
444 5380
445 673
445 2316
445 2518
455 4533
455 4973
457 6915
462 795
463 4295
469 2365
479 4547
488 717
488 7843
495 7080
511 946
511 4586
514 3914
514 5694
525 7162
525 7354
538 1141
538 2885
539 5616
542 3816
545 1864
545 7842
549 3822
552 4040
552 7598
552 8037
554 4189
556 1744
559 7444
566 6809
570 4183
572 1521
572 5564
574 6111
584 7253
585 2953
585 6670
586 4073
587 3615
587 3682
591 4074
595 726
606 3800
606 7280
607 4932
608 1291
614 6274
615 1595
617 8054
628 782
631 3920
635 5263
637 2194
639 2789
639 4245
642 7992
643 1244
647 5818
647 6592
649 728
651 1100
651 5160
652 4748
652 5399
652 6532
657 6619
659 4386
663 1099
679 7604
686 6047
687 1382
688 3265
688 7770
691 781
692 2527
692 5186
698 5626
704 2144
706 5120
707 6321
707 7393
712 2352
714 4137
724 3769
727 6176
730 2774
733 3631
736 5283
744 6955
748 4883
758 3033
759 7289
760 5392
761 3082
768 7812
770 1793
771 7319
781 4751
784 2889
784 3948
786 1604
787 1972
789 7728
791 2595
792 1518
795 1829
797 1474
797 3610
800 7727
803 5013
803 7181
804 8010
805 4200
808 5846
810 7625
811 6346
811 7189
816 3007
817 5452
820 3667
822 7879
823 4199
823 5400
829 5415
832 2698
837 7204
838 6148
839 2531
850 4468
854 6020
863 5115
864 2592
865 7329
868 2473
872 7405
873 2754
878 3334
881 3046
881 3898
885 7061
896 3787
896 7397
898 3622
900 4616
904 4684
905 4980
908 3658
908 5760
913 7439
929 3922
933 1774
938 2858
942 1726
946 2185
954 3589
954 7444
963 2317
966 1407
967 6605
967 7168
968 3616
968 7743
972 5743
973 3118
973 6953
978 4012
985 7695
999 2416
1000 3225
1003 7491
1010 5247
1011 7229
1023 1524
1026 4291
1028 1923
1037 3576
1041 3272
1042 1061
1042 4077
1043 4386
1043 6031
1046 4409
1049 3902
1053 4192
1060 1506
1062 6119
1064 2680
1066 1221
1066 4666
1083 3242
1086 3897
1090 1944
1094 6271
1097 1813
1098 7799
1102 4904
1103 3028
1123 1950
1124 2406
1126 2965
1134 5098
1137 4290
1138 5588
1138 5939
1140 4726
1140 5452
1140 8178
1150 5792
1152 4576
1160 3451
1164 2135
1165 7691
1166 5117
1167 1464
1167 5638
1170 3301
1182 1220
1195 5543
1199 5544
1202 5412
1203 2913
1207 5054
1207 7134
1211 5760
1218 3381
1220 7511
1237 1872
1239 8189
1250 2623
1282 2170
1285 6156
1290 3472
1292 5823
1297 3928
1297 8156
1299 2531
1301 3816
1310 8152
1316 1594
1320 1533
1321 6223
1329 5897
1340 4557
1343 2125
1346 2531
1346 7056
1349 2499
1352 7803
1352 8044
1356 2625
1357 2699
1358 7961
1360 6009
1368 6009
1368 6649
1380 7415
1383 7056
1388 2097
1393 2141
1395 5838
1396 8045
1401 2425
1406 3750
1407 7327
1427 7648
1441 6546
1462 5085
1464 4527
1464 5327
1468 5940
1470 8092
1474 2777
1483 4171
1490 1924
1490 4818
1492 6356
1492 7779
1493 3488
1496 3939
1498 5994
1499 2306
1499 2708
1503 6832
1504 4973
1514 3007
1520 7623
1520 8152
1537 6892
1547 4901
1547 7439
1550 4324
1550 5515
1550 8174
1552 1701
1554 2285
1569 5313
1571 6134
1582 4135
1582 5103
1599 6417
1606 4550
1607 3523
1614 5447
1631 1687
1631 4386
1641 6118
1652 2097
1667 6720
1669 5177
1674 3326
1690 2760
1690 6177
1705 2156
1718 2608
1720 5862
1744 6406
1752 2061
1761 5935
1766 3392
1768 5495
1774 4466
1787 2331
1789 7659
1791 2548
1793 5883
1821 7088
1836 7153
1842 3787
1847 2685
1848 7877
1857 5003
1861 4833
1864 6518
1884 2069
1886 6758
1887 3361
1892 8288
1920 7598
1923 4926
1927 5582
1935 5317
1945 8121
1950 5406
1962 6486
1963 5605
1966 5513
1968 5582
1979 2197
1979 5821
2003 3809
2004 3441
2018 5239
2038 2578
2041 4496
2053 6207
2063 4269
2064 4422
2073 2255
2073 5430
2083 2365
2083 4371
2085 2354
2085 4626
2091 5966
2095 2435
2096 5998
2108 6863
2112 2621
2128 8204
2152 3144
2157 3180
2163 3518
2168 3563
2169 3124
2172 6015
2176 2462
2177 4468
2182 4531
2186 5528
2192 2865
2192 5484
2193 5577
2196 5064
2202 5276
2211 4624
2224 4623
2226 8043
2229 5274
2241 6568
2246 3863
2273 5354
2286 2321
2289 4448
2294 3539
2294 6991
2298 3653
2307 5320
2316 4488
2317 7042
2319 7130
2324 5427
2325 2998
2325 5961
2331 5750
2339 6552
2340 7766
2345 2414
2360 7609
2364 5260
2367 5683
2368 3274
2370 5081
2379 3309
2398 3061
2398 5050
2409 2834
2409 7335
2410 3406
2412 5919
2416 7107
2417 7799
2422 4671
2425 6895
2429 3274
2437 6711
2444 6634
2451 8157
2458 2688
2462 7658
2479 3586
2480 6736
2501 7278
2503 5896
2509 5616
2516 2947
2523 4191
2524 2614
2524 3486
2541 5844
2545 4043
2545 4719
2551 4104
2555 6658
2570 3771
2574 5396
2578 4150
2586 6319
2596 5037
2607 3919
2607 5043
2607 6855
2607 7604
2609 5262
2618 4483
2620 7594
2630 3762
2651 6004
2653 7030
2663 4791
2670 5606
2674 6383
2677 3268
2699 2956
2724 5792
2765 4363
2770 3321
2777 5125
2778 4463
2780 4976
2789 4561
2792 4432
2793 3919
2819 6930
2831 4121
2839 3056
2840 6263
2845 4448
2858 6934
2858 7164
2866 5284
2880 5696
2904 5040
2906 5606
2913 8290
2917 3800
2922 3145
2922 6776
2924 5796
2926 6241
2958 4686
2965 8131
2968 4338
2991 3749
2993 5106
2993 5484
2994 7178
2995 4557
3006 3571
3006 4335
3010 8037
3017 7908
3020 5558
3024 4117
3030 7237
3034 6599
3041 3830
3061 5570
3068 4183
3080 6156
3084 6325
3088 7653
3092 7046
3099 4664
3101 5240
3107 4147
3109 6906
3117 6427
3117 7002
3119 3378
3120 3888
3123 4678
3129 8092
3132 5516
3155 7295
3162 4428
3162 5351
3162 5551
3164 6325
3171 5754
3180 5666
3181 3304
3183 3190
3183 3604
3189 4424
3200 4047
3200 4402
3209 5179
3238 5255
3256 3403
3270 4591
3279 4297
3282 7444
3284 5533
3290 6997
3297 4197
3338 6883
3338 7769
3346 7856
3348 6356
3350 6460
3355 6406
3366 4609
3376 7061
3378 5125
3380 5802
3390 4797
3391 7021
3399 5276
3409 7365
3409 7991
3425 5773
3435 7902
3448 7765
3451 4553
3456 7598
3468 3633
3491 5182
3498 6875
3535 5500
3547 7126
3548 7278
3560 4349
3562 4229
3563 3719
3563 7932
3564 8149
3568 5998
3569 5332
3586 7335
3589 4808
3589 7835
3600 5862
3601 7113
3603 4133
3604 6255
3607 3670
3629 4119
3630 3803
3641 6328
3653 4026
3659 3785
3664 5378
3665 6845
3673 5255
3680 5489
3722 5233
3735 5044
3735 7418
3743 6770
3743 7916
3752 5822
3755 4993
3761 7652
3762 4647
3766 6668
3767 4231
3770 4183
3788 3949
3788 5260
3796 4247
3799 5406
3799 5459
3804 3910
3804 5263
3806 4136
3807 3930
3807 5713
3821 4818
3850 5191
3862 3970
3863 7290
3873 4190
3885 4741
3900 4600
3900 4663
3910 4320
3928 3991
3932 5793
3933 6719
3937 5662
3962 4343
3976 5897
3983 5469
4012 5260
4012 6596
4012 6618
4012 6747
4020 7544
4024 5569
4027 5360
4030 7675
4036 6481
4041 7120
4047 5939
4058 6006
4073 7052
4076 5916
4078 6108
4110 6711
4111 5262
4111 6609
4120 7188
4127 6636
4129 5100
4130 5064
4140 6107
4144 7724
4169 5662
4171 7694
4183 6975
4192 5532
4224 6208
4228 5946
4254 4353
4254 6815
4261 6017
4269 5203
4272 7376
4273 5465
4285 4932
4290 5738
4313 7743
4317 5255
4331 5737
4349 7108
4363 6062
4363 6124
4369 6116
4401 6935
4409 6994
4417 6320
4429 5099
4430 7357
4442 7604
4448 5427
4453 5827
4468 6700
4480 5808
4496 6475
4509 7318
4524 5117
4529 7162
4534 6148
4534 7810
4535 7126
4544 5241
4551 5783
4552 8012
4563 4774
4609 6670
4630 6875
4633 7343
4640 4733
4664 8041
4689 5126
4710 6245
4713 6709
4721 6182
4741 7861
4742 6657
4746 7260
4799 8292
4809 6620
4843 5801
4844 8286
4846 5899
4852 6161
4864 6479
4864 8291
4875 5305
4894 6863
4914 5226
4925 7108
4936 7676
4972 7632
4976 6648
5003 8073
5010 6612
5036 5675
5055 6409
5064 6685
5070 7658
5079 5908
5092 7919
5100 7719
5106 6212
5111 5232
5111 6013
5132 6456
5133 5520
5146 7335
5160 7736
5178 6530
5202 5927
5204 6436
5215 5559
5226 7493
5271 7593
5286 7315
5289 8288
5324 7186
5324 7570
5344 6469
5344 6725
5380 6148
5387 7647
5412 6790
5423 7791
5430 6496
5432 7549
5447 5737
5455 7608
5469 7323
5475 6605
5484 7231
5514 6526
5521 5920
5534 7327
5552 5600
5553 7428
5558 7687
5577 7086
5581 7772
5582 6658
5584 8069
5592 8044
5604 6670
5639 7440
5646 5890
5658 6383
5673 6955
5696 7204
5722 8209
5745 6081
5750 6982
5757 6356
5770 7352
5784 6226
5798 7165
5810 7767
5823 7049
5824 7184
5835 6961
5855 7502
5871 6045
5872 6906
5911 8050
5916 6123
5930 6024
5945 7243
5955 7418
5969 6500
6000 7293
6015 8077
6046 6432
6064 8189
6068 6548
6108 7185
6130 7391
6133 7318
6162 6707
6164 7365
6165 7023
6225 6416
6242 7277
6257 6950
6263 6861
6271 6494
6311 7059
6316 6766
6321 7912
6328 6907
6360 6946
6442 6594
6503 7882
6505 7090
6570 8097
6571 6901
6624 7348
6627 6950
6717 7623
6723 7351
6723 7991
6753 8289
6822 7101
6834 7921
6855 7728
6864 7946
6873 6885
6892 7253
6896 7049
6900 6930
6955 7728
7005 7734
7038 7316
7134 7442
7150 7597
7186 7407
7237 7387
7260 7734
7450 7755
7512 8007
7759 7810
7759 8021
