100
24247 30477
22613 11214
14751 34624
24540 3264
12211 3297
7740 26811
6589 11627
30328 30458
6247 952
1669 6582
5054 6158
1743 23303
9487 96
15170 2255
4194 8774
5410 15584
25101 22195
20258 8019
528 13020
22151 12152
26323 530
27753 9307
17784 15931
3592 26396
5575 3666
30547 27981
18510 298
1100 17680
31405 20629
2266 947
16012 27160
18694 20479
3698 12460
20832 1019
1550 13015
24121 5518
12131 20618
9306 12210
25499 16279
12283 8759
32801 14255
6537 15613
2799 30589
24814 803
9007 22252
16682 16808
7974 15971
3040 16484
33181 28944
23713 1327
19919 15298
27530 26376
5334 1805
4062 25630
8642 34908
22147 811
8167 1331
14085 1476
1655 4062
13275 22407
23506 187
13266 6755
20269 7303
2541 35671
506 21440
23591 7721
12088 2737
5198 7706
30486 366
9279 26363
616 28979
13239 10269
6954 861
6848 12292
11240 20127
19980 24714
5995 28023
17087 36602
1922 2325
11997 20199
11028 8548
17741 12128
16833 7359
6880 852
12447 6314
6593 26519
2580 7538
1064 17339
17489 21428
16218 26900
20854 12693
21641 22374
4476 33286
9527 30615
15602 22776
4772 8736
13736 12965
7226 24700
2662 34515
3599 13479
