100
31348 4290
16477 33440
11097 19899
14356 22202
42552 1521
21116 27362
13490 31424
38733 44978
5929 31459
30258 16516
35740 30451
39007 23595
12271 27646
1023 37279
9909 8071
4727 6006
20076 5961
42974 25656
14567 38170
6786 5422
37693 5133
4472 13194
3576 35625
22005 4080
28486 34105
17443 2812
33046 36440
29818 34088
4126 504
3114 18267
25887 14323
8949 27173
1403 35893
9825 27344
16621 37484
5408 35982
42224 15915
2862 37003
11760 7821
37623 20926
11441 41011
9329 22962
29956 9301
14373 9370
29513 29698
44210 7006
27035 28399
23835 3483
25074 29481
17122 31494
24885 35950
31061 4668
31133 32181
44265 2714
2718 44560
18516 15849
31175 45172
1151 17923
8022 45308
44128 19729
34537 2230
776 7750
14748 15958
8023 17923
2833 33476
36467 950
25719 8706
29319 15010
23228 31060
3649 46645
14707 4485
14566 8488
12389 5941
9935 14146
28273 33390
19877 11225
7877 36545
36502 33824
14820 24237
16250 23442
44885 21599
35465 12747
19170 1777
6968 21796
41486 29450
1151 29505
2509 18527
25013 13612
41412 10094
3239 14938
8001 31870
256 13834
41662 36100
12021 19231
7807 44656
2597 20493
29760 31275
4103 4686
27285 16567
33240 7327
