100
16040 19494
18367 12953
11615 1647
5477 11307
16145 21813
19505 1417
19436 2042
1510 17743
19736 18943
21103 19793
20999 11850
1226 11456
2124 14232
17373 10021
19467 10162
4217 18503
3550 4839
5687 4023
16187 4691
14372 20491
11771 7794
2651 8228
10067 6883
16915 19928
6556 9315
13642 19802
6420 21914
17881 776
17857 15743
8077 9017
17981 13370
19495 11803
18573 6513
10271 7681
14730 10501
11144 20708
21780 15670
14197 9319
11426 9932
16631 15869
15935 20509
17642 6759
9748 2615
5834 19246
15270 4801
14382 20023
17743 15937
18556 10910
6803 12376
44 4589
1922 20955
13661 20484
20881 8106
1244 11038
16427 14865
20594 3264
13583 16413
7865 13773
7770 22463
11548 11284
3813 21665
20507 2508
7968 11881
21195 6228
19935 3892
21579 21088
10444 17329
5016 21449
11045 15508
11899 4654
12443 12107
6510 7036
9532 13198
20441 21739
13767 7851
7963 10731
15189 17548
8022 7473
5387 11809
18188 2948
10922 10635
10987 8019
18087 20048
21281 11708
2280 14175
5560 9806
11762 19961
4815 6632
963 16269
14664 19757
8417 10440
17436 7533
7973 11867
15041 7161
18042 11929
19469 10675
19444 4853
20810 13307
18354 1530
10440 18347
