100
8215 7446
5598 3596
1572 773
10434 779
6896 8042
6768 4719
2941 6946
5415 5449
970 5854
1454 2
10070 6205
3602 5509
727 1968
7900 9193
9230 2659
7214 10194
3817 4965
5043 5213
5247 2396
4225 3810
5453 1782
5537 5912
5530 5524
2130 445
7847 6000
6850 7413
4771 3872
117 5333
1347 7107
7224 3916
6881 9062
2163 6387
3805 3923
7852 6671
6945 1832
3737 8438
4901 4093
10114 6696
6327 7161
6335 9704
5863 267
338 892
6210 5390
1487 4382
1514 6297
8533 98
8076 4611
8610 1007
5680 3876
1736 584
6339 4363
3648 4948
1252 7071
7312 5935
802 3705
6352 6845
1228 6596
5114 7002
3679 546
833 6884
8447 1723
4527 1436
7101 6327
6288 6488
7053 8820
8582 1684
8711 851
6786 3919
4784 3225
1322 5224
6927 3830
6001 6294
6508 5714
3032 703
6175 4507
3858 3029
5542 4806
7435 9910
1572 2396
9537 2908
3755 6201
2846 7632
6424 9388
5945 44
6549 7074
5597 6830
454 7947
7051 5262
4569 4382
2779 1518
5626 7949
2551 803
1411 4922
3755 5302
726 3483
9664 6610
9121 7605
4685 6614
1331 6966
567 7007
