100
3224 3409
10429 10414
6915 10517
4385 10314
1541 2935
3535 3487
2794 5288
5845 4356
6041 7422
7416 5194
4498 5845
5082 9980
7385 2796
8529 5209
4778 9114
4534 10525
5749 3815
9453 6962
665 10611
7519 2666
3033 7884
7387 10271
5249 7380
713 3237
10277 7021
4516 4780
3583 4900
10296 6455
5194 3259
8454 8712
2881 2666
10230 8458
5079 5467
3010 6850
3677 10271
5348 1497
4186 716
3344 7026
5704 619
2926 5502
8495 9852
8715 2877
10327 5331
10551 1477
2805 1445
2158 2157
10676 5512
4311 3404
7384 8444
10548 7414
3263 3003
5694 710
3173 6681
9111 3854
10030 1484
10287 11321
10063 3680
2521 2539
10334 10607
7416 1652
4299 1652
3894 3847
756 11336
610 1
5816 2096
2798 3225
2939 5464
9038 536
6136 10299
10612 5704
7873 3246
10270 4301
5118 9104
4743 4128
729 10314
3712 10339
5469 754
8455 6034
5163 9096
9114 751
3866 10236
3434 549
3361 10638
10347 3176
10820 10813
10277 5935
5637 9013
4231 4239
8453 10247
4690 10253
4112 7389
2727 11350
10253 8443
9117 7881
3852 5324
1612 765
6849 10279
5677 665
5507 7878
8717 10330
