100
636 1692
4776 6333
8295 7043
1252 1560
2170 536
3439 7771
1729 8083
1147 5896
5310 92
7348 2299
2244 3107
1407 8002
5132 704
3862 2579
104 274
6324 6082
6271 1362
4859 5283
4783 27
2762 1597
2338 1468
1837 6711
1004 633
748 6271
6006 7903
3449 7840
5378 6982
3898 4533
2129 823
1504 7086
1931 6706
5479 6790
6901 1513
2490 5366
5772 7778
3995 587
802 5545
6767 1749
6668 260
467 6523
7044 3118
2060 3176
2787 6072
942 276
3965 5016
795 5080
2670 3776
363 22
1787 24
4148 5673
7087 4354
1717 1355
4942 5810
760 3007
4468 3402
7113 7
1097 7236
4223 125
1424 211
2747 3530
7587 1510
4204 7544
3374 42
7662 7086
769 6492
124 7171
2240 44
3722 3171
447 2493
6790 2241
3748 4221
2083 7173
367 2223
6899 3967
866 2596
2793 5114
6788 346
178 3520
5563 5015
661 1196
969 4298
2316 4471
6458 1022
4779 6208
7945 1170
7423 679
6407 4099
1709 6873
631 414
6016 6955
662 7215
8163 6522
92 6523
2778 3821
4938 2923
1373 1855
1628 2659
2168 700
1986 5475
3084 7026
