50
2121 747
1235 3182
3108 2651
2949 667
2734 2366
1969 1383
1074 1879
3221 1655
2423 736
608 169
1641 1741
1857 1771
1275 1246
1079 1672
1508 756
662 2326
362 2637
2890 1468
1584 409
952 2230
804 2660
562 2954
1051 1761
2393 3070
1741 1484
1437 3098
1365 3060
38 1770
131 573
1670 538
2681 2884
2267 1513
800 2248
1992 1332
843 840
2071 487
1906 2705
1443 2559
1637 497
1075 1389
1559 3086
1208 300
2852 81
1096 2978
2728 139
1092 1163
1431 3096
2952 456
1196 1542
3269 3142
50
1453 3063
1625 2653
2915 522
1520 2809
1970 711
778 3230
3180 2890
1996 1206
2967 2551
1419 2749
2495 518
972 2360
2695 2467
1221 1540
2220 2007
387 1013
1518 3099
705 397
1365 1726
441 310
2581 1169
1900 2154
2463 2152
2505 3167
2182 131
1115 761
1277 2270
56 2111
2123 2706
2841 1555
637 26
54 1982
2945 290
1507 2587
2073 1577
239 438
13 1209
1594 1812
2741 1619
2816 1738
856 2023
1177 1341
933 2061
965 2222
2745 355
3005 1165
3056 657
7 2591
1161 3031
1592 670
50
613 2180
3214 1866
715 1579
1682 615
3188 2523
2897 3049
590 2024
76 2821
3029 1147
1759 828
214 791
2180 3147
1746 69
2110 2802
2622 294
785 1290
1646 2724
1462 2418
2932 64
1441 2107
634 3040
2872 2392
1051 520
2537 2918
2743 316
58 169
1017 2202
107 47
3132 2766
2990 2266
255 448
2764 1098
2393 230
970 2683
1073 168
431 122
2531 220
1597 1161
2887 1094
1998 167
11 383
2477 379
2043 1350
519 2144
1036 2665
1585 2214
48 1747
2349 1132
1566 745
58 1663
50
3201 50
1642 806
2681 522
1200 2048
2158 1634
1141 60
382 1111
2023 1787
244 2373
2021 2983
2443 2697
2055 1250
1061 789
367 1096
736 2084
2465 1531
2810 1596
2064 2389
123 1989
543 187
2316 2987
1765 1780
971 2092
2244 1341
1187 1694
697 871
1078 658
3067 2243
68 2103
2561 2649
3228 2301
1526 2070
2078 1525
2296 91
2168 957
736 129
1908 1895
2690 980
456 1160
2097 1721
1640 2654
2850 1814
304 630
2529 209
2878 39
2383 1048
2940 231
249 2598
3187 204
2101 2338
50
1740 934
2881 1771
2190 1296
3077 2101
1921 3194
1971 23
1219 1902
1372 252
725 668
571 2507
2535 1694
2831 236
963 862
1283 1097
1689 921
2976 1289
358 1815
787 1293
171 1660
2343 1984
363 1502
2458 2729
2761 2945
2234 2552
2406 1957
3100 1345
2531 497
1663 577
1647 1544
1543 1672
2952 3105
1075 640
1834 975
2693 2113
1330 3127
55 1172
2655 1274
3076 2731
2702 2032
580 2911
1595 654
403 3257
503 268
2923 962
2338 2776
3160 764
2146 1812
801 2192
1417 1928
2511 3273
50
842 768
29 1635
2239 1932
465 641
723 2234
722 1905
2416 2627
598 3073
2913 297
1385 445
2883 1212
2836 1368
755 1185
905 2666
789 2791
690 2829
1013 1390
171 1757
2130 2456
190 2503
526 358
152 3026
789 258
1620 2430
2752 960
1440 3018
678 2612
1095 492
2669 1306
2225 676
3215 2442
714 313
2979 991
1814 1749
1017 1765
917 1861
518 2171
2159 1729
2478 2924
1207 851
583 2459
2311 3065
2752 3112
1215 2903
2534 50
711 2531
2425 1947
1288 488
608 1994
1334 968
50
749 1889
2705 1056
2867 1141
2432 3044
2305 1839
1369 124
616 463
1134 25
220 1048
2660 1730
3014 124
1242 1465
1043 2714
1296 2541
2254 2414
542 2417
1211 641
2592 1834
642 2772
1985 2629
328 1354
586 2292
1044 1770
1726 285
2540 1057
107 1015
202 2196
2802 2463
2118 842
2847 813
1306 283
1489 2458
1853 725
1870 437
1246 751
354 1147
107 724
3113 1918
2750 280
662 135
1254 853
1835 1972
1226 1456
570 289
3184 2331
2793 1678
3211 1495
1268 3240
1912 933
1229 760
50
223 560
2080 516
2917 2333
1755 1015
1114 740
1780 2204
339 575
1065 1685
2819 1388
441 774
1539 184
587 1829
2844 237
1552 2037
1850 1910
874 1337
395 381
230 3076
2722 1373
1880 2946
3021 2726
3189 546
2153 1630
633 342
262 1960
1187 2393
1614 1886
1844 755
1164 2740
911 1550
30 3275
975 621
983 1615
2618 1084
1465 766
3115 533
897 2805
2433 2384
555 2643
614 1616
850 18
2211 1855
2414 195
1512 2308
167 2882
2893 1076
2838 1323
2597 2579
262 518
1476 2733
50
1878 853
1823 1927
2052 1336
2782 3031
3106 1599
295 2784
347 903
2503 1009
598 2544
2142 492
2295 1575
1518 1288
2761 2078
2856 1930
423 1573
772 51
1780 901
2632 1335
632 1473
2395 2789
1218 2284
67 2017
922 3021
1868 675
1338 159
115 1618
2284 854
2324 463
1313 451
2021 2733
914 2001
2350 1854
223 2206
2357 2644
118 1943
1952 2273
124 430
257 2558
304 1885
2608 1195
1315 1378
2389 654
2989 964
1777 486
46 2663
1696 2043
2515 2793
196 3071
1588 609
2331 2403
50
2257 3056
413 216
2862 1942
2196 952
1210 2754
837 1751
3009 487
818 280
2301 418
1866 2972
2319 649
685 470
2682 214
5 418
1492 902
2050 3058
1001 1099
1448 1972
2416 2970
1802 2421
208 1748
718 1177
2795 1360
1745 1297
1272 1028
499 1618
346 735
2795 2938
1052 370
2239 490
3049 1966
192 1285
1797 1657
2760 1841
2446 1855
1502 1480
2970 1523
208 2969
677 2771
3258 2699
2288 282
925 451
610 375
305 2073
2815 874
182 880
1649 2309
1277 76
2524 525
1475 2786
