50
470 395
2136 1825
1856 3088
3987 1925
3422 3788
1014 13
2989 1917
833 2951
2928 388
3742 1170
52 3594
1251 21
106 834
3046 1172
1360 1129
2802 1558
2812 2075
727 1138
2646 1528
987 3822
3571 1376
3039 1812
1907 1981
1787 2606
677 2648
3179 3091
1934 1458
1080 1408
1796 1803
1367 2758
1311 2318
3371 2318
547 1035
531 265
1065 2945
2583 949
1114 3043
325 3042
1445 997
966 1346
1027 2735
172 288
1650 1946
2114 3168
426 3352
1458 1164
2615 2365
1828 111
2044 1025
917 660
50
234 735
3020 2066
1975 2079
3151 3559
175 1993
2935 441
1285 3333
1207 2566
2341 1386
493 2710
2417 2922
258 3015
1541 1463
2335 3867
3622 1401
1451 1220
2464 1350
1090 500
1222 368
1301 617
3054 1176
1255 1500
3227 3193
2115 103
1318 1290
2524 3428
1101 3323
2634 3705
2059 3250
2464 3847
3501 1223
327 938
2214 1090
2179 1533
2365 2542
3880 1530
2093 1431
1429 35
413 581
860 1852
1535 3249
1123 2893
330 2839
3332 1768
3543 1536
711 1245
599 3204
1370 2140
3812 257
2593 2075
50
1547 3119
2320 298
764 3645
161 3205
3962 969
682 3706
3478 1444
1071 3462
2591 1592
2198 824
1951 3923
1014 1495
18 1967
2418 3512
885 228
2844 62
2074 3392
1783 2408
2312 450
3946 2393
832 2087
3663 2884
3817 3155
482 1850
3809 2005
2560 3867
2665 310
3439 2559
5 1163
533 1050
2960 2008
2902 309
3246 1771
1424 1888
3497 3725
2934 3777
2217 2218
165 3484
939 1805
3363 528
2675 2012
955 3686
2327 2783
2744 511
1957 2715
1051 2094
1563 3356
3479 1127
80 2731
2535 1380
50
1556 3083
1304 1442
1418 40
1686 2244
697 1868
2517 41
608 2085
2086 3038
3371 719
3401 159
1599 637
3092 1691
3716 2178
1454 105
489 1543
3864 654
1894 94
568 3542
1664 2917
1682 1051
3744 182
3796 1079
187 2768
1924 2944
2163 1454
1944 3842
2756 1884
1262 3013
1455 1651
2407 1720
2335 2656
1519 331
2870 2155
2976 707
1304 462
853 2053
619 3237
2194 1870
1834 1574
3830 383
1744 2040
321 3055
2402 3460
2962 140
2853 626
695 2614
1641 200
1098 855
3593 2380
1898 1080
50
73 3399
2218 3513
275 1472
2561 1173
3074 63
2527 3267
216 310
3067 3915
541 1758
2155 641
181 3639
2075 1770
3496 287
3995 902
2958 4000
2554 1277
122 1344
1504 4026
2775 639
3130 262
314 3806
549 1419
260 710
1576 2068
54 3249
1713 299
2037 1184
2293 1561
1562 47
784 1857
2026 2308
2434 1001
3452 1531
800 2865
3550 2714
2907 938
500 1171
1458 2357
3791 2676
1697 2244
2611 407
2278 3925
2168 1704
135 2335
175 3251
2530 1527
874 564
1388 3599
750 3705
3073 302
50
1863 2899
716 2140
2034 2161
3451 1468
1437 2114
2868 720
3185 3263
25 1298
1389 26
1973 3724
2383 1162
1602 239
3560 1718
2020 1417
189 2378
2988 3048
1520 636
1856 2098
1215 2051
2735 1153
3225 2952
1991 314
1377 5
134 2605
3001 2152
1552 238
2304 379
3712 1668
1111 2353
1435 1821
1789 1819
1843 105
1525 2274
158 1823
90 1605
1580 1614
351 3339
1975 2330
1170 898
541 2880
417 891
694 1175
1489 768
2637 1177
3348 2053
901 2946
249 2968
3120 1791
2201 968
462 2411
50
1544 2226
1857 3898
835 1096
1984 3161
1263 288
775 2279
2354 1061
43 3374
1937 1900
3917 3594
2998 3812
2102 3391
131 330
3301 853
2882 2746
3246 2393
1867 1371
2240 1368
2123 299
3822 3197
1093 307
2804 2054
2957 3273
1396 1312
2910 802
3782 752
112 2079
1151 2214
2765 1070
3563 58
2738 1538
2846 866
2631 134
2843 2528
452 694
3211 1460
3622 3918
3306 194
3705 1106
3043 774
2802 2078
1218 811
1325 1985
2282 856
1059 781
2215 1372
1833 2784
2221 3300
2223 4026
1835 655
50
1190 3830
1641 549
2008 1554
2973 3285
2748 191
3332 3491
1817 4003
801 2357
340 3166
64 1706
780 3329
2016 1320
2834 2743
1481 3177
2380 1354
1055 3120
1644 2660
1532 37
388 309
1569 712
3631 3053
1805 1873
1956 282
702 2086
567 1644
373 15
2133 40
3249 318
58 1406
2751 2014
2366 2204
148 3255
342 1258
3138 1354
908 945
1194 989
2069 2172
2782 816
1117 2286
197 2684
1729 2764
612 2769
3881 3086
343 290
2941 1767
1824 1839
2131 140
402 3820
1375 2635
3003 3186
50
3890 2078
998 2273
916 2098
246 922
1064 680
1394 714
1206 3678
269 2816
2849 2684
3310 2024
1074 11
961 3122
491 2299
3437 3373
3869 2682
2764 1116
2950 1583
2591 828
2307 1609
2522 2634
2488 2791
2981 789
3839 3275
312 1426
247 2339
2639 2840
1333 340
2004 3181
3331 1445
1311 558
1359 3326
1242 3170
2407 2012
1268 2995
1818 1590
3317 2907
676 293
3490 1924
531 1935
2995 2501
2747 1325
1452 1397
3407 3321
1436 3705
3378 1011
669 1878
1872 3028
2207 292
728 346
1708 893
50
1995 3793
3087 3837
2789 1880
2846 3106
3123 3207
1039 3330
1453 3328
2025 3960
3890 352
1519 2220
2731 1585
2265 2629
402 2313
3144 1293
3749 1729
3026 3893
433 2513
3273 1730
311 579
3316 3870
1968 555
3060 2793
584 332
1868 1705
2188 2894
2487 571
1564 3547
3581 527
1871 2830
1576 989
591 3739
2134 1550
1661 2052
1832 2381
1103 3372
3220 591
3252 3046
2219 2333
1067 136
2552 2586
3135 1918
177 2548
320 1226
295 1488
1634 3323
1935 3730
2110 73
858 95
1907 2321
3391 2402
