50
233 822
2959 1677
2834 1974
2594 1516
206 1002
3134 1468
2428 2760
1634 1446
4023 612
858 1061
4045 3960
3400 2095
1490 75
2340 3384
736 1831
616 2096
233 282
2307 432
2505 1585
2616 679
3706 1042
855 3281
1076 137
966 209
2278 1369
495 3455
2830 3278
1532 2712
4085 2706
662 1832
3978 436
764 2174
2075 1184
1182 1987
1666 704
1257 1076
1868 3304
1108 1937
1516 135
3119 550
13 594
4062 3697
1464 2189
2284 2998
2060 2258
506 2923
967 2553
531 1929
4014 3689
3006 585
50
3718 655
644 2486
1278 3916
3746 1885
2575 993
2024 881
3698 4222
2067 1172
1266 2260
1758 421
1096 1862
2627 2559
2998 332
1872 718
2867 3854
617 1430
622 757
49 3238
1428 3599
55 1525
2413 1629
999 1314
3859 3148
2612 4271
1328 3781
2967 845
20 3999
3360 4222
3188 3841
1488 2307
298 1017
1174 3906
281 432
515 3461
3799 40
3629 577
759 1419
949 3763
3191 2676
2347 2411
2517 885
159 4005
3830 3913
1140 364
604 1244
3504 3840
3642 1346
345 4205
4053 193
201 1056
50
2998 3321
2634 1241
1267 594
165 2137
4383 3511
852 3373
2073 3252
1588 534
3029 687
857 48
834 2290
2772 2827
2190 1488
2277 341
1651 2288
1475 641
4025 618
1812 142
4145 698
3444 1636
807 3114
1861 477
1019 3190
3056 3255
1377 2825
1255 91
3207 3500
3177 868
3718 1547
1145 1856
545 1164
1615 2757
3202 2253
711 840
1756 3203
3101 19
3357 361
2393 4212
654 409
850 4214
2620 1408
2073 3276
176 309
2036 2552
49 1638
2030 134
1103 3138
691 764
1489 4298
1362 3286
50
2231 1148
945 582
2963 403
3041 3536
823 3685
3761 685
2652 3721
3123 1860
1704 2823
508 2841
2936 3977
2061 2497
4277 2251
652 879
1505 4032
4116 3413
910 3371
318 1847
3241 660
3883 1458
1259 1294
4333 3058
1666 3096
4226 3922
399 1094
2570 3136
502 1899
1931 1470
1425 2990
2102 908
2221 4015
3377 1585
1385 3944
1552 2819
2066 742
2309 1820
530 2461
3345 3612
3015 4122
1417 2445
3452 2961
51 375
1804 3607
1186 1358
1857 1247
1101 1786
2985 2142
3298 1306
1834 801
2112 342
50
2321 3421
778 3287
3436 1455
990 1684
1340 370
3667 1678
3073 2211
1711 3164
1919 3002
379 1696
918 984
2402 2520
1196 3508
2251 2485
2424 1709
2416 1286
762 380
2770 2160
2000 2850
4060 871
700 1394
1405 1702
2931 2570
2201 567
2611 380
2013 1177
694 3120
1818 2127
3413 4391
1157 434
3843 4020
2758 286
3844 613
3796 3691
2102 2897
1232 581
674 3595
523 1508
2529 3165
2241 634
3752 4058
230 1441
2417 529
2762 3570
397 1108
3857 1926
2595 4412
2337 1995
3545 2417
1660 3748
50
2714 3172
2319 243
89 557
1402 3026
126 2934
4116 3559
653 831
2295 3400
82 3174
3212 795
228 1299
33 1410
1684 4127
3003 1332
1331 4090
2504 2078
1426 2820
95 736
1581 1434
1997 3565
542 4158
543 2120
3287 1195
536 3309
3259 1690
760 1744
1785 3399
795 2848
3124 2584
2518 3854
3762 2242
1672 3396
3410 1656
3210 2802
3812 2287
2359 3611
2130 2646
3801 1859
1830 2371
4135 3455
3591 1211
2856 1141
3799 4082
2062 390
1807 653
48 440
801 650
1580 1070
389 3935
1917 520
50
4382 1342
1338 2154
277 2747
3982 1972
248 4392
4367 569
135 3457
1306 784
409 2044
2831 3683
2846 3392
889 2904
3213 1936
374 2747
1823 1092
1809 1567
2812 1373
982 3042
926 184
2660 3182
932 3772
3763 1385
302 2956
164 2719
4376 1076
3597 3232
2176 1145
751 640
3990 4025
1917 293
1163 430
2165 4116
3773 1777
1302 95
1184 2298
3003 3362
1073 3471
2945 3891
2157 1881
2840 666
219 2254
1674 94
1028 399
3917 3970
3535 534
3411 2522
286 3618
55 3133
423 3421
2199 1509
50
1790 3992
3259 705
931 4083
1386 340
3207 2133
865 3684
1802 4356
201 554
3436 1935
3368 2704
2470 339
1739 3905
3468 59
2364 2098
3304 4132
3064 786
680 2253
3756 3544
2456 1882
1072 308
3263 3021
418 2798
1021 3825
416 2171
3438 1032
270 1151
3555 12
3952 2035
3775 2101
2928 272
2545 2165
83 2083
2994 3149
985 4145
3941 154
1606 530
3210 153
3336 699
2333 2833
670 3286
1499 2986
1560 3590
4243 2104
3363 2823
1305 1507
3224 3411
1191 2117
4 3
2597 3210
3938 1474
50
247 3451
3843 2135
3016 1902
1385 1174
797 272
3619 2009
812 750
3899 662
2752 936
1104 1663
2401 3514
3727 767
1423 903
946 2245
4251 1969
21 1442
2881 3092
1237 3722
1331 2480
225 3572
2326 1135
4367 329
3703 2765
2287 343
2719 731
2550 1260
1669 1349
4307 3609
2841 433
220 483
1570 1170
3250 679
1369 3027
662 1880
333 3679
699 2582
577 4017
1574 2963
2455 1170
412 466
3913 450
924 2615
3367 4043
3877 1640
1503 2354
1055 1598
1455 1640
1315 3095
3674 1449
3453 2520
50
866 560
138 77
2147 3426
3805 3667
2128 1310
2402 4367
3939 3045
1735 1812
2901 624
2142 2837
1580 2891
2514 441
1573 843
3196 1484
3918 3841
3577 2124
548 504
2166 1239
1302 3867
3073 3578
1176 2328
3896 4018
4176 1059
2070 3888
4097 2486
3114 1697
314 380
611 1215
2688 2649
2960 3224
2252 1847
547 3498
3650 3931
2153 2290
527 3230
1328 3616
3635 452
1224 4393
926 4221
1809 2090
3596 3845
3953 1396
2583 1848
2765 355
999 2033
2976 3673
2089 2831
851 2722
3298 722
3206 211
