50
16205 10474
1965 11707
617 6672
13887 3258
8046 13057
18219 1023
18473 16765
6933 6122
12567 1636
4978 2744
1441 15596
10953 13227
18429 12017
8907 1316
16394 2867
1695 18243
1712 18441
2416 16413
4170 13718
18283 9295
13887 9256
5471 14509
4343 16057
3974 519
18724 553
12989 2820
16597 15611
7091 544
14164 8964
6084 12707
6285 14576
3929 15401
12327 4140
5562 17595
2763 2788
9789 12645
9408 2312
333 15062
6641 9994
10892 12184
4650 10003
8049 4394
15925 5366
4695 8864
9662 3657
6058 5649
18270 441
918 14540
4551 16019
4469 9638
50
4628 6837
14997 13301
12874 16514
13888 7012
17256 5546
9079 8492
9001 11720
9614 9726
12348 9224
9341 12707
17488 10193
9968 12569
16787 6040
9626 13292
14136 11312
14898 620
6076 9241
14049 7240
16988 17958
7574 1197
3999 16955
13084 7815
7723 9707
8728 10138
10687 16629
13698 16756
4390 17065
13398 2745
14072 2990
8683 6999
2991 3982
7163 14017
14453 12870
16823 2646
10791 3812
8894 16712
15455 4521
13511 11605
8968 12964
15172 3580
7347 18058
15356 17455
5711 2554
15787 920
10081 9721
18010 775
4857 3102
18658 3243
3803 18407
3620 5949
50
2089 15233
8316 1264
12141 5945
17844 14387
8783 10605
12245 18133
13985 2667
348 6855
4866 14392
7559 12799
6271 17649
16915 4296
3413 14424
13169 15705
10550 2934
9869 16065
5809 6151
6806 12520
30 12471
16814 14236
4622 989
13658 9020
3897 5335
17822 7577
13301 9470
16989 5123
17306 12024
1711 15217
11834 16523
17511 6521
2158 316
15845 4509
2730 8673
10981 2311
12318 1088
11971 18342
4530 4810
15483 17959
17684 5555
10119 11196
17868 17244
567 16002
5978 5588
18630 7789
16800 16321
604 16710
1360 8553
17472 6976
1932 7615
8560 4255
50
4814 4191
14663 10798
16722 6392
4125 2212
18336 18248
2477 11098
8795 17418
18014 8152
16602 4481
7835 17516
11922 12636
18542 7891
7076 6490
10882 8267
6725 2681
18344 106
16218 16775
8299 3367
8161 12140
4332 8354
9175 2522
1415 6877
14384 3568
18760 17397
6807 11702
15738 10527
3140 16682
17499 4208
6409 8323
17275 7096
7763 17668
11364 17182
12961 4440
12251 9253
3298 16211
12153 16049
648 11857
14934 4441
17414 968
3268 17760
13899 13190
8834 5155
849 479
5027 1115
10004 10365
14043 6959
9188 10268
9513 13721
3304 299
4048 4034
50
967 1935
2980 9454
6389 8606
17861 6900
5555 14122
2091 9754
17430 2999
6625 11779
13637 417
15568 15684
14017 12279
309 9773
10622 9801
14494 9167
5551 1428
12446 17835
12363 17012
17517 246
4685 14524
13477 11882
18434 8458
14037 16763
16222 5636
14729 9833
8238 13369
8077 6524
9631 11898
17037 1286
4107 16922
14015 6589
7002 8766
14701 11233
17607 1604
13291 5439
16272 1099
2031 11714
7804 2698
11582 11833
17535 9812
796 15621
9492 16307
3413 777
4998 4813
3991 7742
15065 17398
9288 13077
9639 1522
12408 17224
6620 13012
3537 3690
50
15002 10915
10643 10618
2154 18045
8073 7436
2806 2204
16006 3823
9059 12353
11813 4759
7285 1682
13690 2577
4118 15753
17538 1467
18521 2098
6582 12587
14509 14176
7431 12524
18267 8379
12014 4438
6444 4070
7468 7629
7751 5195
5090 14709
17727 12706
17533 1439
5915 11792
8946 4179
7768 17882
8885 2958
12417 2868
3255 16867
11550 625
14576 9260
12741 9874
16220 17731
7859 9571
5208 17474
15549 2233
4260 17106
11235 1977
9390 16774
3434 4505
16818 1995
1753 7082
18300 13557
8809 13089
3713 1402
2496 7170
13638 10924
10636 10609
17834 17372
50
11235 6335
1977 1135
10901 3319
5430 15365
6353 11770
2562 3949
18627 17541
6196 12281
6209 7714
10935 4822
13258 15433
992 17604
4908 8663
12210 9212
13005 14973
4528 3092
3255 15034
3010 13980
11320 13063
17470 7722
10087 13882
10807 8948
7270 16651
8567 16740
4971 12470
17159 17682
13149 6218
14415 14671
14006 15659
10906 6496
1632 15948
1050 6091
17107 7341
5409 10887
3027 12267
1295 5576
13585 9105
5049 7466
3511 16942
17061 17992
17661 18401
1832 14458
13831 16833
10310 3799
5963 11556
9516 9515
12031 15594
7994 18609
5751 13987
428 949
50
10097 5454
8148 6798
17304 6908
4252 4706
15090 9636
14673 1956
966 17834
12772 15615
8187 9371
13536 7486
9655 10548
11950 18460
10609 15212
5379 5503
7213 5460
10295 4239
15992 12598
4997 1633
3013 17384
15190 10714
6374 4443
1134 11967
4595 12382
13288 15085
17838 14437
4092 14468
6702 11272
3084 7574
76 1102
3445 3645
4169 13845
10681 11251
2063 484
12821 11404
7378 3490
14960 17405
17507 8535
15553 13762
4733 8596
12011 11372
69 13428
1206 15995
17105 12192
17657 892
7036 623
995 3728
7473 17834
2860 6422
107 674
15939 6503
50
6813 14707
11380 7658
5790 9974
16555 13070
6852 6709
1864 16047
11370 15374
17241 15844
13405 1720
15014 2668
18157 7823
12788 6250
6634 16774
9894 16971
4757 4748
5738 16125
18135 12421
13921 8066
12706 189
9951 2907
12159 11808
18593 18612
14967 1833
2832 4621
9738 3746
11087 10086
15121 455
10417 9503
13950 3837
17618 10225
18707 9857
17563 15962
8767 3133
3281 15898
3611 5696
13371 3370
15422 16352
7174 18078
8998 941
245 17575
3392 8894
9111 13543
8500 2966
16081 543
1770 9676
6450 2837
16434 13397
9862 2878
5311 927
8210 6652
50
6644 13489
18296 5592
4796 2589
11797 13953
12414 18663
18742 16724
14225 12115
8989 4677
13511 15743
10324 12282
11593 3194
5408 4986
15283 18718
2151 16739
1527 15184
1563 15838
15694 16291
15714 14701
9973 5286
13411 650
8454 7008
3192 6422
7999 11817
8340 6006
5242 14796
16839 14478
16558 6139
12717 12307
17669 3459
9630 7006
11440 2098
16926 7334
985 11041
14549 8154
863 16949
8508 18463
17504 8891
431 12486
12000 7339
7108 4210
10293 7834
7986 1222
15308 14464
14526 17920
615 3354
3026 14316
16978 3168
8760 1668
9136 12321
17149 3455
