50
33130 22362
32046 113
29693 30892
4410 36206
32696 39553
773 21385
21642 1155
10220 238
27495 39950
10363 7067
35202 22815
36815 9005
17480 39729
6237 345
1787 28591
37919 39851
12624 4243
26563 5479
12317 14812
11177 9985
18584 10022
12296 18206
33172 5722
38834 28454
14879 17085
34623 3938
39805 21976
16332 27841
36608 20438
10821 14503
19231 20161
2314 22602
12785 15883
13078 33558
31006 40362
39165 20052
11071 36389
23140 35736
31195 36366
24723 11064
8156 39169
22333 10790
31133 34166
14169 18053
38619 35865
33400 38452
22158 30638
3464 672
36754 5327
4956 16440
50
23456 5316
23642 23533
19946 32872
7236 8708
3801 30340
37837 6853
16222 38871
31844 24711
22755 1119
12001 11625
12777 10417
17714 6373
4866 36821
7629 14767
39520 21331
27042 11327
34066 5306
9412 20975
2558 5210
21995 17085
24298 7216
17514 7640
10645 10812
40299 2348
15856 35262
21511 3667
32245 20512
21728 38065
26222 26287
5793 29855
31660 19145
27187 13938
37826 6265
27189 26787
3635 11386
253 8314
18051 1779
23884 10809
35192 21306
36770 6558
10650 10377
28787 19667
35502 17657
20243 13979
25204 3710
38871 28918
3081 10382
13373 24367
17650 18392
30084 5955
50
30983 24668
34147 10946
14203 19544
13853 31562
19706 18423
18391 31153
21653 6052
24503 20505
40185 38003
1214 11728
13165 28712
37635 29550
4601 7736
39318 3410
5003 17077
31069 6533
29817 11078
12440 7452
17143 8415
32489 20088
1434 25776
33708 37185
20992 35916
11437 25290
20084 10543
25783 36780
25572 7225
24156 17333
3301 31300
27434 19940
27486 6600
36998 19397
19336 1719
18242 25224
22680 8276
12184 28923
7222 29853
4724 19274
37407 16337
18746 13694
29412 5719
27888 27081
18849 27772
32820 441
20325 9728
35828 16228
15940 28930
37394 19118
5075 28189
30365 26762
50
2092 6043
20352 599
24225 10177
2066 25564
14337 5370
4463 17989
2437 10983
29765 25812
18336 32289
25225 15970
38715 2907
17289 8194
31294 26556
11354 16938
9154 29892
27535 31709
23244 37658
34504 6336
28831 976
22481 22908
6476 29457
24925 14251
28033 16536
5847 38018
35461 8051
13515 5519
38634 36952
2157 18785
20634 24232
20926 32864
12258 15828
23968 2041
2233 5714
27196 160
509 23573
4276 22492
831 5253
30823 2445
30158 11622
27232 8519
10561 22389
28914 27066
39484 19443
21701 17663
31150 11999
28038 21316
19096 37868
16321 27121
6499 6570
9140 890
50
16554 1634
3037 37798
12672 6968
37334 34382
10748 27429
30409 6980
2455 5873
23494 569
22068 27390
22365 15899
12146 8902
1741 10403
23571 10906
16533 4401
35158 25094
482 18813
40192 1468
2160 2725
23300 21050
20707 16315
33415 16972
13021 2498
7326 3155
4869 2869
7028 132
7147 13417
6676 4433
4695 3205
7964 31951
19286 3629
26443 6093
9852 38477
6160 986
7691 699
38134 36780
20057 36413
31017 40381
13897 4875
8503 15349
36217 8826
15788 35072
18562 14653
2632 1763
24699 8684
24280 12929
9472 14385
3688 17641
36265 24759
24511 1646
7232 15161
50
21071 27400
37506 23547
5563 30982
16465 21539
30822 32590
29743 3375
7378 23055
21914 6641
7696 21231
27677 39515
33429 3573
3419 11467
21932 25313
21153 22085
10087 24889
13745 13332
4010 29380
39125 20466
7125 9984
37998 9656
10849 22613
36406 35486
19230 6120
23846 20279
6757 3111
19518 19056
38817 39184
34993 22318
34865 7571
8774 39355
32740 11955
33604 2575
4758 33511
6450 15323
6242 37928
4303 26133
3708 7070
24535 8178
3634 3604
14113 22604
21956 29537
31628 32070
20599 14429
39903 24411
27631 35432
17279 34754
26525 30145
16826 40158
28559 2696
17371 21296
50
16147 752
14549 19392
37869 12279
14140 16479
8759 40080
21860 31777
11763 429
28775 12441
13539 27913
20496 11518
22107 7448
26122 10548
20445 5707
13434 24425
10783 22694
28909 20799
18505 16977
5835 11119
4782 12252
39250 15865
34403 18796
16688 34931
30142 6274
36472 26825
9455 25901
22077 19499
9902 14593
12801 5864
17294 6135
2795 18790
34413 5743
8054 37928
5639 28352
33223 20583
25308 10126
17948 37898
640 25290
36286 39343
40026 35388
589 29359
17817 5221
34287 26803
5509 23373
1098 118
20688 29905
591 4154
32860 12038
2746 29125
9147 34443
29230 10211
50
36253 6150
30577 5096
24804 19259
9127 26423
24323 38197
17480 14802
9078 30819
24452 21399
19641 33599
22088 39760
8363 36028
5680 15370
1788 33356
6301 84
7631 38659
12222 38937
24054 2308
35535 26455
34387 19591
19067 26722
18285 36793
3758 28205
4439 36985
7828 39239
32959 37598
27386 5346
3853 7386
18830 10165
33604 39555
36985 36620
9068 25814
4652 4671
12475 24794
10563 34479
27226 10964
14950 37312
37806 17756
21409 6394
29328 901
35027 10786
19602 1296
25320 3225
4880 8688
16062 15943
9598 10918
15906 34095
1960 3359
26099 37217
554 20196
15870 18133
50
34489 29779
34610 4016
9085 265
39043 18226
29983 33722
6847 8522
13231 14216
7804 3451
38329 17947
10591 22925
7813 24816
17438 20053
34646 20412
17391 369
941 38346
22109 2086
25307 29284
16157 7689
3618 10847
22274 15234
5387 1005
5986 11792
28825 6442
11220 33223
14189 19511
4514 19548
15032 22292
24580 4862
3527 26126
426 17556
24641 21741
24046 16270
10767 37302
5235 9598
37377 37258
11580 26914
9457 2338
29902 14551
3882 32138
10503 652
20392 18333
13683 6074
14386 11825
2347 25557
16200 26555
18190 26696
22360 37024
5895 38975
18713 27708
39514 30482
50
3990 4612
18825 7035
6142 34987
7601 1668
7018 14021
3774 39019
8715 6224
31956 33792
38936 35962
1578 14021
7267 7804
23594 11928
13675 14289
6902 4337
22010 32507
20591 18428
23028 15751
18900 33095
24462 3980
33381 32901
14782 28743
25700 36796
39554 1840
14247 21547
11274 25339
32830 18532
38595 29866
11527 12896
15516 20087
5947 35250
12637 5004
33027 18047
15656 15606
1015 11929
4799 2757
22471 12085
20373 23553
31272 5045
17518 25134
31724 27456
2644 25524
21429 5852
17753 5867
14397 9014
9821 15116
34508 18174
8058 37979
18202 11236
36740 37315
37162 17239
