50
14156 3548
12695 9271
185 8158
21963 18194
980 10728
18015 23679
22190 1182
7361 17482
539 4966
23044 23220
9507 4196
5690 2820
3220 22329
5635 23060
5835 23985
23139 133
23314 10056
22526 2785
21884 13639
1326 22265
17572 13066
12938 24103
23665 8357
3502 20775
4274 6758
21300 17559
5632 7026
8084 14135
7427 4105
19079 1551
962 4488
14200 4003
7349 14349
19916 9082
5883 2689
21007 1266
11597 20083
8537 13898
19790 4907
5854 5966
22832 16081
7614 17349
7162 1803
20577 892
10085 20753
21372 20752
13117 23153
22569 4789
2357 11455
20997 8641
50
13643 6850
12963 19833
15454 384
10890 12460
4904 2570
10830 21587
10937 24026
10313 23964
3177 20190
11553 18941
23565 20664
6088 22401
5184 8427
17622 2156
6887 1172
4439 23788
12294 4443
13512 2124
8412 487
14002 23213
7581 11725
4094 21860
21952 16596
13172 16648
12525 6231
1036 8060
7691 14649
5368 7233
5720 16116
18463 6750
307 6823
7873 11095
19251 17879
17040 15
16122 18960
10119 11546
16278 12577
22588 3645
14797 6333
6231 21783
14028 11485
548 5565
19269 4188
10949 19163
3586 3781
6757 23066
17022 12517
18778 9114
5716 16478
9527 9670
50
119 15407
7749 7086
5367 17066
9786 3406
9337 13068
7457 18808
13571 16621
5970 7812
7323 16693
7459 185
8925 5679
17769 11024
14414 5599
19924 12546
3086 10556
1946 22562
22847 4628
15088 3279
22842 10973
4977 2483
9910 13015
18336 1439
23024 22201
7802 12603
15725 21469
23756 21850
10488 2859
733 3213
9409 246
10320 21233
10834 511
12663 15763
21159 21792
16534 13548
18806 3661
1635 7264
14875 5159
20118 1724
2981 5169
6665 13794
3787 23753
3374 14143
1420 16353
16195 4617
23259 2754
12091 18638
720 23088
21735 16124
75 5364
4785 8997
50
22798 23912
21754 5590
13030 13820
3035 10978
8664 10854
19628 8980
5882 16359
16860 17116
14564 21660
11468 16659
9790 7489
9454 20226
10428 10061
22308 12619
4223 11396
6277 13097
14935 1049
4175 17152
3076 9097
16367 11175
23940 10710
19088 14472
19045 16121
24018 2802
12956 10740
12389 1607
1419 373
19826 1891
6822 23914
6843 14756
11332 21924
2996 15226
8788 17494
11512 21845
7758 6248
21556 17147
16226 6315
2111 16323
5429 7550
8000 12303
6969 5535
13904 21594
18811 12509
12739 2932
16529 13702
19308 4415
4474 15861
9869 2004
11872 19584
20079 3725
50
10160 19087
10666 10176
21727 20788
9981 3092
12591 4985
12508 5916
16460 1773
41 3610
1784 3726
1605 23808
2629 12235
18297 17086
15945 8540
21489 22236
1608 13330
2627 7253
15717 5999
7766 10124
19188 13781
1972 2093
16676 17350
9343 119
6772 20400
7382 16598
20996 12421
14426 11387
15462 17664
1648 12234
1886 16017
4409 5486
3650 5030
7372 10239
4210 10064
3041 22809
10588 3302
6275 10857
3360 16916
20392 21357
21400 9237
23789 21920
10742 6898
5559 19695
19977 14216
1146 10313
11519 1135
19187 14060
15995 6205
19899 19152
18937 958
7497 12226
50
11450 12056
1933 14549
17045 18017
20931 15043
10897 1684
13711 18202
8909 22563
18457 16075
4546 9075
7683 16370
18771 14502
15168 23487
18477 10818
2722 2603
3229 9715
7539 8609
12290 23431
4991 18993
15366 10454
547 12267
4778 10854
21856 17602
17545 5980
10513 16682
3032 1311
20443 9867
8860 3753
23240 1913
6138 13885
10897 19059
17039 18720
13672 15497
23627 17619
449 20986
1049 20115
15846 20301
21497 19682
8903 21659
10979 12378
11340 2581
10841 22159
13586 9707
16791 8592
2931 17017
23706 22715
3197 10175
15196 23539
6255 20622
4502 21334
21346 18784
50
14777 6493
15905 17570
21577 17438
15239 3508
14786 23950
11336 19441
6141 15113
22735 18798
3968 18580
4189 12771
19459 2354
800 5853
7209 10775
21978 7349
5245 12629
15340 4368
19761 11201
21888 12008
22855 19084
3162 22254
24030 4121
4127 4248
4319 10244
13705 22101
22749 15945
12591 9890
15995 12513
14750 19985
14548 6885
2053 16940
14149 10905
12180 24031
15730 19240
13263 7580
19376 20833
14073 20960
13480 18440
17780 17848
22067 10870
16053 9139
18281 5500
19584 19134
6931 6123
19562 3976
5798 2588
12816 22188
18049 7825
3797 22846
10697 5762
20596 21758
50
23121 13039
877 2710
22953 21296
20332 12118
15944 10703
20367 21664
6100 17767
524 20362
1380 6489
24082 14727
72 8049
16443 12170
12696 20255
7608 20912
2593 21124
5809 20034
23861 10068
18772 16942
18428 13665
22588 1598
3483 16159
6836 4764
7744 13500
2660 12003
17594 3989
8089 11294
9379 17977
6081 7156
9072 11993
7985 21261
7386 12680
15417 3426
21097 6553
23538 13976
17520 12115
4650 1055
14891 9585
22727 21546
6027 13687
18313 4568
13699 24097
8304 3042
7473 3215
10702 19693
24029 22903
18418 20787
8352 19273
6508 23011
22471 10426
6697 5359
50
9445 10599
21037 5580
6829 12169
17291 16418
11828 8910
12258 10206
12845 13250
3339 5640
4414 1738
10359 9348
13575 19103
478 23665
613 10907
23792 14364
4374 4328
14948 8395
5402 2197
3726 10913
4124 23932
20261 20410
9962 2842
8377 1856
16081 11223
21080 656
16851 7253
8283 6933
5167 2267
20892 2572
10473 4637
17664 1093
2388 9158
14233 7233
2562 18986
2216 17892
4087 12180
22039 16421
3001 11145
13573 9965
19359 17899
14202 10110
9887 19729
19077 10592
7790 23841
8002 21981
17992 4486
13979 6436
21587 20507
428 6417
1019 7973
4159 23043
50
8261 21632
19052 4537
728 14856
18825 11324
23688 19210
9247 8210
371 14921
15347 16837
21519 18396
14694 17011
10799 5615
15705 14903
14258 17159
22924 16252
6260 22854
14397 11271
5847 5953
18077 7649
22051 2091
5186 16815
21869 10191
11156 23
9409 22971
22815 4190
19916 14670
18193 5899
18079 21780
1954 14959
6763 8576
10919 11307
6636 5547
8160 6292
22853 1917
20847 4125
10107 17786
4224 2301
18192 3216
430 2741
20958 22498
397 21830
5231 21819
14475 6471
1061 12207
2774 8617
22731 17042
8959 746
18498 5963
6181 14871
4039 19236
1428 17130
