50
17268 16010
8781 4349
15521 17199
3611 276
14145 9543
8606 8702
9543 16783
7359 4291
1632 6434
15380 9611
14598 16782
6382 6837
9427 9189
10587 13790
17665 10914
16695 13618
17416 15104
6924 35
15608 16325
16497 14084
14400 17109
13292 10661
14061 16739
13940 11893
18402 19307
8266 3139
7026 634
14175 15187
11227 9912
6086 2506
6227 7155
6691 8490
710 1657
24908 21975
5415 6931
3940 3999
14083 10315
13473 10614
6250 5461
12566 17444
12903 11589
16307 14985
3961 4472
2698 1369
12643 15657
5411 8316
4238 7557
15460 14346
1162 5861
15659 10906
50
4634 5988
23050 22388
16050 13903
16030 12349
4811 146
11216 17512
11217 10079
17057 17310
12206 13161
19313 18346
12860 14059
3186 7234
10619 13288
478 2104
20119 20309
13504 15054
15712 17303
2596 4078
6854 2223
6036 2118
10115 15265
480 2314
6997 1060
11486 12950
11126 16456
17538 9522
9018 11103
5285 458
2537 842
2947 2846
5045 5618
14258 16662
14742 16325
8410 2053
247 6776
10997 9457
14370 10951
1313 5665
1877 2138
3523 6888
1530 2369
18792 20152
475 2162
10506 10870
20745 19404
15509 10853
14254 9726
8586 5918
2464 1070
6693 1876
50
10444 8909
829 991
21631 24679
13486 13258
20282 17841
10541 12580
15179 14868
4008 1894
8754 2689
13121 12831
9940 10918
12665 13031
6647 5987
8556 4123
16263 11333
6055 7032
3724 5720
12951 10970
11371 12585
5490 8607
14093 9853
1696 6805
17582 13660
21352 22239
5850 6126
20749 19295
10408 17510
800 6274
12791 16089
6601 2937
15268 11209
15499 11493
7039 6768
6118 6482
12052 13974
21351 24432
16968 16434
3124 940
6802 2573
13269 15302
7385 1051
4642 5373
3444 6349
19051 19063
2062 5502
7545 2447
20380 19086
16822 10859
7287 6523
286 7403
50
5069 5437
1531 5511
5216 4290
12729 11687
1284 3113
2591 736
2699 1071
22215 22454
11424 9314
15130 16070
4129 7075
13410 12997
9841 14267
1852 3674
20992 21150
9649 16682
8246 3146
7795 6906
13904 9623
9031 12476
17391 11072
14136 13920
7007 1739
2413 4580
1508 5234
10745 10353
4570 2767
6505 1397
4278 4262
590 2054
10908 8889
9114 13960
23633 22705
6248 1428
2237 2568
5134 998
12358 11129
6745 2108
11300 13763
6552 7359
3278 5808
6931 7447
11244 10587
10285 17052
22362 22017
11394 15505
10694 11735
22403 21999
7635 6625
7398 3725
50
952 5827
5941 3347
13330 8916
1208 6998
12937 10353
11282 16328
4472 5787
2463 5430
24555 23323
192 2313
8566 8638
3299 5478
147 6369
8449 3954
16148 9537
5542 1438
7540 4748
3925 7215
10615 12392
15365 10567
12139 10179
17582 13378
1283 3965
1375 1291
22683 22837
9368 15139
2456 1639
7985 3496
11946 10255
24845 24561
1739 1691
16384 11288
17449 16161
1243 5920
6479 1804
7285 6433
7823 4242
10528 9301
15948 11426
16561 11856
18196 19631
8777 4738
5218 5413
7225 2707
14383 11600
14196 14737
7288 7923
8080 3305
5337 4933
4183 7799
50
24898 21301
13221 14507
21126 23656
12345 9336
5592 4037
8286 3921
24560 22092
16728 15831
2611 665
9782 14057
2437 3339
17277 11706
16472 9117
11314 10274
15737 12401
2288 8482
2263 3540
11010 9356
3327 8328
14175 14358
8249 668
15771 15344
11949 10853
13747 15287
16114 12140
15434 14318
2947 1426
680 4971
6126 8017
15263 14177
2285 4731
3 3571
4845 4479
9316 12365
13217 11500
23201 23605
9223 15046
7238 3424
14476 13809
24770 22265
15365 13497
19747 18620
15760 13488
7687 7016
12342 11309
5153 7295
19550 19150
7429 2622
14512 10679
19268 18102
50
18195 19545
7696 5587
18259 18834
24392 22058
9953 14797
20030 18473
16670 15150
18875 19045
13338 15392
7299 4039
4766 1237
13959 16779
7020 3039
24190 21827
4060 3771
14015 15993
4430 5897
3584 8009
5596 837
9002 13565
15093 16121
1231 1763
8380 2081
6458 3066
3417 179
9938 11368
859 6384
2977 5298
24463 22446
1272 6233
10502 14076
21092 23452
5144 7966
16959 17713
11406 17650
7447 8650
2530 7575
5195 6448
14099 15501
2909 3199
14001 13011
2215 364
20254 19720
3862 358
11077 17717
15759 15146
7593 5138
4561 7356
621 3794
2475 2761
50
15443 12273
5275 1402
17312 15156
7393 2287
17113 10731
4129 7626
12415 17460
13441 15288
15196 9125
4580 1956
2560 1088
18124 18383
12463 11171
19798 20709
10974 17003
1062 1492
9582 10515
2281 1255
8720 1091
15064 17683
21370 24628
8753 3488
11429 11928
5556 3432
2921 7648
20264 20397
11274 16970
9429 11752
20813 21584
7 344
15540 9120
23216 24456
8267 7083
2599 3833
1878 4714
16700 15691
11294 12211
18018 18647
13499 16735
13160 13709
17038 12182
19255 20444
20267 19792
15946 9352
670 2861
15126 9968
3470 1091
9815 17163
6009 1361
11578 11958
50
3928 6109
10340 12564
978 2953
6792 4080
8887 6620
12186 16006
2987 5601
11124 16866
9929 12220
14979 12391
17648 14834
2884 6463
10597 9904
2980 4798
9062 14721
13139 14294
13831 9938
2238 5211
1697 4895
94 8221
1180 1375
5056 4111
11768 9304
20888 22030
23687 24099
1280 8630
8124 32
9962 12830
18333 18627
12101 12606
22195 21600
2117 3957
13086 13865
16491 9516
16134 9775
24143 24245
8915 10767
8075 6792
10526 10282
1332 7277
13882 8982
16835 15081
24899 21059
12011 12665
17075 16519
14926 13486
15118 13927
11348 11430
4936 4392
16054 13801
50
6185 5610
4340 8113
4991 1360
15146 13041
6703 4080
15233 9415
7771 3401
7069 4956
16175 13770
6455 6727
1239 2024
5357 508
18318 18531
2850 5766
7783 4744
2803 5632
4667 3176
10467 10641
12010 15968
14558 10690
2050 8824
699 1816
733 7951
7208 7260
4435 5920
16737 12870
16763 14255
8847 6739
4753 5322
12211 15691
47 2934
20505 19054
1535 2110
4845 4793
7323 5825
64 4317
23087 21910
16417 10085
17321 15861
1288 5472
1842 4491
12802 17458
14420 11933
15143 10624
15305 13529
6163 2639
16434 11026
7862 5719
11974 8999
10635 11308
