50
1047 5610
5728 1997
6204 813
5032 9485
4860 5445
7856 6835
5499 2170
878 6971
3870 963
6400 7352
6625 6241
6248 1768
6630 3576
4822 7446
6734 3576
5942 6542
4098 5019
6485 7039
6386 6464
1297 3502
7965 872
6918 3691
1768 6341
4245 6131
4024 7473
6623 1573
1001 4798
4101 3737
5354 415
2102 3928
1410 2679
6974 5610
4233 4784
1693 6876
4558 3827
8136 1420
5533 794
7174 3025
3277 8564
1225 7379
2129 4599
654 7761
7069 7129
3095 4518
7610 7614
4199 780
703 6908
5611 3765
7448 10395
8201 2835
50
7295 6899
2310 6174
4504 5580
4958 180
2077 4538
6712 3826
2817 6037
7714 7489
1202 7040
5870 9388
827 4094
4072 6124
634 5883
3652 5804
1528 6542
7158 8444
2262 7863
3342 4066
3110 1058
4910 8497
8277 5546
6665 6840
7780 5884
1746 2410
2074 6363
1613 8327
8074 4109
5640 7514
6124 4659
2830 3629
5848 8002
7071 10162
1650 4138
2659 2041
3939 10140
3583 2679
4504 7151
7323 4357
7070 6977
6363 7261
4161 437
6538 3298
3250 601
5821 7272
7626 4963
796 5389
7333 555
9621 8105
9537 9286
2046 2931
50
2903 5720
983 3293
4139 5820
5572 4841
6925 7304
7661 8996
4036 319
2396 8868
3216 1746
6506 6924
6551 6576
7379 7268
3268 1983
3966 2643
7172 8236
8754 1808
439 4247
3993 2941
2117 3270
3075 3024
2129 3982
2976 10319
8203 5464
3003 7315
1743 6958
4659 5769
8956 7325
3909 7686
3682 3115
4659 273
1576 7723
5249 7134
3362 2803
2806 2258
8583 808
7492 7075
5908 2783
6856 6825
2417 4083
2799 3043
1178 5464
1540 3825
6693 307
1872 7764
2825 6926
7033 6140
5211 8014
7156 1530
8336 386
3967 1426
50
5361 1200
7105 5032
2027 7904
5244 5403
2041 4855
6745 1454
7136 3435
3124 3987
1562 6384
4766 4050
5861 6193
6187 5576
7257 3534
7002 791
998 5945
4733 2937
7653 6725
5948 1178
2459 3001
4272 5579
5543 2165
7528 144
2184 1360
849 8061
1865 9835
8601 5865
593 3857
6371 4106
5546 1149
3881 7717
5443 3163
5957 3997
6544 623
2288 7214
4484 6681
5592 802
3804 4674
8372 4251
7085 5288
982 1713
4459 3284
7888 4484
1643 6299
3423 5164
3654 2673
6204 5700
4397 6484
1415 7677
3035 3774
906 2377
50
7271 7149
4611 5836
6890 996
882 8019
3021 4112
8748 1053
1319 3578
5437 2371
7085 2046
6776 5475
5926 6551
5311 7267
4059 5816
9340 9163
1544 7092
3679 7567
3228 6892
6738 4474
7695 1145
10038 3682
1823 750
937 2982
3676 5134
4491 2130
1272 4307
5196 5971
8262 6781
8502 6743
8263 2435
3963 6353
6795 7776
7009 3053
8410 488
2756 4737
7898 4532
3796 7132
2242 4433
7045 5421
5059 7847
5861 2003
662 5468
5250 311
2875 2614
971 3790
384 6969
118 4958
9342 5522
4320 6511
3885 6720
246 7996
50
4745 6336
5320 3596
3744 6175
3149 3344
7663 6282
4954 5924
6905 5419
123 3527
1881 530
1099 1339
851 7732
6069 4639
307 6834
123 4596
593 2211
1555 5310
5545 4579
5949 5762
1686 5201
3227 6288
3481 7801
8565 3808
6199 4596
2137 3699
6327 8034
5333 3827
3923 1500
7292 4292
4703 3414
6704 9910
9183 6319
4040 2883
9611 6672
6758 321
1379 7788
968 8745
93 8950
5542 7140
2434 8957
3909 3928
741 4679
1442 1634
9759 530
1086 3181
4775 9756
1328 6046
8075 4507
728 5172
3763 1443
6973 957
50
8020 3999
6810 3104
377 3426
6725 442
7327 3831
7686 1058
7761 3714
23 5288
5896 6554
5153 6795
4147 6413
3068 1695
165 5849
7626 1360
5099 968
3044 7350
825 232
2922 131
7852 1210
3838 3705
5313 623
6852 7580
5709 7293
5546 1776
4371 5127
1099 5828
1815 2978
2474 5186
9611 4912
9704 1675
2003 1395
5708 6904
8398 4806
8748 9759
7300 7343
7202 3857
2411 2433
8709 6274
6377 3364
6090 6345
4357 3987
5220 3039
7556 5294
5855 2570
4209 6556
2437 9856
7217 6620
3171 481
7613 5085
7084 45
50
3455 4156
3531 5186
2226 3817
5127 7190
1615 3124
3489 4809
5726 4381
4137 2112
6573 1676
4934 1733
9664 9756
9645 3790
3255 6387
9769 8215
4907 3339
1311 8308
4541 3207
7354 4780
1513 9269
6786 6723
79 4600
7497 2326
9611 3963
3727 7169
7271 7327
199 10612
866 10140
825 2708
1685 6254
9112 2964
6093 9805
4842 7847
2834 7311
7263 5440
2049 1049
4296 2471
558 3210
651 4838
3084 2326
6488 6781
6123 4632
5793 1570
4277 4654
10112 9311
2550 4588
6625 5963
5054 3626
1438 8200
3207 3599
675 9856
50
5136 9769
8020 6810
4005 1791
7180 7136
5481 4504
2437 232
3912 5264
5371 9621
2732 1720
1453 348
5354 8393
868 851
2570 5518
1824 8199
6962 9055
866 4567
1175 4935
634 6916
6925 813
5800 4190
5090 8184
6623 6251
5802 7293
5386 7821
7106 3693
186 5767
1711 7693
5082 2000
5196 5134
7934 5204
5386 5920
9940 5587
957 3785
9805 8018
8203 6640
7642 7045
5710 6852
9525 3643
4012 1121
4118 10612
2375 7446
3039 1178
4167 5348
4189 6827
430 3277
283 637
957 3268
1437 3228
651 1436
6655 2071
50
8199 5908
737 5834
5702 4921
2745 8999
727 8336
4632 5260
2357 1096
8525 3945
6864 5353
7626 4094
1556 685
6097 5018
4555 8180
994 4947
3243 1036
3043 6293
6439 3093
10184 17
6737 4188
3624 4700
5528 4080
456 1480
6662 2034
5914 1297
6525 6527
6814 2350
7191 6747
6296 1274
997 5743
3737 3271
2271 5769
7612 3060
7289 1650
6833 3693
6449 2939
7497 49
516 1713
744 5871
8371 2747
5943 1468
8372 6938
2835 6132
4432 7324
5767 3304
811 1664
6336 4271
8996 5375
7058 5006
4965 7698
5707 6938
