50
1240 1620
2072 295
86 563
161 217
1517 1981
30 642
886 1493
1066 1154
1504 1214
882 2324
83 1504
2345 1186
477 2436
2006 2582
1662 233
400 2571
126 1138
1310 1012
1716 1127
2084 1748
553 1653
2249 1245
904 2546
1550 359
1633 1370
1939 1192
2413 1333
1990 161
1499 2518
397 1020
903 1952
49 1257
1404 2020
525 1098
2111 2451
860 1811
453 202
1047 1182
401 1511
1407 612
1376 465
582 2535
2287 100
2088 1563
1845 1798
2522 814
1171 541
1164 817
2171 1653
1601 1141
50
2320 606
1972 1978
588 2209
2392 1384
981 588
1985 1745
114 1657
1537 124
1468 1894
793 2426
721 476
272 2046
1551 2478
993 876
1616 1813
673 1503
23 2561
1184 659
199 1430
1037 1477
1775 283
1971 1514
564 611
387 1720
2358 2163
154 173
353 552
1232 187
121 2347
2027 737
1584 2048
2066 2499
1509 336
1907 852
1211 1468
1311 944
1243 896
909 2157
2355 1680
1969 1652
1666 1837
2349 253
683 2020
448 2019
1035 2117
2184 654
2357 341
2031 2376
514 1040
1365 2011
50
2184 1698
2136 1185
2515 2589
2246 1324
799 1249
1932 522
1644 2292
1322 875
630 352
1227 1063
646 1145
1454 1190
1628 2507
1884 1603
1099 100
821 1034
1874 1779
604 353
185 2524
1824 617
1150 1004
2240 2079
2268 1920
2461 742
2231 629
1339 117
2536 865
1759 2565
1016 94
1271 1241
497 345
1062 716
2619 2205
174 990
1752 866
554 1562
1189 1785
1850 774
1618 2014
1924 518
1271 1928
490 1345
548 777
1678 1715
1651 740
1612 1529
1119 79
994 78
1055 1892
1852 1835
50
2297 809
2100 2346
236 1418
1403 1933
1463 2046
1305 642
2316 1490
289 2079
1643 2280
1286 2195
519 1363
1470 68
1174 1731
2294 1071
1383 91
825 1057
2433 2394
423 1623
2274 1802
1604 2384
1647 2145
1581 1271
1957 928
103 237
1214 29
850 725
1082 481
2272 2012
2332 246
1827 659
1460 1810
1307 2212
855 2521
2310 1775
1397 312
1787 1651
1564 572
1112 1777
788 1848
1212 1609
1560 2397
105 2405
1319 578
1537 2496
429 2461
2024 1516
2088 37
2341 1819
882 1147
2039 1988
50
1434 399
295 136
1451 1145
185 551
727 2510
2453 1838
1831 1187
1067 1832
1117 2001
124 1404
1509 1266
1608 1151
1701 1295
1371 869
2009 2290
1814 878
703 1374
2400 1327
660 1651
1686 960
521 2254
1977 1360
2218 2101
379 1643
875 881
1692 43
1431 2284
340 1904
1985 1062
1505 1678
547 211
600 380
2078 1401
725 1037
951 2244
1936 935
1977 2050
2521 2259
2154 655
2049 423
1523 2023
1027 2044
2043 706
168 783
1263 2300
1967 2085
2498 185
1896 2300
2075 2170
958 1928
50
514 1896
649 38
2227 1034
2343 1495
1359 2498
622 2004
2514 1898
896 2372
1010 325
1168 1984
1919 579
2010 30
1208 2426
169 1912
458 2433
995 1944
50 751
626 2024
887 702
1814 1444
1414 2568
1174 420
2422 1200
2299 1014
332 401
1975 192
1807 253
992 634
1794 1798
1039 257
1823 1809
1643 1017
711 2397
947 1212
1704 708
119 187
1625 683
1038 1802
1850 2029
1202 987
1132 2436
974 1452
2614 1630
1558 1951
739 500
2516 344
1048 567
1498 2394
1082 370
359 2590
50
2291 2037
1831 683
2402 2004
1679 1834
1364 462
1723 213
2528 829
2505 2026
1611 2060
107 1591
737 2470
193 503
1832 2431
483 388
1955 1626
164 386
391 1440
435 1715
1688 1959
2530 2416
1845 1368
364 973
872 1280
1090 1803
1427 190
1679 1039
82 903
1414 337
645 1505
1011 1601
1694 1570
487 1573
524 1201
167 1402
815 1813
572 460
813 2215
180 2055
2162 1870
1087 2513
2451 2309
1832 1281
2158 627
2406 1801
1936 1323
37 1157
2121 1605
279 2422
1409 573
80 133
50
1848 1187
1787 40
1701 679
2076 2010
1472 2116
2031 1200
1318 1048
288 2291
1475 125
371 92
1743 414
1588 254
534 843
711 12
128 1894
626 2610
1738 1348
587 947
477 2504
728 2335
2417 990
955 1891
1404 1677
717 1829
2077 159
1469 2436
1365 1297
2015 2356
2097 2145
2184 1816
736 159
2483 1312
960 2282
569 1120
1389 1678
2536 468
1902 166
2169 1903
1404 729
1400 1634
1011 635
1769 2249
664 1266
420 982
1588 1710
1932 1157
1826 1290
1719 1376
573 1903
2039 1506
50
837 273
500 874
2457 1577
1045 141
1269 1619
1459 422
2559 2047
2185 1977
2153 2061
764 433
498 2443
1302 434
166 1774
1437 2006
686 2324
556 162
2183 376
1339 2125
545 419
1603 2144
392 1581
16 898
498 23
1271 2346
500 756
2058 122
1875 1638
373 554
639 1753
626 1439
488 1884
67 2109
590 851
1853 615
957 1156
723 1162
1744 784
1302 414
1311 1892
1158 2458
1238 114
730 853
1642 694
2498 1144
1230 1551
1245 1449
1249 952
2128 174
1014 2370
772 2106
50
853 2314
2179 767
2344 629
973 1080
1950 1218
2589 2120
1045 565
855 1690
635 2225
1506 525
676 1429
2426 2039
806 107
1900 2470
265 1163
126 1409
197 301
1617 2059
470 1164
1532 2589
935 1793
2344 1242
395 1451
1929 806
2605 1246
1566 1606
688 1417
1403 548
1335 1539
1472 2483
2054 57
321 1418
1234 1256
930 384
1708 1729
837 2145
2213 1145
1121 2153
1550 1105
2448 2494
1063 81
1576 1121
276 873
2135 2476
662 1503
60 1587
1251 2127
1294 2511
1892 1515
833 1051
