50
23953 6632
98882 43501
72846 92891
74479 110079
102305 100376
23967 29550
15841 43602
7291 113146
83401 82000
26142 33837
10176 107959
101831 114397
49603 92435
73509 48838
30697 56025
37505 52114
87782 54173
64932 33096
12715 39831
81986 6276
16714 71895
36155 112962
26172 69291
42781 100353
36952 25834
65489 67803
5435 11676
22085 111925
52773 20434
43414 24626
2574 101323
88935 14628
2452 10815
70121 60512
79163 14259
41666 5031
66159 105486
52647 15168
92626 51272
47517 92991
26583 84270
54232 50778
87750 18988
29979 50548
38133 29260
60227 32241
8421 37774
37651 47205
28410 34094
10114 5497
50
26139 24628
62954 53
305 99469
98279 30932
72335 35824
53474 27431
24924 37019
54987 34955
100951 42138
83616 83105
74968 13145
27785 55671
921 107170
10783 23201
79906 96922
26365 23421
287 59118
8370 65810
7774 62760
65879 92356
65568 60631
33716 85546
33842 102118
73516 91660
103804 20403
72561 32914
8273 67685
65256 103428
10145 64934
6151 11998
22268 93875
64753 95294
93065 66641
23279 2692
14437 32378
6693 76081
6816 74107
16635 63735
78420 44884
20758 4382
9423 105071
52766 31731
54772 21153
15868 31750
69192 732
17966 95016
26065 13928
86195 60165
70167 9410
66780 15474
50
21133 27439
45639 17795
80968 63970
65193 38887
49335 39139
895 16637
44139 27614
39387 113205
41859 26080
70793 46563
96353 28999
48869 249
36385 9028
45854 37111
95152 53205
36395 57863
16715 11678
44872 6237
86060 98602
104635 10221
62991 25115
28307 28164
26749 59550
84641 96498
4225 29155
89495 28431
62822 85418
60193 46556
93029 16783
94925 72364
23994 27193
31455 34010
3293 2986
73729 37353
79478 1646
86599 8893
56868 66357
58106 97127
22402 7059
53571 42291
50655 47843
563 36491
4130 43533
4177 25388
63228 1683
15944 56416
22597 10540
1403 36373
41024 61005
46766 9952
50
40650 10866
15497 53654
73233 80764
30888 60128
16813 84776
74767 21775
91015 13514
85446 49306
8422 19795
29802 46578
25305 43459
12111 99942
114063 42440
27639 16097
61400 45308
25704 93706
42537 35571
56968 57169
86586 48831
107851 71892
41696 36300
69324 114128
59207 43656
47965 41608
7265 14822
67248 2719
78110 77279
50651 84373
91181 13271
27179 33036
2605 1802
61605 103895
88238 26426
99541 1218
31637 15338
29007 93697
106075 63518
32399 13737
17139 91162
72146 31989
45406 46773
58447 27424
8331 94727
99777 29113
64160 60094
85941 79579
68320 52277
88298 87134
60351 1941
27182 21732
50
1676 30684
19370 71
24488 22324
21654 18275
81756 83334
30191 19395
5470 38779
1121 28094
54379 77224
93025 16048
22222 106176
87932 45208
84614 95545
57626 33479
57084 55875
28272 58742
21502 34443
67656 82068
50747 19233
91421 69965
109865 37361
48257 57293
35338 59812
103274 51197
110623 106367
30039 51795
18141 27089
53603 17784
47338 104301
43066 32105
65231 5367
60477 99140
81238 59784
93730 100589
8576 51808
56800 3195
59296 56957
32367 65009
56541 4200
88449 76872
8753 36636
18 104318
56691 86572
91454 104149
35726 39997
45932 46695
27923 64801
50101 42788
41079 29504
15457 13992
50
58145 77769
72573 51044
6111 5065
38519 4745
112562 93506
45545 23051
15152 55697
3332 59352
52878 105203
32595 27038
63010 77228
49929 39871
47556 29143
65845 50589
71223 85344
21311 41017
74716 78131
76639 17414
35144 46762
35880 50656
19601 16104
31153 49869
44099 19524
83215 10672
10163 83156
104673 45041
57155 29502
58302 50069
24592 88771
43360 17551
64398 36934
39433 6953
7357 13602
73691 21462
107372 48451
28378 22707
59358 41303
2520 42637
14494 62796
45172 6960
95295 91934
62354 9214
52671 9546
73802 105469
47612 62723
102101 19147
22497 5364
96276 68232
47105 49866
37230 67040
50
8538 69114
73791 72300
20847 98510
29225 110100
5990 4875
15642 39666
54264 543
65610 90495
73451 63954
54163 28205
47129 64831
33856 59522
65069 59378
96338 91180
30382 70669
97940 22739
5675 83254
86319 100848
3605 94797
20549 41641
873 86340
59213 8607
54682 32661
113632 79106
77367 37962
64975 95141
10880 3909
9028 79108
26725 28474
112012 46830
74921 101088
53604 49793
16437 24302
26926 6588
67241 58751
75716 66938
108624 99410
19053 45387
29672 71701
94767 54658
24116 58815
113242 65751
33055 93451
8067 102079
60448 54869
61591 6525
96721 20320
71190 87211
105788 36203
37509 33498
50
13230 22663
70005 51068
35737 21467
46126 31513
5433 87847
112018 18165
59622 37648
28580 86562
74342 33178
316 18168
36944 30112
13643 35427
12836 70951
21740 59564
62358 56288
110469 47356
331 16958
29694 53421
56681 42427
93592 64129
98299 65050
44406 89164
61066 38053
84325 63437
101172 69801
44917 56907
93776 39776
71580 22467
50621 29248
91204 25010
53018 76583
25450 93585
340 70950
103371 67760
9043 18068
49377 19817
33083 83952
102993 13038
43171 63464
2966 32962
52807 33402
71686 34591
87998 30767
33298 93520
42506 24080
44774 1100
60737 32960
47993 19475
80075 51313
20833 37527
50
4013 78757
57867 94027
107348 91934
36201 31785
14619 38406
31451 67900
43318 15452
60005 56685
58332 81866
44367 110400
94123 36320
36816 56686
82613 72870
47167 5325
34850 87713
28769 8608
55615 74253
57172 31894
2495 10851
12505 21924
45741 51892
16597 41363
3687 23871
20659 52169
61008 24103
14688 44938
42633 38947
29626 39915
109431 55166
55685 19705
14527 30337
47085 107083
53037 12744
44076 7448
26867 6778
48936 114169
65474 56041
101000 64939
95400 12881
50782 111949
57349 38564
22820 52935
54696 50625
49409 19561
5591 59677
97894 11040
47419 43391
88381 32628
20781 22961
96284 4939
50
70217 64864
38011 105634
52658 59612
107516 32754
25301 15333
45702 72147
57584 45814
102925 86784
68886 816
22368 38509
18453 85648
18966 36626
54741 9881
9670 62737
83659 2887
32412 38240
15139 21765
28547 110617
17834 20354
15424 58739
11293 30305
54209 79535
103409 32132
54054 6348
73333 33515
64765 31124
92671 27646
43031 46506
49087 50029
63182 28877
103337 20867
12441 14660
60522 30857
54512 112116
105796 93477
64813 40767
2398 27140
4239 43732
16025 5353
93478 17591
46551 100484
99820 93519
77764 14444
100597 40034
61416 78413
79298 110772
108444 67610
52971 58679
19485 112893
59803 102580
