50
33217 7272
28800 4164
27450 44991
30655 5164
8471 12105
15947 16656
36552 11173
14180 5024
11905 1347
1472 8709
18496 6479
15001 2321
29999 22223
30065 45916
42492 41038
46311 27043
34084 38665
10547 25100
15795 24700
37847 40315
42664 6498
43503 150
30506 5914
45290 37449
37104 5370
50351 41607
3569 34756
3048 17927
37882 20004
51007 37754
42421 19611
41809 1478
36782 31610
28995 3717
9842 946
43367 23090
13598 38659
363 43723
23797 39424
31250 16279
2447 27434
19291 45721
26159 47657
15841 42284
10073 3353
44797 4464
1033 573
526 4939
20319 40350
21041 26826
50
12531 50538
8063 1275
19113 17419
2194 37924
267 13260
38740 38545
11716 50499
47752 8818
7702 28520
40536 6001
18952 21809
25546 35522
32327 28444
48101 47620
4930 33743
11651 17411
11698 9898
35574 39220
29533 28752
19989 14213
26468 23610
15191 43024
6740 29894
43410 18961
4001 6885
50310 30285
5669 37347
13351 18641
911 17057
13148 25811
35935 4564
3260 5313
12507 40882
17059 20537
28524 8848
41637 2671
769 18828
16241 17742
38239 33449
20528 19498
46463 3738
24190 27894
5392 23047
23059 42567
18113 17203
31632 26398
37773 18206
41846 42841
1488 43332
18121 22946
50
3421 37346
22186 21618
30558 26869
3765 13489
18736 35918
23136 21427
28751 14065
25233 15809
18982 40561
21139 31063
33993 48774
1155 23228
40855 23956
48196 42958
48999 25280
44084 33616
16729 20104
45197 41022
45128 8486
3589 32217
1709 5205
14170 32080
21700 19188
34522 14316
30952 20509
835 29667
1855 27502
24542 25226
32648 25139
8267 20632
44843 5324
42043 16773
20726 9832
19526 41357
12778 30981
44895 4560
14504 16057
41369 461
186 13184
12464 39917
7982 28546
19948 24547
5338 39875
22398 19281
29452 1648
15955 31931
43536 47835
5929 7603
45662 5485
5157 14190
50
47671 16852
13347 12438
940 6629
22636 24900
37516 50281
19833 10793
2813 39053
4155 6086
1201 1398
22159 19952
23151 24894
1926 12857
16466 24936
7046 7500
7725 29355
50277 45572
3595 4547
21396 30698
24897 3353
11076 17780
22498 45722
2018 21210
29444 7941
21295 4205
19586 32054
896 7383
10043 4930
21943 33375
8413 31119
4843 26438
41666 2219
8639 22147
25624 26104
41336 1926
6157 39107
15411 28790
12250 47387
43819 20485
20989 13213
18048 3874
20178 8383
29335 49496
18639 10584
26384 10986
4578 10369
810 46956
28775 7035
4176 5199
6556 30724
12148 32861
50
7993 34141
21252 12966
21390 28070
921 26691
8714 11300
1147 23952
9933 15490
29155 48281
26053 27350
42404 24544
4766 9984
42088 1796
34038 29610
4557 30791
45064 50837
50678 36233
36757 32279
2138 15321
3747 22694
11940 23429
5260 1300
35641 9859
24210 4874
17149 3155
18407 26826
11027 8894
19531 13046
33902 32031
21710 11938
37451 40748
35596 7257
32332 27966
37609 5087
15427 3882
8641 17600
909 13232
42459 24800
3598 50133
3257 1848
50067 38423
267 9350
39088 750
48848 32294
4909 21592
7744 25913
20629 38782
13590 16173
35926 5958
18332 50323
4489 5119
50
32747 50832
31561 18454
361 42291
4172 47204
42205 3887
36753 46613
42471 44463
46304 18936
30841 19881
23358 12250
7319 44153
46838 19367
8411 44707
34305 29648
25303 23826
43739 37039
7425 21939
35443 19007
50027 13657
4904 1645
22465 21151
46243 14751
47247 46324
9280 30170
2541 37133
6902 529
50821 2251
31520 44876
28914 4338
30301 5596
13596 31025
15848 11978
21601 2795
7415 4560
220 10749
6523 1962
29461 44888
1673 16980
33894 46502
49863 28076
11947 6577
14045 8063
9476 38039
7422 45629
22300 18168
36528 37270
8074 3390
45986 3927
9400 18992
37371 341
50
9282 33693
8876 3245
20730 19044
8377 15457
30741 46570
28820 11233
23695 17580
10066 9480
50833 19405
50122 15076
14558 17470
6814 10305
7042 39880
9670 49487
34042 35175
8077 2913
1762 13697
15759 20754
38058 2216
46572 15972
456 50246
7698 2552
4015 29625
3636 48220
19986 3754
8558 16854
18970 8511
7292 2960
15773 50535
39646 41091
22147 13184
32030 2890
82 42665
48782 515
5726 35743
41633 4246
45464 20741
5944 38280
18804 36054
1651 18387
30735 9035
2414 33142
11955 7680
7551 16060
13643 33509
349 20695
29647 1411
12013 10649
34921 33283
8439 1865
50
36231 8519
23040 41034
42945 43803
65 35102
21053 6097
16825 17550
447 21517
11311 4721
8813 26945
4805 33243
45719 50430
3595 40125
35701 41259
24704 6852
17911 10897
36468 15656
39160 47569
12778 11341
5813 24493
22002 37042
4418 44717
28247 35320
44204 16436
5302 24541
27990 29226
33129 23626
43742 4778
34790 32640
47507 33305
12537 28568
38831 17680
19556 27426
6140 10037
33288 23314
14680 4154
20188 16331
19617 45083
20847 3930
38848 18141
19414 1991
21184 5553
726 17718
21529 4702
43503 43068
36061 20458
43313 26600
11809 9287
110 39476
4128 21090
6845 34567
50
3542 38098
39110 8561
515 11340
7268 44084
6184 38299
37393 13516
10337 14639
10702 6685
33197 42560
37523 43126
45439 20109
40410 5975
47148 17366
34997 34868
854 6825
707 35405
6582 4022
21988 27964
45851 9380
29529 8051
31793 27427
8295 18405
31910 9091
11490 13994
32630 38815
1038 19630
10722 39513
23610 21814
29825 41282
34738 45511
24879 33323
40787 21809
13436 23769
12678 2931
23279 42152
3308 44068
3896 5465
5243 41400
16949 7521
35347 15375
29981 31565
45211 8018
35198 13951
49112 2696
36464 17479
13617 5318
1183 11604
6501 16368
6640 32015
10483 13079
50
18838 10989
45674 36939
27209 25269
17986 8635
15599 13006
46597 29254
37633 26225
6920 22501
17502 25805
6397 8295
23256 23071
20124 44272
7496 18609
46750 527
32418 15244
20255 26105
9887 9748
40771 34514
31615 11760
1523 42147
729 4826
6407 24226
32829 4362
16192 10556
9488 13485
34664 23248
19992 22654
37230 31526
37529 33055
30667 40411
33513 27314
50009 39284
11146 16802
24600 12682
32345 21444
5012 2930
8113 31579
37492 44766
11151 19220
41400 15843
31634 23459
4058 10894
2714 16507
32038 6431
13606 19874
20488 15660
301 41251
19411 13436
682 30236
29030 31016
