50
829 2251
314 546
280 1621
1627 738
2852 4271
890 511
1420 1878
1598 2256
4426 297
3125 3787
1313 1495
2233 2271
4391 2030
1625 2174
3015 2444
3766 3446
3843 743
82 956
2016 4613
2186 3322
2446 4751
4487 2272
4652 2968
2752 1255
4764 679
3434 3305
4069 4008
2881 2689
3053 2191
597 1179
3562 1798
3834 1689
104 3019
1387 703
3750 1383
1353 4506
3019 3860
1626 3988
457 3005
3535 459
4256 2835
10 3778
734 3220
2318 3968
1722 463
4647 1295
3555 3510
2759 4109
2452 331
842 1351
50
3396 4230
3649 2702
4103 1190
2789 3261
4008 3779
2204 797
4120 2247
3478 4048
4034 3436
1903 3958
2915 3814
1648 788
608 3565
1076 3831
51 815
1165 4580
2922 1250
1097 1625
1902 101
1074 2262
79 1158
4382 2568
4570 21
700 672
2307 939
3547 2551
2685 534
2636 2169
4079 2519
3169 153
1235 3058
699 3451
3849 3562
1693 2211
4712 1171
1878 2070
2982 4223
1182 1203
1112 3369
4706 381
1778 3296
1745 3411
4546 2324
1211 2150
3221 2687
2971 3860
2852 2843
3332 1573
4395 652
3772 463
50
52 1398
2822 661
3864 2832
1959 252
171 1720
1522 1512
4371 595
2862 1898
4714 528
2609 2954
2140 149
4025 968
595 4720
3211 3021
1205 2062
1259 135
3782 1386
3082 1572
3547 3886
3453 976
121 1549
1549 2815
103 4095
2888 702
4560 4258
2702 1046
3161 3914
4321 130
1387 963
178 4226
1037 1745
2261 3803
1937 2140
2641 1961
3509 44
1809 2194
4270 1781
3256 1605
1195 2896
1775 4743
3495 1803
275 853
1315 3959
142 967
3803 1537
4381 272
4737 4751
2767 3372
440 2210
4521 716
50
971 2152
4687 1622
980 3260
2271 2203
3918 863
1481 1428
2853 2636
1390 3096
4504 3389
451 3210
3457 3307
1075 3396
2854 2978
1152 2682
4665 2990
1446 1098
3468 1099
459 4269
1714 1097
1811 4222
2317 4043
1541 388
2648 4442
3759 2187
955 3190
66 4506
832 2057
21 188
1617 1977
1386 2646
2267 3997
7 4648
4114 2880
3263 650
1283 2226
543 4360
1418 1508
298 3379
1825 2885
2684 3184
1836 2652
1570 3885
4536 1689
1304 4681
2197 4247
4389 1387
3437 2923
405 1718
590 739
1743 4671
50
1857 2317
4106 534
155 707
1215 1179
979 2164
1428 534
3868 1951
3379 791
3986 303
4013 2894
2108 1320
2182 3351
2541 385
4 3454
584 3822
2032 1282
1434 1967
4631 402
2299 673
430 1214
2102 2549
4008 3914
1022 2998
2070 3892
2986 2936
3221 1264
314 3086
3394 2915
4714 4475
1615 3436
106 430
3449 4387
1220 1159
2939 3427
124 980
3968 2823
1 4525
3852 1603
4657 848
412 2825
4243 2230
3082 313
39 470
1411 2933
4641 4657
125 2621
2001 3427
1252 2878
1679 4069
2799 3602
50
1223 3239
126 4048
160 4103
1210 2326
3916 4296
3958 66
1800 3006
3892 1427
3057 4046
1629 4102
1033 4386
3313 4083
1845 4608
67 4354
1861 171
2273 1418
330 674
1125 2924
2210 818
3787 129
1971 1209
1246 4323
28 4262
4650 4072
4048 2225
1394 1631
2828 4079
1861 1967
4674 1372
3096 1243
1807 3102
930 1213
1290 4740
4223 3376
2922 2433
2743 3931
3389 3181
4081 1159
2908 2878
3426 2169
2244 1443
966 3839
1621 162
1561 739
2155 1722
2869 397
4 3145
3347 4749
3868 3422
2853 3102
50
1627 712
2195 524
170 980
1558 1259
1512 435
3229 4013
1766 2716
3136 4299
3396 1427
2976 4540
1311 13
1415 4065
3457 2581
4222 689
4699 3369
3860 1873
1716 3210
1832 4357
4099 2454
1132 1716
3518 40
1552 2237
4429 3246
4360 3831
1544 1831
4103 1491
3920 214
1452 2967
835 1061
1747 57
4751 4580
2878 4013
2759 2743
3296 3997
3026 4034
1157 322
2444 715
3429 4346
4328 1420
1166 1529
4733 1608
4384 3269
277 122
2054 951
3642 1609
3808 715
3615 805
2896 4006
3615 71
3269 1971
50
2312 926
2015 727
2291 1167
1255 2262
2349 4257
509 3314
2850 743
870 3967
1051 2981
2990 1108
318 2236
2189 1520
188 4764
3545 1301
663 308
3205 4064
2197 1389
1623 314
700 49
4631 599
4291 2511
3468 376
4354 1089
4051 4699
4259 267
3914 3420
3916 3962
4726 2133
3832 1596
34 1520
1230 1201
2015 930
2272 887
193 924
3956 850
2608 335
177 1174
2965 457
839 4069
1722 2133
642 2506
3557 2041
2815 297
291 2916
2065 1720
3376 3562
2058 3369
1036 2983
1807 4643
1678 2884
50
2452 4080
1601 3235
3214 3565
2933 2860
1828 864
1234 1619
1884 887
1723 1166
3069 1401
1621 316
3470 1307
4648 3178
61 4354
1410 930
2022 989
2513 3045
2291 341
3363 3212
3470 2689
316 2684
882 1558
2709 672
1254 3843
1774 21
1717 3321
4486 4357
2118 3373
2281 654
280 1042
4534 4584
4375 1174
4701 1140
124 129
67 1256
1543 4201
2364 2433
2299 402
1171 4387
1573 1591
3885 1691
3797 1923
2092 2908
3610 715
3045 2492
1594 1082
162 1310
2137 304
650 369
827 3920
4014 1790
50
3003 2782
1263 642
3220 4114
4751 1597
4703 4532
3667 1599
2236 3168
2996 2219
2231 514
1238 1572
1135 909
2092 3401
2187 1358
1046 2880
2153 652
1153 460
2986 2200
10 4108
1203 3396
2238 3277
3136 596
1301 2892
3584 1171
1952 137
546 1610
147 1241
3222 3483
2744 1422
1810 3022
1553 3825
1677 1609
1227 3017
3050 45
2500 1959
89 227
134 1434
3250 1564
1392 2892
3869 1866
3456 3806
2942 2028
4155 4699
2140 1036
184 166
4510 3473
830 100
3370 1372
187 2273
2957 1163
1051 3633
