50
11900 11031
13974 15524
12966 13871
12669 10946
3423 3632
6102 5557
3394 3978
11582 12971
12223 12689
5613 6293
1385 1321
13615 11256
2050 1122
4907 4956
12811 12944
12846 12185
6257 5238
5444 5461
12238 13258
12033 12024
4468 5236
5176 5168
12095 13333
13741 13252
6452 5056
1221 3751
12313 13767
4725 4463
11694 12635
1389 1877
13572 10787
1221 2943
2013 1329
13557 13572
4342 4324
1244 3910
14012 13553
4622 4712
1426 3960
1112 2029
10656 13743
12164 12320
1897 1990
13849 15880
13371 12190
12888 10929
12494 11110
3595 2886
4851 4361
5627 5677
50
12937 13651
13932 13571
12304 11434
12038 13823
13864 13490
14239 12581
4991 5122
2812 3212
12048 12967
12628 14614
5264 4907
5374 5424
4842 5407
2873 1361
13517 12334
1558 3711
4432 4904
12850 11692
1058 1065
1438 3679
12317 12471
5286 5155
3477 1972
1740 1436
3393 3667
4434 4447
6292 4719
15878 12118
1487 1439
4791 5516
4613 6484
3535 3971
3366 3699
13043 10705
3373 1933
4627 5016
13918 12230
6241 4411
13431 10947
2798 3721
1908 1110
4358 5650
10911 11631
1358 3291
10822 11165
10610 13425
3344 3905
1224 3857
12070 11724
12279 12596
50
3980 3625
5438 4345
1934 1921
5554 4539
13629 15396
5353 4342
1555 1271
10347 11582
5119 4733
15247 10730
12899 11658
5153 4281
3194 3855
5582 4726
5169 5314
3932 2783
11712 11181
12948 12577
5576 4294
3752 1272
12994 12328
5095 4552
1221 2845
3963 1519
13095 11900
1470 1413
12335 13959
4921 5259
13313 11694
11410 10604
12630 13734
3386 3583
13363 6602
15279 10927
1931 3569
12068 13712
3949 3608
13563 12736
12289 10631
15215 12847
12011 12432
1178 1918
3854 1932
1659 1686
12321 13496
6078 5508
1574 1727
12114 11834
10642 12717
14082 10670
50
1127 1307
4991 5258
1194 2052
13974 11156
11649 13043
12385 11991
1140 3705
11181 13312
1438 1424
1434 1593
1754 1449
1334 3970
10476 7906
2763 1036
6266 5712
12271 13365
11392 12828
12029 13638
14758 10791
11192 11801
1928 1724
12737 10619
12636 13762
10377 12571
10559 12326
1157 1253
10485 10538
6226 4461
13638 13000
3763 3680
13383 13568
3248 1509
14245 13541
1300 1593
5706 4929
1107 3910
3745 3354
12776 10474
1200 2071
1048 3960
5347 5373
12836 12701
11722 13562
4952 4657
10964 12373
3189 2758
3426 3723
10581 10927
12181 10515
13102 15879
50
6482 5413
5326 4341
5886 6108
1736 1296
1729 1125
13847 10352
13369 15942
13270 12547
5651 4804
13182 12077
12589 10843
3937 3715
5743 6178
5159 6479
3750 3386
5772 5487
1175 1311
13635 11671
11473 11993
10811 10924
12467 13864
2832 3405
1939 3614
10916 14666
2846 1685
12812 12969
5581 4877
5459 4328
1819 3783
15174 12863
12668 12045
2041 2839
1485 1664
3220 3221
3595 1407
5578 5650
13357 11443
3681 3783
4446 6209
1685 1284
1088 1415
2822 2068
12320 13877
1998 1603
12916 13270
5269 5513
5860 5120
3380 2946
5534 4552
1048 3501
50
12291 12629
13318 12541
1211 1270
13915 13011
11410 13011
1547 1647
12328 12700
11058 12150
13586 12047
5013 4514
3788 2876
10790 11662
5096 4398
2798 3755
3915 2851
1523 3930
12348 12313
10351 12140
5388 4790
15393 10573
3507 3740
12352 13096
5340 5609
12960 13447
11713 10613
6067 4639
2845 3520
2007 1301
4735 5643
12052 13789
10964 12628
12665 11734
5175 5604
3901 3826
12063 12153
3566 3981
2872 1297
15395 12977
3506 2944
10608 13189
3659 3683
12016 11713
12564 13457
2057 1526
3895 1222
3841 3692
12172 13389
11404 12126
13502 13380
4478 5437
50
3752 1732
10947 12108
1245 1263
10547 12537
4555 5541
13243 13646
13554 11652
11413 13176
1389 2036
6546 10761
13390 11991
1078 1428
13044 12205
5229 5116
11819 13391
13615 13285
6489 6225
11381 13891
3705 1443
4739 6181
12577 12184
3962 1185
12171 13231
1242 1341
1557 1726
1511 3693
12904 12843
10631 12724
3581 1789
12089 10629
10452 12153
4615 4729
2882 1400
1902 3540
15523 13563
5648 6457
1061 1531
2052 3383
2058 1149
1830 3817
3824 1508
12925 12906
11202 13885
1829 1441
11876 13636
12680 13809
4739 5414
5056 5311
1215 3488
3733 3503
50
3942 1565
6829 6818
3918 1142
12141 11615
5188 6198
5298 5699
13563 12107
9913 10077
3482 1960
11821 12957
13662 10308
13845 14792
13721 12063
5601 4644
15396 13874
4726 5585
1602 2042
3893 2877
1381 3893
5518 5576
13331 10489
2055 3501
1155 2860
12272 13982
1286 1421
2025 1246
1917 1037
1311 3226
5599 6098
12703 12088
1301 1404
4593 5194
12155 13346
13716 13856
5644 5077
3655 3424
1356 1570
11107 12192
13043 12419
2857 1421
1942 3629
4864 5013
5610 4974
5821 6489
6287 4293
11967 13425
5162 5868
1965 1517
4916 4622
15850 14009
50
10727 10581
3426 3927
6244 5302
14465 12710
4553 6117
10718 13189
4857 4670
13043 12428
1143 1454
5825 4796
12625 12512
13561 12594
5163 5741
12716 14246
1523 2043
13387 10937
2841 3767
12078 12593
12888 11110
5533 5153
13763 10823
5506 4815
6260 5288
1065 2841
10513 10305
13659 12857
11760 12614
3921 1234
4531 4803
5612 5272
4016 1227
13864 12727
13291 10785
2799 1598
2894 1056
3911 4017
6602 13557
5462 5329
12462 13758
5227 5277
12269 10352
3611 3614
1559 1142
6195 5900
15551 13617
12823 13468
1985 3884
1738 3703
2890 1654
13092 12034
50
13872 12190
5201 4891
6548 11579
3458 1726
5378 4631
11649 15569
14114 13229
13886 14768
3934 3657
3814 1967
6225 4888
3279 2208
6286 5514
6172 5135
12366 14465
5307 6472
10596 11708
4814 6259
4819 5451
11414 11651
1251 4006
5804 5694
13234 13050
13038 12840
5001 5494
12213 11977
3799 3927
5396 5712
10480 10775
4671 5386
1788 1040
1621 1463
3832 1062
6481 6054
13719 13160
1075 1583
13483 15247
5507 4678
6249 4342
13987 12736
6545 13542
1264 1497
12150 12267
10775 11635
4002 1486
12314 10351
3781 1916
3708 1685
13367 13345
1565 2847
