50
1550 10248
3015 6455
7523 5730
6673 4307
9851 5246
8471 5714
5297 5937
10269 8521
2094 11136
10228 9975
10588 3172
7373 4311
668 6194
5516 2651
3014 1690
8451 6745
10330 3247
4527 6787
7520 2049
1574 10203
8684 8689
611 7411
6680 3100
1537 2255
5192 5939
10264 8717
9018 6744
6962 5951
7390 2054
10770 10784
2690 5343
11303 10266
3223 551
7516 11338
10534 5934
7395 5980
5976 6181
4259 5466
3162 8913
10324 6826
2693 7410
5974 3245
5814 6835
3684 6676
6916 515
5470 8448
5967 5076
10335 5353
7513 1442
10548 6886
50
5302 5166
7411 5818
5067 10693
1580 3861
4537 3106
5559 8523
8585 8131
6763 2801
5711 4151
6888 7021
709 1514
3909 1494
11129 10209
4191 10344
8504 1472
2858 5905
3263 10261
5694 10640
10558 4112
8653 8786
10286 10689
7027 5738
10343 9407
3696 6446
1484 1615
7514 546
5844 5133
5067 7388
3093 3019
10265 10199
2221 10098
7374 4289
5305 1164
2326 2321
5941 9105
10332 5725
617 608
5930 5468
608 1750
5952 5209
3855 4698
8528 1927
3858 9018
5766 6097
1477 1656
661 5261
715 8524
10303 4897
7846 1694
5251 7377
50
8707 5749
7876 1509
5923 4789
8713 1497
3889 1978
3262 7019
9994 10581
9109 5947
10612 8518
5250 8713
8439 10329
7376 6917
4324 6447
2872 8871
4878 763
11136 8450
6666 5299
3680 10235
9945 3411
746 9822
5854 11326
1946 763
10287 5518
10610 7372
5198 3855
10421 10416
1733 11321
11323 8454
10030 6017
4525 777
2226 2270
10256 1751
3816 11322
10608 1690
4879 7386
4911 10274
10522 4284
5846 2874
9036 3860
7849 3027
2665 1676
1550 4219
3108 3419
1496 5315
3169 10514
3407 2677
11328 11332
7422 11338
4296 3252
4878 2856
50
6275 6197
537 764
6292 10608
6195 1590
10610 1576
10560 5946
2657 10335
7426 3373
10688 5229
10015 2778
3419 5285
3414 4522
9450 9881
3405 2656
1508 3106
768 7524
5569 7421
8456 9103
10239 5352
4930 3024
3621 5704
549 3369
10694 10228
3040 3048
2676 665
3337 11346
4882 1604
10339 7396
10335 3864
1613 3162
5257 8525
5284 5066
5922 1680
2055 4296
5874 8719
5081 3816
7881 4287
1694 2852
10676 7425
3677 4531
9053 7366
4511 1734
4278 10226
4191 10347
4900 3225
6294 5074
7523 8517
11258 11277
10711 10731
4690 10534
50
5198 4358
7372 10523
5295 10521
5310 6241
3102 10206
1477 10200
4058 9435
10067 9099
3333 5904
3175 7373
10318 10218
6849 3179
3674 3888
5350 5315
4888 10695
1551 2055
3245 6194
10295 5967
1477 10343
5310 2802
6028 4537
5243 8442
3231 3239
8718 540
4785 9004
5555 5252
10318 10246
3255 11321
5065 9412
3172 8520
5250 2802
5194 2937
10330 6745
6134 10334
9452 709
11192 11229
3107 10258
3179 11303
8816 8654
10015 5201
5195 2873
6028 11332
765 1611
3867 755
3167 3337
5979 2724
10697 10243
2617 8874
5249 8523
5140 5708
50
5952 4898
5933 4193
1602 5518
5079 5324
5197 10287
1977 4671
5572 9853
7366 3703
5879 4302
6292 9988
7414 4534
3240 4058
4120 612
3434 3251
6024 10604
5557 4301
5979 10296
7748 3011
4123 10638
2857 1
2654 6675
3681 3228
4396 7392
4111 5737
6040 3891
9113 3371
1595 8518
4188 755
7361 7936
8507 10223
5081 4698
11322 4685
609 750
4887 765
8493 10070
6198 5714
7849 612
763 10298
5294 8523
5070 10265
10255 6838
10305 10223
1880 1684
7412 5310
3917 1652
3244 2693
10612 2154
3709 4113
11136 3906
10211 5081
50
5835 8526
9989 10255
2651 3103
9411 549
666 3008
10551 3677
2528 4586
10241 5517
7374 1684
7851 11331
10510 5834
9411 9097
11125 6068
3255 7363
5314 4767
10228 4787
10069 5847
665 3266
10978 8911
10309 3241
2651 696
3700 10263
4115 3705
6449 11318
8065 8296
3865 10204
11319 5314
10547 10527
2680 4730
11136 537
5265 4302
9042 7365
4513 7414
7848 5521
7018 5227
5878 11350
1791 1779
9091 9089
1443 10329
6963 5931
8093 8282
4300 8530
9435 3709
539 2669
2690 5201
5311 7871
3376 11126
7397 5731
2584 10733
2846 9109
50
7545 7544
5954 5709
9605 7387
1924 1914
3907 7396
5072 3915
8495 1507
2370 9521
4530 2667
553 4058
9018 749
3583 5298
2158 1551
1615 9022
1492 2617
546 7429
9022 5167
4671 3221
5502 664
1602 696
1613 5230
9058 1442
1487 5471
6181 6027
10211 755
4283 3033
3247 10268
7024 3096
6787 5193
9604 5712
3012 9110
5259 6044
5735 761
10300 5561
2692 2668
3865 6834
2369 9519
2774 5233
10300 7397
8489 3245
4289 10275
5833 8470
7386 4802
5562 7853
3815 2050
5926 10638
540 2158
5316 782
5179 2621
10231 6915
50
2509 2498
5499 3002
5076 5702
5573 2689
7879 1611
5073 1679
5712 7018
10610 667
3165 8907
5850 4318
4741 9450
10524 4074
10525 1737
1685 1445
4879 5819
5740 3908
5943 5288
2864 2093
2154 5319
8441 11340
4813 4781
4802 5207
10308 5634
10263 1476
2674 8871
706 10312
1607 10257
5342 6199
8579 8076
5886 7846
9948 10550
4879 7517
5328 10676
8538 9017
8456 10514
10281 7759
4360 8695
9102 1447
5946 8523
712 9113
5074 9607
1679 2773
4115 4285
1736 2652
7964 7963
5254 1492
9097 540
4783 7386
3109 4520
8874 10694
50
9883 746
3892 610
5967 10517
5849 7746
761 5199
5278 2657
3334 3373
11321 4396
3234 5192
8123 8078
10261 5823
9033 6668
3436 10521
5513 8473
10299 6681
10015 3032
5901 4515
4115 9987
10346 3258
9442 9452
7362 540
3417 11350
1895 1889
3903 11354
4123 11325
4189 5245
5199 1507
5637 5935
1599 2653
5325 4107
1729 7029
3100 9409
4116 11318
11345 9013
618 4497
9053 2773
7028 9985
6682 10697
3099 3378
5941 5106
4896 3239
10607 10244
10234 3711
132 143
4152 2936
7370 3107
9111 10602
5134 10199
10330 11115
7017 3166
