50
1246 4780
690 4402
62 3099
4485 5667
4031 1099
4542 1549
6255 6967
4307 6980
3037 7110
4621 7738
5930 7257
4633 3371
461 7316
4795 975
6443 5036
4056 338
4220 3466
1234 2105
6307 2386
218 1311
5454 7492
2231 2777
5361 6496
2746 1278
2294 1912
429 1419
2580 719
7379 4256
1152 2860
5391 5111
1142 964
4375 1840
2815 6948
2866 5273
1432 6759
988 1963
7168 6933
6070 1131
4780 2129
5650 5671
7687 1473
6047 8094
57 3106
7230 5757
6496 3854
86 5740
1480 4575
1737 311
8171 4631
1100 7779
50
701 7651
6567 2674
1628 21
5037 7529
6217 3650
7945 6105
5646 2384
4879 1880
5512 3802
4194 1446
7701 7426
3136 7063
1858 2595
5434 3237
2324 1138
6869 3276
7683 422
5391 30
3007 5750
2390 3812
2917 205
12 3946
6133 1184
4482 6059
3266 5090
5119 1880
4222 572
457 1525
4557 2913
4066 3282
3924 970
7139 3201
6198 3101
1606 68
7907 7107
3530 156
7168 3792
3928 6974
3379 4856
4604 122
7779 971
2978 4409
4713 2619
941 7842
7498 1005
1644 2373
5099 5515
6320 4531
8121 2583
5832 1395
50
6709 3804
1059 1151
2338 7649
1043 461
1827 868
714 6920
4882 4344
21 7903
2234 4163
5327 7417
7534 617
8294 4224
4639 169
7662 1009
1813 2214
2752 348
1922 402
2902 813
405 1814
6777 3126
2697 5032
1908 5977
2999 3965
4875 6149
3444 1691
966 3720
1132 1441
7024 6312
4433 1472
971 929
8285 4756
6676 3525
3191 1482
922 6634
5935 7096
7673 8141
116 351
1555 1884
1187 3761
3321 4290
4527 789
1701 2904
1310 6097
7586 6334
4718 5204
2605 9
2629 6220
3979 4889
227 7924
4850 2018
50
344 7295
328 4849
4014 6918
1105 1012
6055 1940
145 1003
7176 365
39 3408
3717 2958
3609 3435
7873 2038
5783 2967
688 6532
1696 724
1123 7165
2314 324
1451 6179
7684 2793
2549 636
2333 5671
8037 7609
2694 2564
4088 7967
2630 2182
4904 4373
1831 1807
699 7362
5662 4891
4434 7225
3017 2079
7933 2507
7298 6984
5812 1061
4045 6388
3538 7919
915 7289
4007 5126
2113 3982
1754 7484
1539 813
5341 3160
2711 4681
4342 50
4605 1235
3942 8291
1242 4222
604 7253
6783 798
3849 6760
2935 4355
50
1678 6774
4187 2112
3607 2480
2683 6760
7225 311
4796 1333
3200 7492
2550 1093
5215 1427
6657 6001
5868 1819
6394 7716
2053 1100
8005 6408
6495 2157
1064 2683
2085 3471
1539 3722
2555 6488
1864 5366
6164 7116
7046 2948
7011 3616
2458 403
2958 2995
1869 3854
7778 4194
2825 5991
2084 130
625 6590
6560 7533
145 7561
2908 5532
4632 3059
3535 1098
7270 4651
5886 903
971 8291
2541 395
4793 6858
3961 1372
5233 1524
3147 5627
5543 3188
2840 1827
6328 7992
6503 4068
1831 4234
3544 2319
1050 4942
50
2407 3636
1972 1186
5132 3902
1123 41
6917 987
2688 7518
5198 3464
2410 7753
5141 4191
7597 350
1202 7738
4974 1006
96 2333
4231 256
5692 3094
1571 7873
5816 8246
1484 5282
1991 5637
5521 710
1605 4471
3192 3775
5032 5770
7175 1061
5743 1250
3296 3107
3933 4709
4862 1159
4062 3792
2817 1621
4343 7502
5788 1393
2654 6502
1280 513
6813 3491
1277 6469
8162 3496
2561 2233
810 2354
277 5981
5162 1935
7238 1032
2067 2151
5500 3103
938 2955
4994 7180
2318 5707
3017 4471
7239 7890
3764 5666
50
3634 4735
3127 2079
7624 4967
801 349
1821 432
4946 5312
664 4922
1497 4314
5200 2762
4710 6474
1160 6406
4881 4894
2294 4664
3809 12
2701 2785
1416 2575
4903 4964
208 2111
6832 4147
7665 3794
6045 7857
4071 615
4345 3525
3265 7201
5193 7885
5605 7144
803 7293
4977 7471
4398 870
6484 2702
2919 4299
6196 5793
6625 5469
8077 1097
5210 6563
1341 4417
8112 6758
2546 7546
4933 772
6148 820
6979 1277
6179 4068
2206 640
6298 722
2948 4040
1259 1352
4254 5697
3103 7233
326 1207
172 3670
50
5914 3070
5150 7061
2095 1243
2102 5549
4082 1014
4134 3268
5920 4323
1947 4437
6070 3942
405 5828
6064 5381
457 1183
1674 479
7724 7276
679 8145
2276 8186
1463 3023
3863 1966
1061 4335
7767 3539
7116 1879
1935 7965
3598 378
5427 3409
145 6161
6875 3537
1476 7608
6930 5424
2369 6474
3202 2102
4441 3292
1599 4295
1675 4496
6935 2643
7724 5671
1670 1542
1067 4485
140 6883
169 8150
5806 4743
150 653
5961 6739
3237 6759
2685 4673
120 3216
4741 402
2502 5316
7365 1927
128 970
7323 2414
50
3392 8226
1681 5559
2818 6520
4713 877
6895 6737
3118 2282
2197 690
6108 343
100 7038
779 5958
378 1191
5559 1029
7035 1442
359 7845
2415 5181
5360 341
1876 1435
6739 2967
2319 386
3402 7770
3243 2567
6715 4384
2552 1885
1221 3978
3350 357
8077 1504
250 7557
3402 3136
1771 1864
3055 7686
5714 5693
1861 6502
4314 7747
1232 1082
2152 235
1377 39
7070 4298
7130 4932
7961 2659
5739 4818
1044 8122
1564 1349
3563 1232
5154 7695
7276 7237
763 5994
2044 27
1299 2699
2576 29
179 6094
50
2860 5821
3197 8066
4066 3863
6270 6110
6176 20
3989 1587
5784 920
1892 1486
730 5243
897 3285
1465 2563
1639 877
3839 3776
7171 742
6875 8097
2563 147
7096 2232
3193 392
5848 1585
948 1377
3297 2789
4316 6217
5404 4250
1837 2510
943 1242
6252 1384
6866 7810
6813 3492
3080 6649
6218 4624
4235 7317
805 2240
4424 7277
5200 204
1154 6464
5818 2029
398 1179
641 377
4943 7632
7502 5880
219 7150
8284 1831
5454 7594
4626 1484
6632 6311
4440 173
1360 7455
6344 2170
5118 7860
6555 636
